0.0031474095001609113
0.00314786615253769
0.0032108032955184265
0.0031752739833834217
0.0031499374782105643
0.003190457535315853
0.0032129080156225185
0.0032348334063557233
0.003228997936581009
0.003200539414324314
0.003214547062806018
0.0032630370467582387
0.0032635419984990417
0.003323749700259641
0.0033511188056130846
0.0032814584327318904
0.0033778653479921155
0.003391742850808572
0.0033861401535380227
0.003466911122754758
0.0034598661297321983
0.0034935565225513027
0.0035046762763900575
0.003586277533654156
0.0036365560966437776
0.003651530681254329
0.0037208485801937356
0.003716574610359678
0.003783382531488663
0.003855084353966644
0.003961061052558135
0.004014565117658832
0.0040852454037678945
0.004166380360873019
0.004306860662057447
0.0044053998743387056
0.0045517671354140775
0.0047037028818061166
0.004808433350630163
0.005025295012217819
0.005194880887584242
0.005415735197495452
0.005559215835643506
0.005809014023006557
0.00607513910659106
0.0063057381085649565
0.006615787027675564
0.006933686913737968
0.007325318133056467
0.007616469618013498
