0.018618352699995292
0.012321989838881433
0.010613578669414337
0.009721934001620776
0.009062871580171708
0.00847239364622725
0.00802221664594204
0.007602759828728409
0.0072820435113131856
0.006986492331058447
0.006731580750211487
0.006554501807514692
0.006268431472235241
0.006102005714861573
0.0059156219666378455
0.005751773128914412
0.005575478255879165
0.0053840483582367
0.005241787874329391
0.0051256030834319
0.004941123116563599
0.004857459783483366
0.00484618557667601
0.004714304020897781
0.004577800559380777
0.004466219171488125
0.004375205796646466
0.004320942993165171
0.004246936129422465
0.004185943280671147
0.004108557591190482
0.004045421929046595
0.004028350443015987
0.003913890584491898
0.0038582468880031945
0.0038148932307979075
0.0037819513109126172
0.003731885698065259
0.0036776021864026957
0.003652564439852065
0.003608446508363222
0.003608980064946437
0.0035103782307471915
0.003480636015318522
0.0034579956784386565
0.003431611522571133
0.0034859258083302985
0.0033685253732999142
0.0033533470512512086
0.0033760847473351804
