A	0.0007860210018796508	0.0	0.0	0.0	0.002004377418430533	0.0	0.0	0.0	0.0006499866038102163	0.0005778463720647567	0.0007283445140699659	0.001045354412446589	0.0005957651114783703	0.0	0.0	0.0	0.0	0.0009629986337745562	0.0	0.0	0.0	0.0	0.0	0.0003941126144512426	0.0	0.0003913746723165082	0.00035461621733329647	0.0	0.0	0.0003550001550987151	0.00030016262169699925	0.0	0.0	0.0	0.0	0.00028763630099457705	0.0002725028130720569	0.0	0.0003325064020056337	0.0	0.0	0.0	0.0	0.0005032808625192942	0.0002098759742929836	9.515065855033709e-05	0.00019096427062023294	0.0005789944094978331	0.0	0.0
C	0.0007860210018796508	0.000910410886287673	0.0	0.0	0.0	0.0	0.000620406470522624	0.0	0.0	0.0	0.00036417225703498293	0.0	0.0	0.0	0.0006241776608254269	0.0	0.0	0.0003209995445915188	0.0	0.0	0.00038904467376608975	0.0	0.0	0.0	0.0	0.0	0.0	0.0	0.0	0.0	0.00030016262169699925	0.0	0.0	0.0	0.0	0.0	0.0	0.0	0.0	0.00033476042396589047	0.00025677529846192157	0.0	0.00031472188167349995	0.0	0.0	0.0	0.00019096427062023294	0.00028949720474891655	0.0	0.0
D	0.0	0.000910410886287673	0.000836796547024362	0.0007128058946048108	0.0	0.0006816979640015035	0.001240812941045248	0.0	0.0	0.0	0.00036417225703498293	0.0	0.0	0.0	0.0	0.0006454219478845693	0.0005266945843876652	0.0003209995445915188	0.0	0.0005754760390701167	0.0	0.0	0.00016566245804825572	0.0	0.0	0.0	0.0	0.0003019600296849117	0.0	0.0003550001550987151	0.00030016262169699925	0.0	0.0003179898816123994	0.0	0.0003302919825152276	0.0	0.0	0.00024113408314936028	0.0	0.00033476042396589047	0.0	0.00021873261037492526	0.00031472188167349995	0.0002516404312596471	0.0	9.515065855033709e-05	0.0	0.0	0.00040645088966818617	0.0
E	0.0	0.0	0.0	0.0	0.0	0.0006816979640015035	0.0	0.0	0.0006499866038102163	0.0017335391161942702	0.0	0.0	0.0005957651114783703	0.0013771940856132157	0.0	0.0012908438957691386	0.0015800837531629952	0.0	0.0	0.0005754760390701167	0.00038904467376608975	0.0	0.0004969873741447671	0.0011823378433537277	0.0007961549130286369	0.0	0.0	0.0	0.0	0.0003550001550987151	0.00030016262169699925	0.00042999050862480844	0.0	0.00039518928794933164	0.0	0.0	0.0005450056261441138	0.00024113408314936028	0.0006650128040112674	0.0	0.0	0.0	0.0	0.0	0.0	0.0	0.0	0.0005789944094978331	0.0	0.0
F	0.0	0.000910410886287673	0.000836796547024362	0.0014256117892096215	0.0	0.0	0.0	0.0	0.0	0.0	0.0	0.0	0.0	0.0013771940856132157	0.0	0.0	0.0005266945843876652	0.0	0.0006906556484901029	0.0	0.00038904467376608975	0.000622107508495861	0.0	0.0003941126144512426	0.0	0.0	0.0	0.0	0.0003002674076439343	0.0	0.0	0.0	0.0	0.0	0.0	0.00028763630099457705	0.0	0.0	0.0	0.00033476042396589047	0.0	0.00043746522074985053	0.0	0.0	0.0002098759742929836	9.515065855033709e-05	0.0	0.00028949720474891655	0.0	0.0
G	0.0	0.0	0.000836796547024362	0.0007128058946048108	0.0	0.0006816979640015035	0.001240812941045248	0.0005225334983284763	0.0006499866038102163	0.0	0.0	0.0005226772062232944	0.0	0.0	0.0012483553216508538	0.0	0.0	0.0003209995445915188	0.0003453278242450514	0.0005754760390701167	0.00038904467376608975	0.0	0.0	0.0003941126144512426	0.00039807745651431847	0.0	0.00035461621733329647	0.0	0.0	0.0	0.00030016262169699925	0.00042999050862480844	0.0	0.00039518928794933164	0.0003302919825152276	0.00028763630099457705	0.0	0.0	0.0	0.00033476042396589047	0.00025677529846192157	0.00021873261037492526	0.0006294437633469999	0.0002516404312596471	0.0006296279228789508	9.515065855033709e-05	0.00019096427062023294	0.0	0.0	0.0
H	0.0007860210018796508	0.001820821772575346	0.000836796547024362	0.0	0.0	0.0	0.0	0.0	0.0	0.0	0.0	0.0	0.0	0.0	0.0	0.0	0.0	0.0	0.0003453278242450514	0.0005754760390701167	0.0	0.0003110537542479305	0.0	0.0	0.00039807745651431847	0.0	0.0	0.0	0.0003002674076439343	0.0	0.0	0.0	0.0	0.0	0.0	0.0	0.0	0.0	0.0	0.0	0.0	0.00021873261037492526	0.00031472188167349995	0.0	0.0	0.0	0.0	0.0	0.0	0.00025209853026600095
I	0.0	0.0	0.000836796547024362	0.0	0.0	0.0	0.0	0.0	0.0	0.0011556927441295135	0.00036417225703498293	0.0	0.0	0.0013771940856132157	0.0012483553216508538	0.0	0.0010533891687753304	0.0	0.0003453278242450514	0.0	0.0	0.0003110537542479305	0.0	0.0	0.0	0.0	0.0	0.0003019600296849117	0.0003002674076439343	0.0	0.0	0.00042999050862480844	0.0	0.0	0.0	0.0	0.0	0.00024113408314936028	0.0003325064020056337	0.0	0.00025677529846192157	0.0	0.0	0.0	0.0	9.515065855033709e-05	0.00019096427062023294	0.0	0.00040645088966818617	0.0
K	0.0	0.0	0.0	0.0	0.0006681258061435111	0.0	0.001240812941045248	0.0	0.0012999732076204326	0.0005778463720647567	0.00036417225703498293	0.0	0.0005957651114783703	0.0006885970428066079	0.0012483553216508538	0.0006454219478845693	0.0005266945843876652	0.0	0.0	0.0005754760390701167	0.00038904467376608975	0.0	0.00016566245804825572	0.0	0.0	0.0003913746723165082	0.00035461621733329647	0.0012078401187396468	0.0003002674076439343	0.0010650004652961451	0.00030016262169699925	0.0	0.0003179898816123994	0.0007903785758986633	0.0003302919825152276	0.0	0.0	0.00048226816629872056	0.0003325064020056337	0.0	0.00025677529846192157	0.0	0.00031472188167349995	0.0005032808625192942	0.0	0.00019030131710067418	0.0	0.0	0.0008129017793363723	0.0
L	0.0007860210018796508	0.0	0.0	0.0	0.0006681258061435111	0.0006816979640015035	0.001240812941045248	0.0005225334983284763	0.0	0.0	0.0010925167711049487	0.001045354412446589	0.0011915302229567406	0.0	0.0012483553216508538	0.0012908438957691386	0.0	0.0	0.0	0.0	0.00038904467376608975	0.0003110537542479305	0.0	0.0	0.00039807745651431847	0.0003913746723165082	0.0007092324346665929	0.0	0.0003002674076439343	0.0	0.00030016262169699925	0.00021499525431240422	0.0	0.00039518928794933164	0.0009908759475456828	0.00028763630099457705	0.0	0.00048226816629872056	0.0003325064020056337	0.0	0.0	0.00043746522074985053	0.0	0.0005032808625192942	0.0006296279228789508	9.515065855033709e-05	0.00019096427062023294	0.00028949720474891655	0.00040645088966818617	0.0007562955907980028
M	0.0015720420037593015	0.0	0.0	0.0014256117892096215	0.0	0.0	0.0	0.0	0.0	0.0	0.00036417225703498293	0.0	0.0	0.0006885970428066079	0.0	0.0	0.0	0.0	0.0	0.0	0.0	0.0003110537542479305	0.00016566245804825572	0.0	0.0	0.0	0.0	0.0	0.0	0.0	0.00030016262169699925	0.0	0.0	0.0007903785758986633	0.0	0.0005752726019891541	0.0	0.0	0.0	0.00033476042396589047	0.0	0.00021873261037492526	0.0	0.0	0.0	0.0	0.00019096427062023294	0.0	0.00040645088966818617	0.0
N	0.0	0.000910410886287673	0.0	0.0	0.0	0.0006816979640015035	0.000620406470522624	0.0	0.0	0.0	0.0	0.0005226772062232944	0.0	0.0	0.0	0.0006454219478845693	0.0	0.0	0.0	0.0	0.0	0.0003110537542479305	0.0	0.0	0.0	0.0	0.0	0.0	0.0	0.0	0.0	0.0	0.0006359797632247988	0.0	0.0	0.00028763630099457705	0.0	0.0	0.0	0.00033476042396589047	0.0005135505969238431	0.00021873261037492526	0.00031472188167349995	0.0002516404312596471	0.0002098759742929836	0.0	0.0	0.00028949720474891655	0.0	0.0
P	0.0	0.0	0.0	0.0007128058946048108	0.0006681258061435111	0.0	0.0	0.0005225334983284763	0.0	0.0005778463720647567	0.0	0.0005226772062232944	0.0005957651114783703	0.0006885970428066079	0.0	0.0006454219478845693	0.0	0.0	0.0	0.0	0.0	0.0	0.0	0.0	0.0	0.0007827493446330164	0.0	0.0	0.0003002674076439343	0.0	0.0	0.0	0.0006359797632247988	0.0007903785758986633	0.0	0.00028763630099457705	0.0	0.00048226816629872056	0.0	0.0	0.0	0.0	0.00031472188167349995	0.0	0.0	0.0	0.0	0.0	0.00040645088966818617	0.0
Q	0.0	0.000910410886287673	0.0	0.0007128058946048108	0.0013362516122870222	0.001363395928003007	0.000620406470522624	0.0	0.0006499866038102163	0.0005778463720647567	0.0	0.0	0.0	0.0	0.0006241776608254269	0.0006454219478845693	0.0	0.0	0.0003453278242450514	0.0005754760390701167	0.00038904467376608975	0.000622107508495861	0.00016566245804825572	0.0003941126144512426	0.00039807745651431847	0.0	0.0	0.0003019600296849117	0.0003002674076439343	0.0	0.00030016262169699925	0.00021499525431240422	0.0	0.0	0.0003302919825152276	0.0	0.0008175084392161706	0.0	0.0	0.0	0.00025677529846192157	0.0	0.0	0.0	0.0	0.0	0.00019096427062023294	0.0	0.00040645088966818617	0.00025209853026600095
R	0.0	0.000910410886287673	0.0	0.0007128058946048108	0.0006681258061435111	0.0006816979640015035	0.0	0.0005225334983284763	0.0012999732076204326	0.0	0.00036417225703498293	0.0	0.0011915302229567406	0.0013771940856132157	0.0	0.0	0.0005266945843876652	0.0	0.0	0.0	0.00038904467376608975	0.0	0.0	0.0007882252289024852	0.0	0.0003913746723165082	0.0007092324346665929	0.0	0.0003002674076439343	0.0003550001550987151	0.0	0.0	0.0	0.0	0.0003302919825152276	0.0005752726019891541	0.0002725028130720569	0.0	0.0	0.00033476042396589047	0.00025677529846192157	0.0	0.00031472188167349995	0.0	0.0004197519485859672	0.0	0.0003819285412404659	0.00028949720474891655	0.00040645088966818617	0.00025209853026600095
S	0.0	0.0	0.0025103896410730857	0.0007128058946048108	0.0	0.0006816979640015035	0.0	0.0015676004949854287	0.0	0.0005778463720647567	0.0	0.0	0.0005957651114783703	0.0	0.0	0.0006454219478845693	0.0	0.0	0.0013813112969802057	0.0005754760390701167	0.0007780893475321795	0.0003110537542479305	0.00033132491609651145	0.0	0.00039807745651431847	0.0011741240169495244	0.0010638486519998892	0.0006039200593698234	0.0003002674076439343	0.0	0.0	0.00021499525431240422	0.0003179898816123994	0.0	0.0003302919825152276	0.0	0.0	0.0	0.0006650128040112674	0.00033476042396589047	0.0005135505969238431	0.0	0.00031472188167349995	0.0002516404312596471	0.0	9.515065855033709e-05	0.0	0.00028949720474891655	0.0	0.0005041970605320019
T	0.0	0.000910410886287673	0.0	0.0007128058946048108	0.0	0.0006816979640015035	0.0	0.0	0.0006499866038102163	0.0	0.0	0.001045354412446589	0.0011915302229567406	0.0	0.0	0.0006454219478845693	0.0	0.0003209995445915188	0.0	0.0005754760390701167	0.0	0.0003110537542479305	0.00016566245804825572	0.0003941126144512426	0.0007961549130286369	0.0	0.0	0.0	0.0	0.0003550001550987151	0.0006003252433939985	0.0	0.0009539696448371982	0.00039518928794933164	0.0003302919825152276	0.0	0.0005450056261441138	0.0	0.0003325064020056337	0.00033476042396589047	0.0	0.0	0.0	0.0	0.0	9.515065855033709e-05	0.00019096427062023294	0.00028949720474891655	0.0	0.00025209853026600095
V	0.0015720420037593015	0.000910410886287673	0.000836796547024362	0.0	0.0013362516122870222	0.0006816979640015035	0.0	0.002090133993313905	0.0006499866038102163	0.0	0.0	0.001045354412446589	0.0	0.0	0.0006241776608254269	0.0	0.0005266945843876652	0.0012839981783660751	0.0003453278242450514	0.0005754760390701167	0.0	0.0	0.0	0.0003941126144512426	0.00039807745651431847	0.0007827493446330164	0.00035461621733329647	0.0	0.0006005348152878686	0.0007100003101974302	0.0	0.00021499525431240422	0.0003179898816123994	0.0	0.0	0.00028763630099457705	0.0005450056261441138	0.00048226816629872056	0.0003325064020056337	0.00033476042396589047	0.0	0.0	0.00031472188167349995	0.0002516404312596471	0.0	9.515065855033709e-05	0.0	0.0	0.00040645088966818617	0.0
W	0.0	0.0	0.0	0.0	0.0	0.0	0.0	0.0	0.0006499866038102163	0.0	0.0	0.0	0.0	0.0	0.0	0.0	0.0005266945843876652	0.0	0.0	0.0	0.0	0.0	0.00016566245804825572	0.0	0.0	0.0	0.0	0.0003019600296849117	0.0	0.0003550001550987151	0.0	0.00021499525431240422	0.0	0.00039518928794933164	0.0	0.0	0.0	0.0	0.0	0.00033476042396589047	0.0	0.00021873261037492526	0.0	0.0	0.0	0.0	0.00019096427062023294	0.0	0.00040645088966818617	0.0
Y	0.002358063005638952	0.000910410886287673	0.001673593094048724	0.0	0.0	0.0	0.0	0.0	0.0	0.0005778463720647567	0.0	0.0	0.0	0.0	0.0	0.0	0.0	0.0	0.0	0.0011509520781402334	0.00038904467376608975	0.0	0.0	0.0	0.00039807745651431847	0.0	0.0	0.0003019600296849117	0.0	0.0	0.0	0.0	0.0	0.0	0.0003302919825152276	0.0	0.0	0.0	0.0003325064020056337	0.0	0.00025677529846192157	0.00021873261037492526	0.0	0.0	0.0	0.0	0.0	0.0	0.0	0.0005041970605320019
