0.8810686479735911
1.4203144510276366
0.9917983006566888
0.6615514087336377
0.332278736099962
0.7236064707547554
0.8615387463309603
1.0702067969270261
0.7451409884367434
0.8825163253543126
1.1455314206569471
1.120909866989004
0.8127595464874916
0.9018521892784128
0.9441620827171767
1.1071942193224036
1.2869317511506662
1.0312953698428278
0.6984199383966493
0.95237193044725
1.1286568785215172
0.9454381123541057
0.9477509660194222
1.0876956270285225
1.1838457268553726
1.1991825905056708
1.1651209839713346
0.4903135896831782
0.9043736043737897
1.1100902129479098
1.5981163495783752
0.946206115822277
0.8643287346336666
1.3905692535115357
1.6484492960909176
1.5585314534268797
1.6640938003924541
1.3932462128104717
1.1957011461337512
0.7971462008987381
1.223571864352828
1.3201998216638957
1.0339351181078753
1.1748071443313093
1.2343219591270014
1.1655073111260523
1.1851749168847991
1.3275422054362234
1.3671105564647843
1.135201931381332
