0.7977809945380878
0.9467350109064644
0.797556680241816
0.7784907003248451
0.9960813607829894
1.2803412221806056
0.7426045933171947
0.9634047333545023
1.3266605657332422
1.0073513753633374
0.862993751086462
0.8226015125669921
0.7167378463125512
0.5793656576712436
0.5313874935179094
0.9845156544866027
0.8953655025810072
0.6217118863544285
0.5520159683090308
0.9008099575866947
1.1030945644342953
0.928379135622533
1.113322085787989
0.5428577077324833
0.7086163641117735
0.39836194474476194
0.3866620763342092
0.5057408842808716
0.7463393097208466
0.6529237203769005
1.08891504233972
0.7340533563572569
0.777751172088444
0.8811616186428666
0.7695717333846888
0.8530360489775076
0.6030835241645558
0.9493507065989361
0.7279145237587347
0.9387782920704192
0.655691850741193
0.8444247706336201
0.9154540497231929
0.9417928164851149
0.9255783830908094
0.8441153483552036
1.027390601747657
1.081089122462766
0.9251747376238736
1.4474487778461624
