
Last position-specific scoring matrix computed, weighted observed percentages rounded down, information per position, and relative weight of gapless real matches to pseudocounts
            A   R   N   D   C   Q   E   G   H   I   L   K   M   F   P   S   T   W   Y   V   A   R   N   D   C   Q   E   G   H   I   L   K   M   F   P   S   T   W   Y   V
    1 M    -1  -2  -2  -3  -2  -1  -2  -3  -2   1   2  -2   6   0  -3  -2  -1  -2  -1   1    0   0   0   0   0   0   0   0   0   0   0   0 100   0   0   0   0   0   0   0  0.47 0.04
    2 W    -2  -3  -3  -4  -3  -2  -3  -3  -1  -2  -1  -3  -1   4  -4  -3  -2   9   4  -2    0   0   0   0   0   0   0   0   0   0   0   0   0  25   0   0   0  52  23   0  1.39 0.05
    3 D    -2  -1   5   4  -3   0   0  -1   0  -3  -4  -1  -3  -3  -2   0  -1  -4  -3  -3    0   0  64  36   0   0   0   0   0   0   0   0   0   0   0   0   0   0   0   0  0.73 0.04
    4 L    -1  -2  -1   2  -2  -1  -1  -2  -2   0   2  -1   1  -1  -2   1   0  -2  -2   0    0   0   0  23   0   0   0   0   0   0  52   0   0   0   0  25   0   0   0   0  0.18 0.02
    5 N    -1  -1   5   1  -2   0   0  -1   0  -3  -3   0  -2  -3  -2   2   0  -4  -2  -3    0   0  77   0   0   0   0   0   0   0   0   0   0   0   0  23   0   0   0   0  0.65 0.04
    6 D    -1  -2   1   5  -3  -1   1  -2  -1  -3  -3  -1  -2  -3  -2   0   2  -4  -3  -2    0   0   0  75   0   0   0   0   0   0   0   0   0   0   0   0  25   0   0   0  0.71 0.04
    7 S     1  -1   0   3  -2  -1   0  -1   0  -2  -2  -1  -2   0  -1   2   0  -1   3  -2   15   0   0  25   0   0   0   0   0   0   0   0   0   0   0  37   0   0  23   0  0.28 0.02
    8 P    -1  -2  -2  -2  -3  -2  -2  -3  -1  -3  -3  -1  -2  -1   7  -1  -1  -1   3  -2    0   0   0   0   0   0   0   0   0   0   0   0   0   0  77   0   0   0  23   0  1.51 0.05
    9 A     1  -2  -1  -2  -2  -1  -2  -2   5  -1  -1  -2  -1   4  -3  -1  -2  -1   2  -1   21   0   0   0   0   0   0   0  31   0   0   0   0  48   0   0   0   0   0   0  0.39 0.03
   10 A     1   0   0  -1  -2   3   2  -2   5  -3  -2   0  -1  -2  -2   0  -1  -2   0  -2   21   0   0   0   0  25  15   0  39   0   0   0   0   0   0   0   0   0   0   0  0.42 0.03
   11 E    -1   0   0   1  -3   1   5  -2  -1  -3  -3   0  -2  -3  -1   0   2  -3  -2  -2    0   0   0   0   0   0  77   0   0   0   0   0   0   0   0   0  23   0   0   0  0.59 0.04
   12 A     1  -1   3   1  -2   1   3  -1   0  -3  -3   0  -2  -3  -1   1   0  -3  -2  -2   21   0  23   0   0   0  41   0   0   0   0   0   0   0   0  15   0   0   0   0  0.36 0.02
   13 A     2  -1  -1  -1  -1   0   1  -1  -1  -1   1  -1   0  -2  -1   2   0  -3  -2  -1   21   0   0   0   0   0  15   0   0   0  25   0   0   0   0  39   0   0   0   0  0.17 0.02
   14 P    -1  -2  -1   2  -2   0   1  -2  -2   0   1  -1   3  -1   3  -1  -1  -3  -2  -1    0   0   0  16   0   0  15   0   0   0  23   0  25   0  21   0   0   0   0   0  0.30 0.02
   15 P    -1   0  -1  -2  -2   0  -1  -2  -1  -1   0   2   2   2   3   1  -1  -2   0  -1    0   0   0   0   0   0   0   0   0   0   0  25  23  15  21  16   0   0   0   0  0.26 0.02
   16 P     1   1  -2  -2   4  -1  -1  -2  -2  -2  -2   0  -2  -3   5   0  -1  -3  -2  -2   25  16   0   0  15   0   0   0   0   0   0   0   0   0  44   0   0   0   0   0  0.75 0.03
   17 L     0  -2  -1  -2  -2  -1  -2   1  -1   0   2  -2   1   0  -2   1  -1  -1   2   0    0   0   0   0   0   0   0  16   0   0  46   0   0   0   0  23   0   0  15   0  0.15 0.02
   18 S     0  -1   2   0  -2   2   0  -1  -1  -1  -1   0  -1  -2  -2   2   0  -3  -2   1    0   0  16   0   0  25   0   0   0   0   0   0   0   0   0  36   0   0   0  23  0.21 0.02
   19 P     0  -1  -1  -1  -3   2   0  -2  -2  -3  -3  -1  -2  -4   6   2   0  -3  -3  -2    0   0   0   0   0  17   0   0   0   0   0   0   0   0  58  26   0   0   0   0  1.10 0.07
   20 S     0  -2  -1  -2  -1  -1  -1  -2  -1   0  -1  -1  -1  -1   2   3   0  -2   2   1    0   0   0   0   0   0   0   0   0   0   0   0   0   0  11  47   0   0  16  27  0.24 0.05
   21 A     1  -1   2   0  -2   0   1   1   0  -2  -2  -1  -2  -1  -2   1   1  -1   2  -2   15   0  17   0   0   0  15  12   0   0   0   0   0   0   0  11  16   0  15   0  0.20 0.03
   22 D    -1   0   0   3   4   0   0  -2   2  -2  -3   2  -2  -3  -2   0   1  -3  -2  -2    0   0   0  32  15   0   0   0  12   0   0  26   0   0   0   0  16   0   0   0  0.34 0.05
   23 D    -1   2   2   2  -2  -1  -1  -2  -1   0   0   0   0  -2  -2  -1  -1  -3  -2   1    0  26  16  15   0   0   0   0   0   0  15   0   0   0   0   0   0   0   0  29  0.15 0.03
   24 S     0  -1   0  -1  -1  -1  -1  -1  -2   0  -1  -1  -1  -2  -1   3   2  -3  -2   2    0   0   0   0   0   0   0   0   0   0   0   0   0   0   0  57  16   0   0  28  0.30 0.06
   25 G     0  -2   3   2  -2  -1  -1   3  -1  -2  -2  -1  -2  -3  -2   1  -1  -3  -3   0    0   0  25  13   0   0   0  35   0   0   0   0   0   0   0  13   0   0   0  14  0.36 0.05
   26 A     2  -2  -1  -1  -1  -1  -1   2  -1  -2  -2  -1  -2  -1  -2   2   0  -1   2  -2   28   0   0   0   0   0   0  23   0   0   0   0   0   0   0  35   0   0  15   0  0.33 0.05
   27 S     2  -1  -1  -2  -1  -1  -1  -1  -1  -1  -1   1   1   3  -2   2   0  -2   0  -1   30   0   0   0   0   0   0   0   0   0   0  13  10  22   0  26   0   0   0   0  0.18 0.05
   28 S     0  -1   0  -1   4  -1  -1  -1  -2  -2  -2  -1  -2  -3  -1   4   2  -3  -2  -2    0   0   0   0  14   0   0   0   0   0   0   0   0   0   0  70  15   0   0   0  0.52 0.09
   29 S     0  -1   1   2  -2   1   0  -1  -1  -2  -1  -1  -1  -2   2   2   2  -3  -2  -2    0   0   8  12   0   9   0   0   0   0  10   0   0   0  11  32  19   0   0   0  0.28 0.06
   30 S     2   0  -1  -1  -1   0  -1  -1  -2  -2   0   2  -1  -2  -1   3   1  -3  -2  -1   19   0   0   0   0   0   0   0   0   0  10  20   0   0   0  40  11   0   0   0  0.26 0.07
   31 A     1   0   1  -1  -2   2   1  -1   0  -2  -2   1   1  -1  -2   1  -1  -2   2  -1   20   0  12   0   0  19  10   0   0   0   0  10  10   0   0   8   0   0  11   0  0.19 0.05
   32 A     1  -2  -1  -1  -1  -1  -1  -1  -2  -1  -2  -1  -1  -3   2   3   2  -3  -2   0   11   0   0   0   0   0   0   0   0   0   0   0   0   0  10  48  21   0   0  10  0.38 0.08
   33 A     1  -2   1  -1   3  -1  -1  -1  -2  -3  -3  -1  -2  -3   4   2   0   4  -2  -2   11   0  11   0  10   0   0   0   0   0   0   0   0   0  23  36   0   9   0   0  0.51 0.08
   34 V     0  -2   3  -1  -2  -1  -2  -2  -1   1   2  -1   0  -1  -2  -1   1  -3  -2   1    8   0  31   0   0   0   0   0   0  10  29   0   0   0   0   0  11   0   0  11  0.19 0.06
   35 V    -1  -2   1  -2   3  -2  -2  -2  -2   1   1  -2   0  -1  -2  -1   1  -2  -2   3    1   0  13   0  10   0   1   1   0   0  20   0   0   0   0   1  11   0   0  41  0.18 0.05
   36 E    -1  -1  -1   1   3   0   3  -2  -1  -1  -2  -1  -1   1  -2   1  -1  -1   2  -1    1   0   0   8  10   0  37   1   0   0   1   0   0  10   0  12   0   0   9   8  0.23 0.06
   37 I    -1  -2  -2  -2  -1  -2  -2   0  -2   3   1  -2   2  -1  -2   0   1  -2  -2   2    1   0   0   0   0   0   0   9   0  30   9   0   9   0   0  11   8   0   0  20  0.16 0.05
   38 P    -1  -2  -1   1  -3  -1   0  -2  -1  -2  -2  -1  -2   1   5   1  -1  -1   3  -2    1   0   0   8   0   0   6   0   0   0   1   0   0   8  37  16   0   0  20   0  0.65 0.10
   39 D    -1  -1   1   3  -2  -1   0  -2   2  -2   0  -1  -1  -2   1   2   1  -3  -2  -2    0   0   8  22   0   0   0   0  10   0  16   0   0   0   7  24   9   0   0   0  0.23 0.07
   40 D    -1  -1  -1   2  -3   2   2   0  -1  -2  -2   0  -2   3   1  -1  -2  -2   0  -2    0   0   0  14   0  16  22  10   0   0   0   7   0  22   6   0   0   0   0   0  0.28 0.09
   41 A     1  -2  -1  -1  -1  -1   0   0  -2  -1   0  -1  -1   2   1   1   1  -2  -1   0   21   0   0   0   0   0   8   5   0   0  10   0   0  14   6  19   7   0   0   7  0.11 0.05
   42 D    -1  -1   3   3  -3   1   0   1  -1  -3  -3  -1  -2  -3   0   0   2  -3  -3  -2    0   0  26  27   0   9   0   9   0   0   0   0   0   0   5   0  21   0   0   0  0.44 0.11
   43 D    -2  -1   3   5  -3   0   2  -2   1  -3  -4  -1  -3  -3  -2   0  -1  -4  -3  -3    0   0  21  44   0   0  19   0   5   0   0   0   0   0   0   7   0   0   0   0  0.69 0.13
   44 D    -1   1   0   3  -2  -1   0  -2   1  -2  -1  -1  -2  -3  -2   3   1  -3  -2  -2    0   8   0  26   0   0   0   0   4   0   7   0   0   0   0  44   8   0   0   0  0.39 0.13
   45 S     0  -1   1   0  -2   1   1   2  -1  -2  -1   1  -1  -2   0   1   0  -3  -2  -2    9   0   8   0   0   4  16  16   0   0   7  13   0   0   4  12   7   0   0   1  0.18 0.05
   46 A     0   0   1   0   1  -1  -1  -2   3  -1  -1  -1  -1  -2   1   2   1  -3  -1   0   10   8   6   6   4   0   0   0  12   0   6   0   0   0   8  19  12   0   0   6  0.16 0.07
   47 A     0   0   2   1  -2   0   1  -2  -1  -1  -1  -1   1   1  -2   0   0  -2   1  -1    9   6  18   6   0   4  12   0   0   6   0   0   6  11   0   7   7   0   6   0  0.12 0.06
   48 V     0  -1   0   0  -2   1   0  -2  -1   0   0  -1   0   2   1   0  -1  -2   0   1    4   1   4   7   0  11   6   1   0   1   9   1   0  18   6   8   1   0   0  21  0.09 0.06
   49 V     0  -2  -1   2  -2   1  -1  -2  -2   2   0  -1  -1  -2   3  -1  -1  -3  -2   1   10   1   0  18   0   9   1   1   0  20   8   1   0   0  19   1   1   0   0   9  0.26 0.08
   50 V     0  -2  -1   1  -2  -1   0  -2  -2   0   0  -1   0   0   0   2   0  -2  -1   1    6   1   0   8   0   0   6   1   0   1   8   1   4   6   4  31   1   0   0  21  0.12 0.08
   51 V    -1  -2  -2  -3  -2  -2  -1  -3  -2   0   1  -2   2   4  -3   0   0  -1   0   2    0   0   0   0   0   0   6   0   0   0  15   0   7  28   0   7   8   0   0  26  0.26 0.10
   52 T    -1  -2  -1   1  -2  -1   2  -2  -2  -2  -1  -1  -2  -3  -2   2   4  -3  -2  -1    0   0   0   6   0   0  18   0   0   0   7   0   0   0   0  18  47   0   0   0  0.45 0.15
   53 R    -2   3  -2  -2  -3   2  -1  -1   1   0   0   1  -1   4  -3  -2  -2  -2   0  -2    0  27   0   0   0  15   0   4   3   5   9   7   0  27   0   0   0   0   0   0  0.32 0.12
   54 Q    -1   1   1   0  -3   3   2   1  -1  -3  -3   1  -2  -3  -2   2  -1  -3  -2  -3    0   6   8   4   0  26  14  13   0   0   0   7   0   0   0  20   0   0   0   0  0.37 0.11
   55 F    -2   0  -2  -3  -3   2  -2  -3  -2  -1   2  -2   2   3  -3  -1   1   3   0  -1    0   6   0   0   0  14   0   0   0   0  30   0   7  23   0   4  11   5   0   0  0.31 0.13
   56 F    -2  -2   1   0  -3  -2  -2   0  -2   0  -1   0  -1   5  -3  -2   0  -1   2  -2    0   0  10   6   0   0   0   7   0   7   0  10   0  45   0   0   9   0   5   0  0.43 0.15
   57 P    -2  -3  -2   0  -4  -2  -1  -3  -3  -4  -4  -2  -3  -5   7   0   1  -5  -4  -3    0   0   0   5   0   0   4   0   0   0   0   0   0   0  72   6  13   0   0   0  1.68 0.27
   58 P    -1   1   2  -1  -2  -1   0  -2  -1  -1  -1   1   3  -2   2   1   1  -3   0   0    3   6  17   0   0   0   3   0   0   0   0  11  16   0  12  11   7   0   5   9  0.20 0.10
   59 A     2   2   0  -2  -2   3   0  -2  -1  -1  -2   0   0  -3   1   1   0  -3  -2   1   21  14   5   0   0  19   4   0   0   0   0   0   3   0   6   9   5   0   0  14  0.22 0.10
   60 V     1   0  -1  -1  -2  -1   0   1  -2   0   1  -1   0   0  -2   0  -1  -2  -1   1   16   6   0   3   0   0   6  16   0   5  16   3   0   5   0  11   0   0   0  12  0.07 0.05
   61 P     1  -1  -1   0  -2   0  -1   1   2  -1  -2   0   0  -2   2   1   1  -3  -2   0   18   0   0   6   0   5   1   9  10   0   1   4   4   0  13  10   8   0   0   9  0.18 0.07
   62 G     1  -1   2   1   0   0   0   1  -1  -2  -2   0   0  -3  -2   1  -1  -3  -2   0   18   0  19   6   3   4   5  14   0   0   0   5   3   0   0  14   0   0   0   8  0.20 0.08
   63 G     0   1   2   0  -3   2   1   3  -1  -2  -3  -1  -2   0   0   0  -1  -3  -2  -2    5  13  14   3   0  11   8  28   0   4   0   0   0   5   3   4   0   0   0   0  0.28 0.10
   64 G     1  -1  -1  -2  -2   1   0   1   2   0  -1  -1   0  -1  -2   1   1  -3  -1   0   18   3   0   0   0   7   7  12   7   9   0   0   5   3   0  14  10   0   0   6  0.11 0.07
   65 G    -1  -1   1  -2  -2  -1  -2   1   2   1   0  -2   0  -2  -2   2   1   2  -2   1    0   3   9   0   0   0   0  11   7   9   6   0   2   0   0  20  11   3   0  17  0.13 0.09
   66 D    -1   3  -1   1  -3   0   1  -2  -2  -1  -2   1  -2  -3  -2   2   1   1  -2   0    0  21   0  10   0   3  10   0   0   3   0   6   0   0   0  21  12   2   0  11  0.25 0.12
   67 P     0  -2  -1  -1  -3   0   1  -3  -2  -1   0   0   1   0   5  -1   0  -3  -2   0    6   0   3   2   0   3  10   0   0   0   8   8   6   4  33   2   6   0   0   9  0.45 0.13
   68 A     1  -2  -1   0  -3  -1   2  -1  -2  -2  -2   0   0  -1   3   2  -1  -3  -2   0   13   0   0   4   0   0  17   4   0   0   0   5   4   2  20  21   0   0   0   9  0.34 0.13
   69 P     0  -1  -2   1  -3   0  -1  -3  -3  -2  -2  -1  -3  -4   5   2   0  -4  -3  -3    4   3   0   7   0   5   2   0   0   3   2   3   0   0  40  26   3   0   0   0  0.80 0.21
   70 G     0   0  -1  -1   0   0  -1   1   0   0   0   0  -1  -1   2   0   0  -2  -1   0    4   7   0   4   3   6   0  14   3   8  13   4   0   4  11   8   9   0   0   5  0.07 0.04
   71 N     1  -1   2  -1  -2   1   1  -2   1  -2  -2   0  -2  -1  -1   2   1  -3  -2  -1   18   0  13   0   0   7   9   0   3   0   0   6   0   4   2  23   9   0   0   4  0.24 0.12
   72 A     1   0   0  -1  -2   2   2  -2  -1   0  -1  -1   0  -2   1   1   1  -3  -2  -1   11   5   5   0   0  11  18   1   0   9   6   0   2   0   7  14   8   0   0   3  0.16 0.09
   73 R    -1   2   0   0  -2   0  -1  -1  -2  -1  -1   0  -1  -2   1   1   1   4  -2  -1    3  17   3   7   0   3   0   2   0   3   6   4   0   0   8  17  11   9   0   5  0.22 0.10
   74 A     1   1   1  -1  -2   1   0  -1   0  -1  -2   0   0  -3  -1   2   2  -3  -2   0   10   7   8   0   0   6   5   3   3   3   1   3   4   0   2  16  21   0   0   6  0.17 0.09
   75 G    -1   0   1   1  -3   1   1   2   1  -2  -2   1  -1  -3   1   0   0  -3  -2  -1    1   3   9   7   0   6   9  20   6   1   3  10   2   0   7   3   5   0   0   6  0.17 0.07
   76 W     0  -1  -2   0  -3   2  -1  -1  -2   0  -1  -2  -1   1  -1   0  -2   7   1   0    7   2   1   8   0  13   3   5   0   5   6   1   0   7   2   6   1  22   5   6  0.42 0.13
   77 L    -1  -1   0  -2  -2   0  -2  -1   1   1   1  -2   2   1   0   0  -1   1   1   0    2   3   7   1   0   3   1   5   4  13   9   1  12   9   4  11   2   2   5   6  0.07 0.07
   78 R     0   2   0   1  -3   1   2   0  -1  -2  -2   1  -1  -2   0   1   0  -3  -1  -2    6  12   2  10   0   7  18   5   0   2   1   6   2   2   4  15   4   0   3   1  0.22 0.09
   79 L    -1  -1   0  -1  -2  -1  -1  -1  -2   1   1  -2   4   2   0   0   0  -2   0   0    4   3   5   2   0   2   3   6   0   8  11   0  19  13   5   7   5   0   1   5  0.13 0.11
   80 A     1  -1   1   0  -2   0   1   2  -1  -2  -2   1  -2  -3  -1   2   1  -3  -3  -1   12   1   7   2   0   4  10  15   1   2   2  11   0   0   2  17  10   0   0   3  0.21 0.11
   81 G     0   0   2  -1  -3   1   1   1  -2  -2   0  -1  -2   0   0   2   0  -3  -2  -2    6   4  12   1   0   6   9  14   0   0   9   2   0   6   3  20   5   0   0   1  0.17 0.12
   82 A     1   0  -1   1   0   1   0   1  -1  -2  -3  -1  -1  -2   1   2   0  -3  -1  -1   11   7   0   9   2   7   7  12   1   2   0   1   1   2   6  21   3   0   2   5  0.16 0.11
   83 A     0   0   0   0  -2   1   0   0   0  -2  -2   1  -2  -2   2   1   0   1  -1   0    8   4   3   5   0   9   6   7   2   1   4   8   0   1  10  16   3   3   2   7  0.13 0.08
   84 P    -1  -1  -1  -1  -3   0  -2  -1  -3   0  -1   1   0  -2   5   1  -1  -4  -2  -2    4   2   3   3   0   5   0   4   0   7   4  12   3   1  34  16   1   0   1   0  0.55 0.20
   85 P    -1   0   0   0  -3   1   0  -2  -1  -2  -2   1   0  -3   4   1   1  -4  -3   0    1   3   5   5   0   5   5   2   1   1   1  12   3   0  22  14  11   0   0   8  0.34 0.15
   86 V     0   0  -1  -1  -2  -2  -1  -2  -3   0   0   0  -1  -2   1   0   2  -1  -2   2    8   5   2   4   0   0   1   1   0   4  11   8   0   0   7   8  15   1   0  26  0.16 0.12
   87 A     2   0   0  -1  -2   0   0  -1  -2  -1  -1   1  -1  -3   0   1   1  -3  -2   1   25   5   3   2   0   2   6   2   0   0   7  12   0   0   4   8  11   0   1  12  0.15 0.12
   88 A     0   0   1   0  -2   0   1  -1  -2   0  -2   1  -1  -3   0   1   1  -3  -2   0    9   3   8   5   0   2  14   4   0   5   2   9   2   0   5  14   9   0   1   9  0.13 0.08
   89 T     0   0   0   0  -3   0   0  -1   0  -2  -2   0  -1  -3   3   2   1  -4  -2  -1    7   5   4   4   0   2   4   2   3   1   1   4   2   0  17  26  11   0   1   5  0.31 0.16
   90 G     1  -1   0   0   0   0   0   0  -1  -1  -2   0  -2  -2   1   2   0  -3  -2   0   16   3   5   6   2   5   7   8   1   3   2   6   0   1   8  17   3   0   0   7  0.15 0.09
   91 P    -1   0   0  -1   1   1   0  -1   0  -2  -2   0   0  -2   5   1  -1  -4  -3  -1    4   4   5   2   4   7   4   3   3   1   2   7   3   1  31  11   3   0   0   4  0.45 0.17
   92 A     0   0   0   0  -3   0   1  -1  -1  -2  -1   1  -1  -3   3   0   1  -3  -2   0    8   4   3   5   0   5   9   4   1   1   5  12   1   0  18   8   9   0   0   7  0.23 0.10
   93 A     0   1   0  -2  -1   0   0   0   0  -1  -2   2  -1  -3  -1   0   1   0  -1   0   10   5   4   0   2   4   5   6   2   4   2  21   0   0   3   6  14   1   1  11  0.12 0.09
   94 S     0   2   0   1  -3   0   0   0   0  -2  -3   2  -2  -2   0   1   0  -1  -2  -1    8  15   4   6   0   3   6   6   1   1   0  19   0   1   3  15   5   1   0   6  0.21 0.12
   95 A     1   1   0  -1  -3   1   1  -2  -2  -1  -2   0   0  -3   3   1   0  -4  -3  -1   11  11   3   3   0   6  11   2   0   3   3   5   3   0  19  12   4   0   0   5  0.29 0.13
   96 A     2  -1  -1  -1   0   0   0   0  -2  -1  -1   1  -1  -2   1   1   0  -3  -2   0   25   2   2   2   2   3   6   8   0   1   3  13   1   1   6  10   6   0   0  10  0.15 0.11
   97 V     0   0   0  -1  -1  -1   0   3  -1   0  -1  -1   1  -2   0   0   0  -3  -2   1    5   7   3   3   1   1   5  26   2   3   5   2   6   1   5   5   4   0   0  17  0.14 0.10
   98 S     0   2   0   0   2   0   1  -1   0  -2  -2   2  -1  -2   1   1   0  -3  -2  -1    6  16   4   3   5   2   9   3   2   1   0  13   2   1   6  16   5   0   0   7  0.18 0.10
   99 K     0   2  -1  -2  -1   0   0  -1  -1  -2  -1   3   2  -2  -1   1   2  -3  -2  -2    5  10   1   0   1   3   4   3   1   0   5  31   7   2   2   8  17   0   0   1  0.29 0.16
  100 K     0   2  -1  -1  -2   1   1  -2  -1  -3  -3   4  -1  -4   0   1   0  -4  -2  -2    6  12   0   2   1   4   9   1   1   0   1  39   2   0   5  10   5   0   1   2  0.44 0.18
  101 S     0   0  -1  -1  -1  -1   0   2  -1  -1  -2   1  -2   2   1   1   1  -2  -1  -2    5   4   2   1   1   2   6  16   1   2   1   9   0  12   7  17  13   0   0   1  0.16 0.10
  102 R     0   4  -1  -1  -3   2   0  -1  -2   0  -2   2  -2  -3   0   0  -1  -4  -3  -1    6  32   1   1   0   8   4   3   0   6   2  18   0   0   4   7   1   0   0   5  0.37 0.15
  103 R    -1   1   1   1  -2   1   2   1   0  -2  -2   1  -1  -2  -1   0   0  -3  -2  -1    3   9   5  10   1   3  19  12   2   3   0  13   1   1   1   4   7   0   1   3  0.19 0.08
  104 G     1   0   0   0  -2   0   0   2  -1  -1  -1   0   0  -1  -1   1   1  -2  -2  -1    9   5   2   4   0   4   4  22   1   1   7   6   2   2   1  15   9   0   1   6  0.13 0.05
  105 P     0   0   0  -1   0  -1  -1   0  -1  -2  -1   0  -1   0   4   0   0  -2  -1  -1    7   4   6   3   2   1   4   8   1   2   3   7   2   7  28   6   4   0   2   4  0.32 0.08
  106 R     0   2   0   0  -2   0   1   1  -1  -2  -2   1  -1  -2   0   1   0  -2  -1  -1    5  15   4   4   0   3  11  15   0   2   3   8   2   2   4   9   8   0   1   4  0.12 0.04
  107 S     0   0   2   0  -2   2   0   0  -1  -2  -2   1  -1  -3  -1   2   2  -3  -2  -1    4   3  11   2   0  14   4   5   0   1   2  13   1   0   1  16  20   0   0   3  0.23 0.09
  108 R    -1   5   1  -1  -3   1   0  -1  -1  -3  -3   2  -1  -3   0   0  -1  -3  -3  -2    3  43   7   2   0   5   4   4   0   0   0  16   1   0   5   5   3   0   0   1  0.49 0.14
  109 S    -1   0   0  -1  -3   1   1  -1   4  -2  -2   0  -1  -3  -1   2   2  -3  -1  -2    2   5   3   2   0   8   9   3  21   3   1   6   1   0   2  18  17   0   0   1  0.29 0.11
  110 S    -1   0   0  -1   1   0  -1  -1  -2  -2  -1   1  -1  -1   3   2   0  -3  -2  -1    1   5   4   1   5   2   0   3   0   1   5  15   1   3  19  27   4   0   0   3  0.28 0.09
  111 Q    -1   2  -1  -1  -2   1  -1  -1   1   1   0   2  -1  -2   0  -1  -1  -3  -2   1    1  10   1   1   0  10   1   3   5  11   6  26   0   0   3   2   1   0   0  18  0.15 0.07
  112 Y    -3  -3  -3  -4  -4  -3  -3  -4   1  -2  -2  -3  -2   5  -3  -2  -3   1   7  -2    0   0   0   0   0   0   0   0   3   0   0   0   0  25   1   1   0   0  70   0  1.46 0.25
  113 R    -2   6  -2  -3  -4   0  -1  -3  -1  -3  -2   3  -1  -4  -3  -2  -1  -4  -3  -1    0  70   0   0   0   0   0   0   1   0   2  19   1   0   0   0   1   0   0   6  0.98 0.21
  114 G    -1  -4  -2  -3  -4  -3  -3   6  -3  -5  -5  -3  -4  -4  -3  -2  -3  -4  -4  -4    0   0   0   0   0   0   0 100   0   0   0   0   0   0   0   0   0   0   0   0  1.74 0.26
  115 V    -1  -4  -4  -4  -2  -3  -4  -4  -4   2   0  -3   0  -1  -4  -3  -1  -4  -2   6    1   0   0   0   0   0   0   0   0   7   0   0   0   2   0   0   0   0   0  90  0.98 0.23
  116 T    -2   6  -1  -2  -3   0  -1  -3  -2  -2  -2   0  -2  -3  -3  -1   2  -3  -3   0    0  71   0   0   0   0   0   0   0   0   0   0   0   0   0   0  17   0   0   8  0.88 0.20
  117 F     0   3  -1  -1   0   0   0  -1  -1  -1   0   0   1   1  -1   0  -1   3   0  -1    6  27   2   3   2   4   3   4   1   3   6   3   9   8   3   5   3   5   2   3  0.11 0.03
  118 Y    -1   2  -1  -1  -2   3   0  -2   3  -2  -2   2  -1  -1   1  -1  -1  -1   2  -2    2  12   1   1   0  27   1   2  11   1   2  13   1   1   8   2   1   0  12   1  0.33 0.08
  119 R    -1   6  -1  -2  -4   2  -1   0  -1  -4  -3   1  -2  -3  -3  -2  -2  -3   0  -3    3  72   0   0   0   8   0   7   0   0   0   4   0   0   0   0   0   0   5   0  0.93 0.20
  120 R    -1   1   0  -1   1   0  -1  -2   1  -3  -3   1  -2  -3   5   0  -1   5  -2  -3    1  10   5   2   5   5   0   2   5   1   0  11   0   0  32   6   3  12   0   1  0.63 0.13
  121 T     0  -3   2  -3  -3  -2  -3  -1  -3  -3  -3  -3  -3  -2  -2   1   2   9  -1  -3    8   0  13   0   0   0   0   4   0   0   0   0   0   0   2  11  18  44   0   0  1.24 0.23
  122 G    -1  -4  -1  -1  -4  -3  -3   6  -3  -4  -4  -3   1  -4  -3  -1  -3  -4  -4  -4    0   0   1   2   0   0   0  90   0   0   0   0   5   0   0   2   0   0   0   0  1.49 0.25
  123 R    -2   5  -1  -2  -4   0  -1  -3   1  -4  -4   5  -3  -4  -3   0  -2  -4  -3  -4    0  44   0   0   0   0   0   0   3   0   0  48   0   0   0   5   0   0   0   0  0.98 0.22
  124 W    -4  -4  -5  -6  -4  -4  -5  -4  -3  -4  -3  -5  -3   3  -5  -4  -4  11   4  -4    0   0   0   0   0   0   0   0   0   0   0   0   0  10   0   0   0  72  18   0  2.80 0.37
  125 E     2  -2  -2  -2  -2   0   2   0  -3   0  -1  -2  -1  -3  -2  -1  -1  -4  -2   3   24   0   0   0   0   5  18   8   0   0   0   0   0   0   0   2   0   0   0  45  0.32 0.15
  126 S     4  -3  -2  -3   5  -2  -2  -1  -3  -3  -3  -2  -2  -3  -2   2   0  -4  -3  -2   65   0   0   0  16   0   0   0   0   0   0   0   0   0   0  17   2   0   0   0  0.79 0.21
  127 H    -1  -1  -1   0  -4   2   5  -3   5  -4  -4   1  -3  -4  -2  -1  -2  -4  -2  -4    5   0   0   0   0   8  65   0  18   0   0   5   0   0   0   0   0   0   0   0  0.98 0.23
  128 I    -2  -4  -4  -4  -2  -4  -4  -5  -4   6   2  -4   0  -1  -4  -3  -2  -4  -2   3    0   0   0   0   0   0   0   0   0  72  12   0   0   0   0   0   0   0   0  16  0.93 0.21
  129 W    -3   6  -2  -3  -4  -1  -2  -4  -2  -4  -2   2  -3  -2  -4  -2  -3   7   2  -4    0  62   0   0   0   0   0   0   0   0   2   9   0   0   0   0   0  20   8   0  1.22 0.25
  130 D    -1  -1   1   5  -3   0   3  -2   1  -2  -2  -1  -2  -3  -2  -1  -2  -4  -3   0    6   1   4  42   0   1  26   0   3   0   2   1   0   0   0   0   0   0   0  13  0.57 0.15
  131 C    -2   0   1  -1   2  -2   0  -3  -3  -4  -4   1  -3  -4   6  -1   0  -4  -4  -3    0   4   7   3   7   0   5   0   0   0   0  10   0   0  57   4   4   0   0   0  1.17 0.20
  132 G    -1   2   2  -1  -3   1  -1   3   3  -4  -3   2  -2  -3  -2   0  -1  -1  -2  -3    1  16  10   0   0   5   0  31  10   0   1  15   0   1   0   6   3   1   0   0  0.40 0.11
  133 K     0   3  -1  -1  -1   2   0  -2  -1  -2  -3   4  -1  -3  -2   0   1  -3  -2  -2    6  21   0   1   1  12   3   0   0   1   0  37   1   0   0   8   9   0   0   2  0.44 0.13
  134 Q    -3   6  -2  -3  -5   3  -1  -3  -1  -4  -4   2  -3  -4  -3  -2  -2  -4  -3  -4    0  73   0   0   0  19   0   0   0   0   0   8   0   0   0   0   0   0   0   0  1.26 0.26
  135 V    -1  -2  -3  -3  -2  -3  -3  -2   0   3   1  -2   1   1  -3  -2  -1  -3  -1   3    0   3   0   0   0   0   1   4   3  32  12   2   2   5   0   1   1   0   1  35  0.36 0.12
  136 Y    -4  -1  -5  -6  -4  -3  -4  -4   1  -4  -3  -4  -3  -1  -5  -4  -4  11   4  -4    0   4   0   0   0   0   0   0   5   0   0   0   0   0   0   0   0  78  14   0  2.93 0.39
  137 L    -3  -3  -4  -5  -3   0  -4  -5  -4   1   5  -3   1  -1  -4  -3  -2  -3  -2   0    0   0   0   0   0   5   0   0   0   5  89   0   0   0   0   0   0   0   0   2  0.93 0.22
  138 G    -1  -4  -2  -3  -4  -3  -4   7  -4  -5  -5  -3  -4  -5  -4  -2  -3  -4  -5  -5    0   0   0   0   0   0   0 100   0   0   0   0   0   0   0   0   0   0   0   0  1.83 0.29
  139 G     0  -3  -1  -2  -2  -2  -2   2  -3  -2  -3  -2  -2  -4  -2   1   6  -4  -3  -2    3   0   0   0   0   0   0  14   0   0   0   0   0   0   0   9  73   0   0   0  0.90 0.24
  140 F    -3  -4  -4  -4  -4  -4  -4  -4  -1  -2  -1  -4  -2   7  -5  -1  -3   0   5  -2    0   0   0   0   0   0   0   0   0   0   0   0   0  65   0   5   0   0  30   0  1.43 0.27
  141 D    -1  -2   1   4  -3   0   2  -2  -2  -3  -3   0  -3  -4   2   1  -1  -4  -3  -3    4   0   5  42   0   2  16   1   0   0   1   5   0   0  12  12   1   0   0   1  0.59 0.14
  142 T    -1  -2  -1  -1  -2  -2   0  -2  -3  -2  -3   0   0  -4  -2   2   5  -4  -3  -1    1   0   1   2   0   0   5   2   0   0   0   6   3   0   0  14  66   0   0   1  0.77 0.24
  143 A     4  -2  -2  -1  -2   1   2  -1  -2  -3  -3  -1  -2  -4   2   0  -1  -4  -3  -2   60   0   0   2   0   5  17   1   0   0   1   0   0   0  11   2   0   0   0   1  0.62 0.20
  144 H    -1  -1  -1   2  -4   1   6  -3   2  -2  -3  -1  -2  -4  -3  -2  -2  -4  -1  -2    3   1   0  11   0   2  69   0   5   2   1   0   1   0   0   0   0   0   2   3  0.93 0.24
  145 A     1  -1  -2   1  -3   0   4  -2  -2  -3  -2   1   3  -3  -2  -1  -1  -4  -3  -2   17   1   0   7   0   2  44   2   0   0   0  11  15   0   0   1   1   0   0   0  0.51 0.18
  146 A     6  -3  -3  -3  -2  -2  -2  -1  -3  -3  -3  -2  -2  -4  -2   0   0  -4  -3  -2   95   0   0   0   0   0   0   0   0   0   0   0   0   0   0   0   5   0   0   0  1.18 0.30
  147 A     6  -3  -3  -3  -2  -2  -1  -1  -3  -3  -3  -2  -1  -4  -2   0  -2  -4  -3  -2   96   0   0   0   0   0   2   1   0   0   0   0   1   0   0   0   0   0   0   0  1.19 0.30
  148 R    -1   6  -2  -2  -2   0  -1  -3   0  -1   0   1   0  -3  -3  -1  -1  -4  -2  -2    3  67   0   1   1   1   1   0   1   3  10   4   3   0   0   1   2   0   1   2  0.80 0.21
  149 A     5  -3  -3  -3  -2  -2  -2  -1  -3  -2  -1  -2  -2  -3  -2   0   1  -4  -3  -1   82   0   0   0   0   0   0   1   0   0   4   0   0   0   0   4   6   0   0   2  0.87 0.25
  150 Y    -3  -3  -3  -4  -4  -3  -3  -5   5  -3  -3  -3  -3   1  -5  -3  -3   0   8  -3    0   0   0   0   0   0   0   0  19   0   0   0   0   2   0   1   0   0  78   0  1.86 0.36
  151 D    -4  -3   0   7  -5  -2  -1  -3  -3  -5  -5  -3  -5  -5  -3  -1  -3  -6  -5  -5    0   0   2  92   0   0   0   1   0   0   0   0   0   0   0   2   0   0   0   0  1.96 0.42
  152 R     1   2  -1  -1  -1   1   1  -2  -2   0   0   0  -1  -2  -2   0   0  -3  -2   1   15  15   3   2   1   5   9   1   0   2  12   5   0   0   0   7   3   0   1  19  0.11 0.08
  153 A     6  -2  -3  -3  -2  -2  -2  -2  -3  -3  -3  -1  -3  -4  -3   0  -2  -4  -3  -2   89   1   0   0   0   1   2   0   0   0   0   3   0   0   0   2   0   0   0   0  1.21 0.35
  154 A     5  -3  -3  -3  -2  -1  -2  -2  -3  -2  -1  -2   2  -1  -2   0  -2  -4  -3   0   73   0   0   0   0   3   0   0   0   0   4   1   6   2   0   4   0   0   0   5  0.78 0.27
  155 I    -1   1  -3  -3   0  -1  -3  -3  -1   2   2  -1   1   3  -3  -2  -1  -2   1   0    3  10   0   0   2   2   0   0   1  14  31   2   2  20   0   1   3   0   5   3  0.28 0.12
  156 K     2   2  -1  -1   3   0   0  -2  -1  -2  -1   3  -2  -2  -2   0  -1  -3  -1  -2   22  13   1   1   7   3   5   1   1   1   6  24   0   1   0   8   1   0   2   1  0.23 0.12
  157 F    -3  -3  -4  -4  -3  -3  -4  -4  -2   2   3  -3   4   4  -4  -3  -2  -2   3  -1    0   0   0   0   0   0   0   0   0  11  42   0  13  19   0   0   1   0  11   0  0.66 0.21
  158 R    -2   5  -1  -3   3  -1  -2  -3   0  -3  -3   2  -3  -3  -3  -1  -2   5   1  -3    0  50   2   0   9   0   0   0   2   1   1  13   0   0   0   3   0   9   6   0  0.85 0.25
  159 G    -1  -2  -1  -3  -4  -2  -2   6  -3  -5  -3  -3  -4  -4  -3  -1  -3  -4  -4  -4    3   2   2   0   0   1   2  83   0   0   2   0   0   0   0   3   0   0   0   0  1.42 0.31
  160 V     0   3  -1  -1  -3   0   0  -1   0  -2  -2   0  -2  -1   4   1   0  -3  -2  -1    9  22   2   2   0   3   3   3   2   1   3   1   0   3  22  12   7   0   0   4  0.35 0.13
  161 E     0   1   1   2  -2   0   1   0  -1  -3  -2   2  -1  -2  -2   2   0  -3  -1  -2    4   6   5  17   1   2   8   4   1   1   3  20   1   1   0  19   6   0   2   0  0.25 0.11
  162 A     5  -3  -3  -3  -2  -2  -2   0  -3  -3  -3  -2  -3  -4   1   0   1  -4  -3  -2   74   0   0   0   0   0   0   4   0   0   0   0   0   0   7   2  11   0   0   0  0.90 0.29
  163 D    -1   2   0   0   2   0   0  -2   1   1   0   1  -1  -2  -1   0   0  -3  -1   0    1  15   6   5   5   2   3   1   5  11   7  13   0   1   1   7   7   0   1   9  0.08 0.06
  164 I    -2  -3  -3  -3  -2  -2  -3  -3  -3   1   4  -3   0   0  -3  -1   3  -3  -1   0    1   0   0   0   0   0   1   1   0   8  49   0   0   3   0   3  27   0   1   3  0.49 0.19
  165 N    -3  -3   8  -1  -4  -2  -2  -3  -2  -5  -5  -2  -4  -5  -4  -2  -2  -5  -4  -5    0   0  95   0   0   0   0   0   0   0   0   0   0   0   0   0   0   0   0   0  2.08 0.45
  166 F    -4  -3  -4  -5  -4  -4  -4  -4  -3  -1  -1  -4  -2   8  -5  -4  -4  -1   1  -2    0   1   0   0   0   0   0   0   0   3   4   0   0  88   0   0   0   0   0   0  1.83 0.38
  167 S     0   1   1   1   2   1   0   0  -2   0  -2   0  -1  -3   1   0   0  -3  -2   0    7   7   7   7   7   7   7   7   0   7   1   7   0   0   7   7   7   0   0   7  0.11 0.10
  168 L    -1   0   0   0  -2   1  -1  -3   0   1   1  -2   1   0   1  -1   0   2   1   1    4   5   4   7   0   6   4   0   3  10  18   0   3   3   7   4   4   3   5  10  0.08 0.11
  169 E    -1   0   0   1   0   1   2   0   1  -2  -1   0  -2  -1   2   2   0  -3  -2  -1    4   4   4   9   2   5  13   6   3   0   7   3   0   3  10  17   4   0   0   5  0.15 0.17
  170 D     0   0   1   3  -3   0   0  -2  -2   0  -1   0   0  -1   0   0   0  -3  -1   0   10   6   7  21   0   2   5   2   0   5   4   6   3   2   4   6   7   0   2   8  0.14 0.16
  171 Y    -1  -3   0   0  -3  -1   1   0   2  -1  -2  -2   0   1  -2   0  -1   3   5   1    4   0   3   5   0   2  10   6   5   4   2   2   2   5   2   9   2   3  23  10  0.29 0.28
  172 E     0   0   1   0  -2   1   0   0  -1   0  -1   0  -1  -2   1   0   0  -2   1   0    7   7   7   7   0   7   7   7   0   7   7   7   0   0   7   7   7   0   6   7  0.06 0.07
  173 D     0   0   1   0  -3   1   0   0   2   0  -1   0  -2  -2   1   0   0   3   1  -2    6   6   6   6   0   6   6   6   6   6   6   6   0   0   6   6   6   6   6   0  0.11 0.13
  174 D     0   1   1   1  -2   1   1   0  -1  -2  -2   1   1  -3   1   0   0  -3  -2   0    8   8   7   8   0   7   8   8   0   0   1   8   7   0   8   8   8   0   0   8  0.13 0.11
  175 L     0  -2   0  -1  -2   0  -2  -2  -2   1   1   0   1   0   1   0   0  -3  -2   2    5   0   4   4   0   4   0   0   0   9  15   9   5   3   8   7   5   0   0  21  0.11 0.13
  176 K     0   1   1   1  -2   1   1  -2   2  -1   0   1   1  -2   1   0   0  -3  -2   0    7   7   7   7   0   7   7   0   7   0   7   7   7   0   7   7   7   0   0   7  0.11 0.12
  177 Q     0   0  -1   0  -3   1   1   0   1  -1  -1   1   1   1   1   0   0  -2   0  -1    5   5   0   6   0   7   9   7   3   3   6  11   6   9   7   5   5   0   4   4  0.07 0.11
  178 M     0   0   0   0  -2   1   0   0  -2   0   0   0   1   0  -2   0   0   3  -1   0    6   6   6   6   0   6   6   6   0   6   6   6   6   6   0   6   6   6   0   6  0.06 0.10
  179 S     0   1   1   0   1   1   1  -1  -2  -1  -1   2   0   0   0   1   0  -3  -2  -2    6  11   6   5   3   6   9   5   0   5   6  14   3   4   3  11   3   0   0   0  0.11 0.14
  180 N     0   0   3  -1   1   0  -2   0   3  -2  -2  -1  -2  -1   2   1   0  -3   0  -2    8   4  15   3   3   5   0   8   9   2   3   3   0   3  11  12   6   0   3   3  0.20 0.22
  181 L    -1   0   0  -2   2   0   0  -3   1  -1   0   0   2   0   1  -1   1   2   0   1    5   5   4   0   6   4   5   0   5   0   7   7   6   4   8   4  10   3   3  12  0.11 0.15
  182 T     0   1   1  -1  -2   1   1  -2   2  -1  -1   1  -1  -2   1   0   0  -2   1   0    8   8   7   0   0   7   8   1   7   0   8   8   0   0   8   8   8   0   7   8  0.12 0.12
  183 K     0   1   1  -1  -2   1   1   0  -1  -2  -2   1   1  -2   1   0   1   4  -2  -2    8   8   8   0   0   8   8   8   0   0   1   8   8   0   8   8   8   8   0   0  0.21 0.15
  184 E    -1   1   1   1   0   1   2   0  -1  -2  -2   1  -2  -3   1   0   0  -3  -2  -1    4  10   8   7   3   8  17   9   0   0   4   9   0   0   6   4   5   0   0   4  0.19 0.12
  185 E     0   1  -1   1  -2   1   1   0  -1   0   0   1  -1  -2  -2   1   1  -3  -2  -1    9   9   0   9   0   9   9   9   0   9   9   9   0   0   0   9   9   0   0   1  0.09 0.08
  186 F     0   1  -1  -2   0   0   0  -2  -2   0  -2   1   1   2   1   1  -1  -3   2   0    7   9   2   0   2   3   8   3   0   7   0  11   5  10   6  11   2   0   7   6  0.12 0.19
  187 V    -1   0  -1   0   2   0  -1  -1  -2   0  -1   0   2  -2   0   0   0   2   0   2    4   6   3   5   6   4   4   4   0   5   5   6   8   0   4   6   4   3   3  20  0.09 0.16
  188 H     0   0   0   1   1   1   1   0   2  -1   0   0   1  -3   0   0   0  -3  -2   0   10   3   6   7   4   6   8   6   7   3   9   4   4   0   5   6   4   0   0   7  0.07 0.11
  189 V     0   0   0  -1   2   1   0  -1   1  -1  -2   0   1  -2   0   1   0  -3   0   1    9   4   4   3   5   6   5   4   4   2   1   4   7   0   4  16   6   0   5  12  0.09 0.14
  190 L     0  -2   0   0   1  -1   0  -2  -2   0   1   0   2   0   1   0   1  -3  -2   0    5   0   4   6   5   0   8   1   0   4  13   6  11   4   8   5  14   0   0   7  0.10 0.14
  191 R     0   1   1   1  -2   1   1   0  -1  -1   0   1   1  -2  -2   0   0  -3  -2   0    8   8   7   8   0   7   8   8   0   0   8   8   7   0   0   8   8   0   0   8  0.09 0.09
  192 R     0   0   1   0   2   1   0   0   1   0  -1   0  -1  -2   1   0   0  -3  -2   0    6   6   6   6   6   6   6   6   6   6   6   6   0   0   6   6   6   0   0   6  0.07 0.08
  193 Q     0   1   0  -1  -4   2   0   0   2  -3  -3   3  -2  -2   1   0   1  -1  -2  -2    7   9   5   3   0  11   5   6   7   0   2  20   0   2   7   5   8   1   0   2  0.26 0.24
  194 S    -1   1  -2   0  -3  -2   0   2  -3  -1  -2   1   0  -4   2   1   1  -4  -3  -1    4  10   0   6   0   0   7  15   0   5   2   7   3   0  12  14  12   0   0   3  0.24 0.23
  195 T     0   1   1   0   0   0   0  -1   0  -2  -2   1  -2  -2   1   0   2  -2   2  -1   10   9   6   6   3   3   7   4   2   0   2   8   0   0   6   6  14   0  10   5  0.14 0.16
  196 G     0  -1   1  -1  -1   1  -1   3   0  -1  -1   1  -1  -2  -3   1  -1  -4  -3   0    4   3   6   2   2   8   3  27   2   2   5  10   2   2   0  12   4   0   0   6  0.22 0.21
  197 F    -1   1  -2   1   0   0   1  -1  -2  -1  -1   1  -1   1   1  -1   0  -3  -1   0    4   8   0   8   2   4  12   3   0   3   6  12   2  10   8   4   5   0   2   6  0.10 0.13
  198 P     0   0   0   0  -3   1   2   0  -2  -2  -2   1  -1  -1   2   2   0  -3  -2  -1    6   4   3   3   0   7  13   6   0   2   2   9   2   3  10  19   4   0   0   3  0.20 0.20
  199 R    -1   3   1   0  -3   0   0  -1  -1  -2  -1   2  -2  -1   0   0   0  -3   0  -1    4  22   7   3   0   4   7   4   0   0   7  13   0   3   3   8   7   0   4   4  0.18 0.18
  200 G    -1   1   1   1  -3   1   1   1  -2  -1  -3   2   0  -3   1   0   0  -3   0  -1    4   7   9   7   0   5   7  15   0   4   0  14   3   0   7   5   5   0   3   4  0.16 0.16
  201 S     0   0   1   0  -2   1   0   0   1   0  -1   0  -1   0   1   0   0  -2  -1   0    6   6   6   6   0   6   6   6   6   6   6   6   0   6   6   6   6   0   0   6  0.05 0.06
  202 S     0   0   0  -2   2   1   0   0   1   0   0   0   1   0   1   0   0  -3  -1   0    6   6   6   0   6   6   6   6   6   6   6   6   6   6   6   6   6   0   0   6  0.04 0.09
  203 K    -2   3  -1   0  -2   0  -1   0   2  -1  -1   4  -1  -3   1  -1  -2  -4  -1  -2    1  15   1   6   1   1   0   6   5   3   5  43   2   0   5   1   1   0   1   2  0.39 0.20
  204 Y    -3   1  -3  -4  -4  -3  -3  -4   1  -3  -2  -1  -2   4  -2  -3  -3   0   7  -3    0   8   0   0   0   0   0   0   2   0   0   5   0  20   2   0   0   0  60   0  1.30 0.38
  205 R    -2   6  -2  -3  -4   1  -1  -3  -1  -3  -2   4  -1  -4  -3  -2  -2  -4  -3  -1    0  58   0   0   0   3   0   0   1   0   2  26   1   0   0   0   1   0   0   5  0.99 0.32
  206 G    -1  -3   1  -2  -4  -3  -3   6  -3  -5  -5  -3  -4  -3  -3   0  -3  -4  -4  -4    0   0   6   0   0   0   0  82   0   0   0   0   0   1   0   7   0   0   0   0  1.41 0.36
  207 V    -1  -3  -4  -4  -2  -3  -3  -4  -4   2   1  -3  -1  -1  -3  -2   0  -4  -2   5    2   0   0   0   0   0   0   0   0   6   9   0   0   2   0   2   6   0   0  72  0.81 0.30
  208 T     0   5  -2  -2  -4   1   0  -3   2  -3  -3   1  -2  -4  -3   0   1  -4  -3  -1    8  55   0   0   0   4   5   0   6   0   0   4   0   0   0   4  10   0   0   5  0.71 0.28
  209 L    -1   3  -2  -2  -1   3  -1  -3   0  -2   1   1   2  -2   2  -1  -2   1  -2  -2    4  21   0   0   1  20   0   0   2   0  19   9  10   0  10   1   0   3   0   0  0.33 0.18
  210 H    -2   5  -1  -1  -4   3  -1  -3   4  -4  -3   2   1  -4  -3  -2  -2  -4  -2  -3    0  49   0   4   0  15   0   0  13   0   0  10   5   0   0   0   0   0   0   0  0.86 0.30
  211 K    -1  -1   3  -1  -3   0  -1  -1   3  -3  -3   2  -3  -3   4   0  -1  -3   0  -3    5   1  16   1   0   3   0   3  11   1   0  21   0   0  24   4   2   0   4   1  0.51 0.21
  212 C    -2  -1   1  -3   6  -2  -3  -1   1  -1  -2  -3  -2  -2  -2   0  -1   8  -1   0    2   4   8   1  20   1   1   4   4   4   1   1   0   0   1   7   2  32   0   7  0.98 0.29
  213 G     0  -3  -2  -1  -3  -3  -3   5  -3  -3  -2  -3  -3  -4  -1   0   0  -4  -4  -2    7   0   0   2   0   0   0  67   0   0   5   0   0   0   2   5   5   0   0   3  0.95 0.29
  214 R    -2   5  -1  -2  -4   1   0  -1   0  -3  -3   4  -2  -4  -3   0  -1  -4  -3  -2    0  37   0   0   0   5   5   4   2   0   0  32   0   0   0   6   4   0   0   3  0.65 0.25
  215 W    -4  -4  -1  -4  -4  -3  -2  -4  -3  -4  -3  -1  -3   3  -5  -4  -4  11   2  -4    0   0   4   0   0   0   3   0   0   0   0   4   0  14   0   0   0  65   6   0  2.45 0.51
  216 E     2  -2  -2   1  -2   0   2   1  -2  -1  -2   0  -1  -2  -2  -1  -1  -3  -2   2   20   1   0   8   0   5  15  12   0   1   1   4   0   0   1   3   1   0   0  30  0.20 0.14
  217 A     4  -2  -2  -1   3  -2  -2  -1  -3  -2  -2  -2  -2  -3  -2   2  -1  -3  -3  -1   61   2   0   3   9   0   1   1   0   1   1   1   0   0   1  14   2   0   0   4  0.63 0.25
  218 R    -2   3  -1  -1  -4   2   5  -3  -1  -3  -2   0  -2  -3  -2   0  -2  -3  -3  -1    1  16   0   1   0   8  55   1   0   1   3   4   0   0   1   4   1   0   0   4  0.72 0.26
  219 M     0  -3  -3  -3  -2  -3  -3  -2  -3   5   0  -3   4  -2  -3  -2  -2  -3  -2   2    8   1   0   1   0   0   1   3   0  55   2   1  13   0   1   1   1   0   0  13  0.65 0.24
  220 G    -2   5  -1  -2  -3  -1   0   2  -1  -3  -2   1  -2   0  -2   0  -2   1  -2  -1    1  45   1   1   0   1   7  17   0   1   3   7   0   4   1   5   1   2   0   4  0.47 0.18
  221 Q    -1   2   0   3  -1   2   2  -2   1  -2  -2   0  -2  -3  -2  -1  -1  -3  -2  -1    3  16   3  19   1  15  20   1   3   1   4   2   0   1   1   1   1   0   0   7  0.33 0.14
  222 F    -2  -2  -2  -1  -3  -2  -2  -1  -2  -2  -1  -2   1   1   5  -1  -1  -2   2   1    1   2   0   4   0   0   1   5   0   1   6   1   4   7  42   4   3   0   8  11  0.68 0.20
  223 L     0   1   1  -1  -2   0   0   0   1   0   0   0   0   0   0   0   0  -1  -1   0    8   9   8   1   0   2   8   8   5   5  16   4   2   4   4   4   6   1   0   5  0.02 0.02
  224 G    -1   1   0  -1  -3   1  -1   3  -1  -2  -2   2  -2  -3  -2   1   0  -3  -2  -2    2  10   4   2   0   5   2  27   1   1   4  21   0   0   1  12   6   0   0   1  0.29 0.12
  225 K     0   3   2  -1  -3   0  -1   0   2  -3  -3   4  -2  -3   0  -1  -1  -3  -2  -3    9  16  14   0   0   3   0   5   7   0   1  36   0   0   5   1   1   0   0   0  0.45 0.19
  226 K     0   0   0   1  -1   1   1  -1  -1  -1  -2   2  -1  -3  -2   1   2  -3  -2  -1    8   4   1  10   1   4  11   2   0   6   1  16   1   0   1  10  18   0   0   3  0.18 0.10
  227 Y    -2   6   0   0  -3  -1  -1  -3   2  -3  -3   1  -2  -2  -3  -2  -2  -2   3  -3    1  56   4   5   0   1   1   1   5   1   1   6   0   1   1   1   1   0  14   1  0.80 0.26
  228 V    -2  -1  -2   1  -2  -2  -2  -3   2   2   2  -1   1   0  -3  -2  -1  -3  -1   3    1   3   0  11   0   0   1   1   7  18  19   3   2   3   0   1   1   0   1  28  0.23 0.13
  229 Y    -4  -4  -4  -4  -4   0  -4  -4   2  -4  -3  -4  -3  -1  -4  -4  -4  11   4  -4    1   0   0   0   0   5   1   1   6   0   1   0   0   0   0   1   0  67  15   1  2.60 0.51
  230 L    -2  -3  -4  -4  -2  -2  -3  -4  -4   2   5  -3   0  -1  -3  -3  -2  -3  -2   0    1   0   0   0   0   2   1   1   0  14  77   0   0   0   0   1   0   0   0   2  0.88 0.28
  231 G    -1  -3  -2  -3  -4  -3  -3   6   3  -4  -4  -3  -4  -4  -3  -1  -3  -4  -3  -4    1   0   0   0   0   0   1  78  10   0   1   0   0   0   0   4   0   0   0   1  1.36 0.34
  232 L     0  -2  -2  -2  -2  -2  -1  -3  -3  -2   1  -2  -1  -3  -2   1   5  -3  -3  -1    4   0   0   0   0   0   4   1   0   0  16   0   0   0   0   7  62   0   0   1  0.73 0.29
  233 F    -3  -4  -4  -4  -4  -4  -4  -4  -2  -2  -2  -4  -2   7  -4  -2  -3  -1   5  -3    0   0   0   0   0   0   0   0   0   0   1   0   0  71   0   3   0   0  21   0  1.61 0.41
  234 D     0  -1   1   4  -3   2   3  -1  -2  -3  -3   0  -3  -4   1   0  -1  -4  -3  -3    7   0   5  31   0  11  20   2   0   0   1   3   0   0   9   7   1   0   0   1  0.49 0.18
  235 T    -1  -2   2   0  -2  -2  -1  -2  -2  -2  -3  -2  -2  -3  -2   1   5  -4  -3  -2    1   0  13   5   0   0   2   2   0   0   1   1   1   0   0  10  61   0   0   1  0.78 0.31
  236 E     4  -2  -2   0  -2   1   2  -1  -2  -2  -2  -1  -2  -3   2   0  -1  -3  -2  -1   49   1   1   5   0   7  16   2   0   1   3   1   0   1   8   3   1   0   0   2  0.42 0.19
  237 E    -1  -1  -1   1  -3   1   5  -3   0  -1  -2  -1  -1  -3  -2  -1  -2  -3  -1  -1    3   1   1   5   0   5  64   1   1   4   2   1   2   1   1   1   1   0   2   4  0.74 0.26
  238 E     1  -1  -1   1  -3   1   5  -2  -1  -3  -2   0   3  -3  -2  -1  -1  -3  -2  -2   11   1   1   6   0   2  53   3   0   1   1   3  10   1   1   2   2   0   0   1  0.59 0.23
  239 A     5  -2  -2  -2  -2  -2  -2  -1  -2  -2  -2  -2  -2  -3  -2   0   0  -3  -2  -1   81   1   1   1   0   1   1   1   0   1   2   1   0   1   1   1   5   0   1   1  0.89 0.29
  240 A     5  -2  -2  -2  -2  -2  -1  -1  -2  -2  -2  -2  -1  -3  -2   0  -1  -3  -2  -1   81   1   1   1   0   1   3   2   0   1   2   1   1   1   1   1   1   0   1   1  0.89 0.29
  241 R    -1   5  -2  -2  -1   0   0  -3  -1   0   1   1   2  -2  -3  -1  -1  -3  -2  -1    3  50   0   1   1   1   4   0   1   6  13   4   6   1   0   4   1   0   1   2  0.51 0.22
  242 A     5  -3  -3  -3  -2  -3  -3   2  -3  -3  -3  -2  -3  -4  -3   0   0  -4  -4  -1   77   0   0   0   0   0   0  15   0   0   0   0   0   0   0   3   4   0   0   2  0.99 0.36
  243 Y    -4  -4  -4  -5   1  -3  -4  -5   4  -3  -1  -4  -3   1  -5  -4  -4   4   8  -3    0   0   0   0   4   0   0   0  12   0   5   0   0   1   0   0   0   5  72   0  1.77 0.47
  244 D    -3  -4   1   7  -6  -1  -1  -3  -3  -5  -6  -3  -5  -6  -4  -2  -3  -6  -5  -5    2   0   6  90   0   2   0   1   0   0   0   0   0   0   0   0   0   0   0   0  1.95 0.50
  245 R     2   1  -1  -1  -1   1   1  -2  -2   0  -1   2  -1  -3  -2   0   0  -3  -2   1   21   9   2   2   1   7  10   1   0   6   3  16   1   0   0   3   4   0   0  15  0.15 0.11
  246 A     6  -3  -3  -4  -3  -2  -2  -2  -4  -3  -4  -1  -3  -4  -3   0  -2  -5  -4  -2   93   1   0   0   0   1   1   0   0   0   0   2   0   0   0   2   0   0   0   0  1.39 0.46
  247 A     5  -3  -3  -4  -2  -2  -3  -2  -3  -3  -2  -1   1  -2  -3   0  -2  -4  -3  -1   80   0   0   0   0   1   0   0   0   0   3   4   5   1   0   3   0   0   0   4  0.99 0.38
  248 I     0   1  -3  -3   0  -1  -3  -3  -1   3   2  -1   1   3  -3  -2  -1  -2   1   1    7  11   0   0   2   1   0   0   1  23  20   4   2  16   0   1   1   0   6   5  0.25 0.14
  249 K     2   2   0  -1   2   1   1  -2  -1  -3  -2   3  -2  -3  -2   0  -1  -3  -1  -2   19  14   3   1   5   6   9   1   1   0   4  26   0   1   0   6   1   0   2   1  0.29 0.16
  250 C    -3  -3  -4  -5   3  -3  -4  -4  -3   1   3  -4   4   3  -4  -3  -1   2   3  -1    0   0   0   0   8   0   0   0   0   9  32   0  16  17   0   0   3   4  11   0  0.61 0.23
  251 N    -3   5   3   0   2  -1  -2  -3   0  -3  -3   2  -3  -3  -4  -2  -2   1   2  -4    0  47  16   4   6   0   0   0   1   1   1  13   0   0   0   1   0   3   8   0  0.77 0.30
  252 G     0  -2  -2  -3  -4  -2  -2   6  -3  -4  -4  -3  -4  -4  -3  -1  -3  -4  -4  -4    5   2   0   0   0   2   3  81   0   0   1   0   0   0   0   2   0   0   0   1  1.42 0.36
  253 K     0   3  -1  -1  -3   0   0  -1   0  -2  -1   0  -2  -1   3   1   0  -3  -2  -2    7  22   2   2   0   3   3   2   2   2   8   4   0   2  18  14   6   0   0   1  0.29 0.13
  254 D     0   1   1   2  -2   0   1   0  -1  -2  -1   2  -1  -2  -2   1   0  -3  -1  -2    5   5   9  13   1   2  10   5   1   1   5  17   2   2   1  16   3   0   2   1  0.18 0.09
  255 A     6  -3  -3  -3  -2  -2  -2   0  -3  -3  -3  -2  -2  -3  -2   0   0  -4  -3  -2   80   1   0   1   0   0   1   4   0   1   1   1   0   0   1   3   6   0   0   1  1.02 0.35
  256 V     0   2   0  -2   0   0  -1  -2   1   1   0   1  -1  -1  -1   0   0  -3  -1   2    8  15   5   1   3   1   2   1   4   8   9  12   0   1   2   5   3   0   1  20  0.09 0.08
  257 T    -2  -2  -2  -3  -2  -2  -2  -3  -3   0   3  -2   0   0  -3   0   4  -3  -1   0    1   1   1   1   0   1   1   1   0   3  42   1   0   2   1   6  35   0   1   3  0.49 0.22
  258 N    -3  -2   7  -1  -4  -2  -2  -2  -2  -4  -2  -2  -3  -4  -3   0  -2  -4  -3  -4    1   1  82   1   0   1   1   1   0   1   5   1   0   0   1   4   1   0   0   1  1.61 0.43
  259 F    -2  -3  -4  -4  -3  -4  -4  -4  -3   0  -1  -4  -2   8  -4  -3  -3  -1   1  -2    4   1   1   1   0   1   1   1   0   5   4   1   0  77   1   1   1   0   0   1  1.46 0.37
  260 D     1  -1  -2   1  -3  -1   1  -2  -2  -2  -3  -1  -3  -3   6  -1  -1  -3  -3  -2   12   2   1  10   0   1   9   3   0   1   2   3   0   1  48   3   2   0   0   2  0.92 0.23
  261 P    -1  -2   0   2  -1   0   1  -1   1   0   0  -1   0  -2   3   0   0  -3  -1   0    3   1   4  14   1   3  11   2   5   4  10   1   4   1  15   6   6   0   1   8  0.17 0.08
  262 S    -1   0   1   1  -3   0   2  -1   2  -2  -1  -1  -2  -2   1   2   0  -3  -1  -2    2   4   5   6   0   3  21   3   7   2   7   1   0   1   7  21   6   0   1   2  0.22 0.13
  263 I     1   0  -1  -1   0  -1  -1  -2  -1   1   1   0   0  -1   0   0   0  -2  -1   1   12   8   2   4   2   2   1   1   1  14  15   4   0   2   3   9   3   0   1  15  0.06 0.06
  264 Y    -1   1  -1  -1  -1  -1  -1   0   1  -1  -1  -1  -1   1  -2  -1  -1   3   4   0    3  10   3   2   1   2   4  10   3   2   6   1   1   5   1   5   3   6  21  10  0.17 0.11
  265 A    -1   0   1   1  -2   1   0  -1  -1  -2   0   2  -1  -2   0   1   1  -3  -1  -1    3   4  10   9   0   7   6   3   1   1  13  15   1   0   5  10   8   0   1   2  0.13 0.08
  266 G     0   0   1   0  -2   0   1   1  -1  -1   0   0   1  -1  -1   0   0  -1  -1   0    6   4   9   5   1   5  10  13   1   3   7   4   7   3   2   7   5   0   2   6  0.05 0.04
  267 E    -1   1   0   2  -3   0   4  -2   2  -3  -2   0  -1  -3   1   1  -2  -3  -2  -2    2   6   3  10   0   2  39   2   5   1   4   5   2   1   6  11   1   0   0   2  0.44 0.20
  268 F     0  -1  -1  -1  -1  -1  -1   0  -1   0   1   0   0  -1   1   0   0  -2  -1   1    6   2   2   3   1   1   4  10   2   6  19   7   1   1   8   8   3   0   2  11  0.04 0.04
  269 E     0   0   2   2  -1   0   1  -1   0  -1  -1   0  -1  -2   2   0  -1  -3  -2  -1    6   3  11  14   1   1  14   4   2   4   7   5   2   0  10   8   2   0   1   4  0.15 0.08
  270 P     0   0  -2  -1  -1  -1   1  -2  -2   0   1  -1   1  -2   4   1   0  -3  -2  -1    5   5   0   2   1   1   9   1   0   5  18   2   6   0  21  12   4   0   1   4  0.26 0.14
  271 P     1   0   1   0  -3   0   1  -1  -1  -1  -1   1   2  -2   2   0   0  -3  -2   0   11   4   9   3   0   1   8   2   1   3   3  12   8   1  13   8   7   0   0   6  0.17 0.11
  272 A     1   0  -1   0  -2   0   0  -1  -2   0   0   0   0   0   0   2   1  -3  -2  -1   16   4   2   5   0   4   4   4   0   6  11   4   2   5   3  19   8   0   0   3  0.08 0.09
  273 A     1   0   1  -1  -2  -1  -1   2   1  -1  -1  -1  -2  -2   1   1   0   0  -1  -1   13   4   6   2   1   2   2  18   4   3   7   0   0   0   8  17   6   1   2   3  0.16 0.11
  274 A     2   0   0  -1  -2  -1  -1  -1  -1   0   0  -1   1  -1   1   1   1  -3  -1   0   22   5   6   2   0   1   3   2   1   3   8   1   5   3   6  13  10   0   1   9  0.11 0.11
  275 T     0   0   0   0   0   0  -1  -2   4   0  -1   1  -2  -3   0   2   0  -3  -1   0    5   3   2   5   3   3   1   1  13   9   3  10   0   0   4  22   6   0   2   6  0.17 0.14
  276 G     1   0  -1  -1  -2   0   0   1  -2   0  -1   0  -2  -1   2   2   0  -3  -2  -1    9   6   1   2   1   4   5  11   0   6   4   7   0   3  12  21   3   0   0   5  0.16 0.11
  277 D     0   1   1   1   1   1   2   0   0  -2  -2   2  -2  -3   0   1  -1  -3  -2  -2    5   5   8   8   4   4  16   7   2   2   3  19   0   0   4   9   2   0   0   3  0.20 0.12
  278 A     1  -1  -1   0  -2   0  -1   2  -2   0  -1  -1  -2  -3   0   1   0  -1  -1   0   15   3   2   5   0   4   2  23   0   8   4   3   0   0   5  15   4   1   1   5  0.18 0.12
  279 A     1   0   2  -1   0   0   0  -1   0   0  -1   0   0  -2   1   1   0  -3   0   1   19   4  12   2   2   2   4   3   2   6   3   3   2   0   6  11   3   0   4  11  0.09 0.09
  280 E     0   0   1   3  -3   0   2   0  -1  -2  -2   0  -2  -2   1   0  -1  -3  -2  -2    8   5   9  20   0   3  16   7   1   2   4   5   0   1   7   7   2   0   1   1  0.25 0.13
  281 H     0   0  -1  -1  -3  -1  -1  -2   5  -1   0   1   1  -2   1   1  -2  -3  -2   1    6   3   2   2   0   2   2   1  22   4   8  11   4   1   7  12   0   0   0  11  0.29 0.19
  282 N     0   1   3   2  -3   0   1  -1  -1  -2  -1   1  -2  -3  -1   0   0  -3  -2  -1    9   7  20  12   0   4   9   4   1   0   9   9   0   0   3   4   3   0   1   3  0.20 0.12
  283 L     1   0   0   0  -2   0   0  -2  -2   0   1   1   1  -1   0   0  -1  -3  -2   0   13   6   5   5   0   4   8   0   0   5  20  11   3   2   4   5   3   0   0   7  0.07 0.07
  284 D     0   1   1   3  -4   1   2  -1  -1  -3  -2   2  -2  -2  -2  -1  -1  -4  -3  -3    8   9   7  20   0   8  15   4   1   0   4  16   0   1   1   2   2   0   0   0  0.34 0.18
  285 L     0  -2  -2  -1   2   0   0  -2   1   1   3  -1   0  -1  -3  -1  -2  -3   0   0    6   1   1   2   5   5   6   3   4   9  37   4   2   1   0   4   0   0   2   6  0.18 0.14
  286 S     1  -1   2   0  -1   0   1  -2  -2  -3  -1   0  -2  -1  -1   3   1  -4  -2  -2   15   3  10   3   1   4   8   1   0   0   6   4   0   3   1  29   9   0   1   0  0.27 0.19
  287 L    -1   0  -1  -3  -2  -1  -2  -3  -2   1   3  -1   1  -1  -1   0   0  -3   1   1    5   5   2   0   0   2   2   0   0   6  38   4   4   1   2  10   6   0   6   8  0.22 0.16
  288 G     0   1   0   0   0   0   0   2  -1  -2  -1   0  -1  -1   1   0   0  -3  -2  -2   10   9   4   5   2   3   7  23   1   3   5   4   1   2   7   8   5   0   0   2  0.15 0.09
  289 S     0  -1   1   0   2   1   1  -1   0   1  -1  -1  -1  -1  -1   1   0  -3  -2   0   10   3   7   3   6   9   9   5   2  15   3   2   0   2   2   9   7   0   0   5  0.09 0.11
  290 S     1   0   0  -1  -3   0   1  -1  -3   0  -2   1  -3  -4   1   3   0  -4  -3  -3    9   3   4   2   0   3   9   4   0   6   3  10   0   0   7  34   6   0   0   0  0.33 0.23
  291 A     1  -1  -2  -2   1   1   0  -1  -3  -1   0  -1   0  -3   0   3   0  -4  -3   0   15   3   0   1   3   7   7   3   0   2  12   1   2   0   5  31   4   0   0   6  0.24 0.20
  292 G     0   0   1  -1  -1   0   0   1  -2  -1  -2  -1  -1  -3   2   3   0  -4  -1   0    5   4   6   2   1   3   7  10   0   2   2   3   1   0  11  28   3   0   2   8  0.23 0.17
  293 S    -1   1   2  -1   2   1   0  -1   2  -3  -2   0   0  -3  -3   3   0  -4  -3   0    3   7   9   3   5   8   6   3   5   0   3   6   4   0   0  27   3   0   0   8  0.24 0.19
  294 K     0   3   0  -1  -3   0   0   0  -2  -1  -1   2  -1  -2  -2   2  -1  -1  -1  -2    8  18   5   1   0   2   7   6   0   4   8  12   2   1   1  18   2   1   2   1  0.16 0.14
  295 R    -1   4   1   0  -4   1   1  -2  -1  -2  -3   2  -1  -2  -1  -1   1  -4  -3   0    3  27   8   4   0   7   9   2   1   2   0  15   1   1   3   2   8   0   0   7  0.36 0.21
  296 G     0   2   1  -1  -1  -1   0   0  -1  -2  -1   2   0   0   0   0   1  -3  -2   0    6  12   9   1   2   1   3   8   1   0   4  17   3   6   4   7   8   0   0   8  0.11 0.11
  297 N     0   1   2  -2  -3   1   0  -2  -2  -1  -3   0  -3  -2   4   0   1  -4  -1  -1    8   9  13   0   0   7   6   1   0   4   0   6   0   1  24   7   8   0   2   3  0.41 0.21
  298 V     1   1  -1  -1  -2   0   0  -2  -1   0  -1   2   0  -3   0   0   0  -3  -2   2   17   7   3   3   0   4   4   2   1   6   3  16   2   0   3   7   4   0   0  18  0.13 0.12
  299 D    -2   1   2   3  -3   1   0  -3  -2  -1   0  -1  -2   1  -1   0  -2  -3  -2   0    0  11  11  25   0   8   4   0   0   4   8   2   0   7   3   9   0   0   0   7  0.28 0.19
  300 G     1  -1   0   1  -3   0   1   2   1  -1  -3   0  -2  -2   1   1   0  -3   0  -1   10   1   4   9   0   3  13  17   3   5   0   4   0   2   7  10   4   0   4   2  0.18 0.12
  301 G    -1  -1   1   1   0   0   1   1  -1  -2  -1  -1  -2   1  -2   1   1  -3   0   0    3   3   6  10   2   2  10  12   1   0   4   3   0   8   0  13  11   0   4   8  0.10 0.11
  302 G    -1   0   0   0  -3   0   0   3  -2  -2  -1  -1   1   0   1   1   1  -3  -3  -1    3   4   3   6   0   3   6  26   0   0   7   1   6   4   7  12   9   0   0   3  0.21 0.15
  303 D     1   0   1   3  -1   0   0   0   1  -2  -2   1  -2  -1  -1   1   0  -3  -1  -2   11   5   8  20   1   2   5   9   3   3   1   9   0   3   2  10   4   0   1   3  0.17 0.12
  304 D     0  -2   1   1  -3   0   2  -1   3  -1   1   0   0  -1  -3   1   0  -3   1  -2    7   0   7   9   0   3  16   3  10   2  15   5   2   1   0   9   5   0   5   1  0.15 0.14
  305 E     1   3   1   1  -3   0   2  -1  -1  -3  -3   1  -3  -4   0   0   1  -4  -2  -2   12  18   9   8   0   3  16   4   1   0   0   6   0   0   4   4  11   0   1   3  0.28 0.18
  306 I     0   1  -1  -1  -2   1   0  -3  -1   1   1   0  -1  -2  -1   0   1   0  -2   1    8   8   2   3   0   8   8   0   1   7  17   3   0   0   3   8   9   1   0  14  0.09 0.10
  307 T     1  -1   0  -1  -2   1   1   0  -2  -1  -1   0  -1   0  -2   2   1  -2   0  -1   15   2   3   2   0   8  11   6   0   2   6   3   0   6   0  19   8   0   4   5  0.12 0.12
  308 G     0  -2  -1  -1  -2  -2   0   3  -2   0  -2   0   0  -3  -1   0   1  -3  -1   1    6   0   2   3   0   0   6  28   0   6   1   6   2   0   2   7  12   0   2  16  0.22 0.15
  309 G    -1   0  -1   0   2   0   1   1  -1   0  -1   0   0  -2   2   0   1   0  -2  -1    4   6   0   6   5   4  11  12   2   7   5   4   4   0   9   3  13   2   0   4  0.10 0.09
  310 G    -1   0   2  -1  -3  -1   1   2   0  -1  -2  -1  -1  -3  -1   1   0  -3  -2   1    2   5  13   2   0   2  10  23   3   4   1   1   2   0   2  12   5   0   0  12  0.20 0.14
  311 G     0  -1   0  -2  -2   0   0   3  -2   0   0   1   1  -1  -2   0  -1  -2   0  -1    7   2   6   1   0   4   7  24   0   4  13  10   4   3   0   7   1   0   4   4  0.13 0.10
  312 G    -1   0   1   0  -3   0   2   2   3  -2  -2   0  -2  -1  -1   0  -2  -3   1  -3    5   6   9   2   0   4  16  19  11   2   2   3   0   2   2   8   0   0   6   0  0.25 0.15
  313 G     1  -1   1   0   1  -1   0   2   1  -1  -1  -1  -1  -1   0   1  -1  -2   1  -1   11   2   6   6   4   2   5  21   5   2   4   2   2   2   4  11   2   0   6   4  0.11 0.08
  314 A     1   0  -1   0  -3   1   2  -2  -2  -2  -1   2  -2   1  -2   1   1  -3  -2   0   16   4   2   5   0   7  14   0   0   0   4  14   0   7   0  10   8   0   0   8  0.17 0.14
  315 G     0  -2  -2  -1  -3   1   0   0   0   0  -1  -1  -2  -3   5  -1   0  -4  -3   1    8   0   0   2   0   6   5  10   3   7   7   2   0   0  29   2   8   0   0  10  0.41 0.18
  316 S     0   0   1   1   2   1   3  -2   0  -2  -1  -1  -2  -4  -3   3  -1  -4  -3  -2    6   5   9   6   5   5  21   0   2   2   5   0   0   0   0  31   2   0   0   2  0.35 0.22
  317 D    -1  -1   2   1  -3   1   3  -2   0  -2  -2   0  -2  -3   2   0   0  -4  -3  -1    4   2  14   8   0   4  24   0   2   2   4   4   0   0  12   7   6   0   0   4  0.32 0.16
  318 Q    -1  -1   1   1  -3   2   3   0   0   0  -3   0  -2  -3   0   2  -1  -4  -3  -2    4   2   7   7   0  12  25   8   2   7   0   4   0   0   5  17   0   0   0   0  0.31 0.17
  319 R    -1   3  -1  -1   1   1   0   1  -1  -2  -1   0  -1   1  -3  -1  -1  -2   1   0    2  23   3   3   4   6   5  10   0   0   7   6   0   9   0   2   3   0   8  10  0.14 0.12
  320 V     0   0  -1  -2   2  -2  -1  -2  -2   1   1  -1   0   0  -1   0   1   1   0   2    5   5   2   0   7   0   2   3   0  10  15   2   0   4   2   6  13   2   2  19  0.10 0.09
  321 P    -1  -3  -2   0  -3  -2  -2   1  -3   0   0  -2  -2  -3   5   2   0  -4  -1  -2    2   0   0   5   0   0   0  10   0   6  10   0   0   0  39  19   5   0   3   0  0.71 0.26
  322 M     0   0   1  -1   1  -1  -2  -1  -2   0   1   0   2  -2  -1   1   1  -3  -2   0    5   5  11   2   4   2   0   5   0   8  12   3  10   0   2  13  14   0   0   3  0.11 0.11
  323 A     2  -2   1  -1  -2  -2  -1  -1  -2   0  -1  -1  -2  -1   0   2   3  -3   0   0   24   0   6   2   0   0   2   2   0   5   3   4   0   3   3  14  23   0   3   5  0.23 0.16
  324 F    -2  -1   0  -3   2   1  -1  -3  -2  -1  -1  -2   2   4  -1   0   2   5   1  -1    0   4   6   0   5   7   3   0   0   3   5   0   6  23   2   5  16  10   3   3  0.33 0.19
  325 D    -2  -2   1   0  -3   0   1  -2   0  -2   1   0   5   0  -1   1  -1  -3   0  -2    0   0   6   5   0   2  11   3   3   0  13   5  29   3   3  13   3   0   3   0  0.28 0.21
  326 L    -1  -1  -2  -1  -2   0   1  -2   0   0   2   0   2   1  -3  -1   0  -2  -1   1    2   2   0   3   0   6  10   3   3   3  27   7   9   9   0   3   5   0   0   9  0.12 0.11
  327 D    -1  -2   0   3  -4   2   3  -1  -2  -1  -2  -1  -2   0   2   0  -2  -4  -3  -3    5   0   2  25   0  12  21   5   0   5   4   0   0   6   9   6   0   0   0   0  0.39 0.20
  328 W    -1  -2   1   1   0  -1   3  -3   0  -3   0   0   0   1   0   0  -2   5   0  -3    3   0   6   6   2   0  29   0   3   0  10   6   3   8   4   7   0  11   3   0  0.33 0.19
  329 Q    -1   0   1   2  -3   1   3  -1   2  -3  -1   1   0  -3  -1   1  -1  -4  -2  -2    3   3   5  15   0   5  27   3   6   0   8   7   3   0   3  10   0   0   0   3  0.29 0.16
  330 T    -1  -2   0   0  -2  -1  -1  -3  -2  -1   1   0   3   0   0   0   2   1  -2   0    3   0   3   6   0   0   3   0   0   0  17   4  15   3   3   6  23   3   0   7  0.18 0.14
  331 A     3  -2  -2  -2  -2  -2  -2   0  -2  -1  -1  -1  -2  -3   0   1   3  -3  -2   0   31   0   0   0   0   0   1   4   0   0   4   4   0   0   3  13  28   0   0   8  0.34 0.18
  332 A     3  -2  -1  -2  -2  -1   0   1  -2  -2  -2  -1   0  -3   1   1   1  -3  -2   0   40   1   0   1   0   0   7  12   0   1   1   1   4   0   6  14   8   0   0   5  0.31 0.15
  333 A     2  -2  -2  -2   4  -1  -1   0  -2  -1  -1  -2   2  -2   1   1   0  -3  -2   0   26   0   0   0  12   0   4   7   0   3   5   0   8   0   7  15   5   0   0   4  0.23 0.12
  334 R     1   1  -1   0  -2  -1   0  -2   3  -2  -2  -1   0  -2   2   2  -1   2   0  -2   12  12   1   6   0   1   4   1  13   1   1   1   4   0  10  24   1   3   4   1  0.26 0.13
  335 S    -1   1   1   1   3  -1   0  -2  -2  -2  -2   0  -2  -3   1   3   0  -3  -2  -1    1   9   5  11   8   1   4   1   0   1   1   5   0   0   8  38   1   0   0   7  0.30 0.14
  336 T    -1   0   0   2  -2   0   0   1  -1  -1  -1  -1  -1   0   2   1   2  -2  -2  -1    1   6   1  16   0   6   5  11   0   1   5   1   0   5   9   9  18   0   1   5  0.15 0.07
  337 K     0   1  -1   1  -2   0   1  -2  -1  -2  -1   3  -1   0  -2   0   0  -2  -2   0    9   6   1  10   0   1   6   1   0   1   5  37   0   5   1   5   5   0   0   7  0.21 0.10
  338 A     2   1  -1  -1  -2   0   1   2  -2  -2   0  -1   1  -2  -2   1   0  -3  -2  -1   23   9   0   0   0   4  10  18   0   0  11   0   5   0   0  13   5   0   0   0  0.18 0.10
  339 K    -1   0   1  -2   1   0  -1   0  -2   2  -1   1   1  -2  -2  -1   0  -3  -2   1    1   4  10   0   5   5   0  10   0  28   1  16   5   0   0   0   5   0   0  10  0.12 0.10
  340 F    -1  -2  -2  -3  -2  -2  -2  -3  -2  -1   0  -1   1   5   1   1   0   3   0  -1    1   0   0   0   0   0   0   0   0   0   7   5   5  36   9  19   5   6   0   5  0.38 0.15
  341 D     1  -2   1   3  -2  -1   2   1   1  -3  -3  -1  -2   0  -2   0   0  -3  -2  -2   21   0   6  28   0   0  13  10   4   0   1   0   0   5   0   5   5   0   0   0  0.31 0.11
  342 Q    -1   2  -1   0  -2   1   0  -1   2   1  -1   1   2  -2  -2   0   0  -3  -1   0    1  20   0   5   0   9   5   5  10  10   1   5  10   0   0   5   5   0   0   8  0.14 0.09
  343 N    -1  -2   0   1  -3  -2  -1   1  -2  -2   0  -2  -2  -1   5   0   0  -3  -2  -2    1   0   5  10   0   0   0  15   0   0  11   0   0   4  39   6   6   0   0   0  0.63 0.14
  344 S    -1  -1   1  -1  -2  -1   0   1  -1  -2   0   0   1  -2   3   2   0  -3  -2  -2    1   1  10   1   0   1   6  11   0   1  11   6   6   0  18  22   5   0   0   1  0.25 0.09
  345 N    -2   0   4  -1  -3  -1   0  -3   1   0   3  -2   0  -2   0  -2  -2  -3  -2  -1    0   6  33   0   0   0   5   0   5   5  40   0   0   0   6   0   0   0   0   0  0.35 0.17
  346 H     1   2   0  -2  -2  -1  -1  -2   1   0   1  -1  -1  -1   1   1  -1  -2   1  -1   12  18   5   0   0   0   0   0   6   6  21   0   0   0   6  19   0   0   6   0  0.13 0.09
  347 P    -2   0  -2   1  -4  -2  -2  -3   3  -3  -1  -2  -2  -3   6  -2   0  -4  -3  -3    0   6   0  12   0   0   0   0  11   0   8   0   0   0  58   0   5   0   0   0  1.17 0.21
  348 Q     2   1   1   1  -2   2   1  -1  -1  -1  -1   0  -1  -2  -2   0   0  -3  -2   0   32   7   6   7   0  19   5   0   0   0   6   0   0   0   0   0   7   0   0   9  0.17 0.08
  349 M    -1  -2  -2  -3  -2  -1  -2  -3   1   2   1  -2   4  -1   1   0   0   5  -1   0    0   0   0   0   0   0   0   0   5  16  11   0  26   0   7  12   7  12   0   0  0.32 0.12
  350 P     0  -3   0  -2  -4  -2  -2  -3  -3  -3  -3  -2   1  -4   7  -2  -2  -5  -4  -3    6   0   7   0   0   0   0   0   0   0   0   0   7   0  80   0   0   0   0   0  1.86 0.28
  351 P     0   0  -2   0  -3  -1   0  -2  -2  -3  -3   1  -2  -4   6   0  -1  -4  -3  -1   11   7   0   4   0   0   7   0   0   0   0   9   0   0  50   7   0   0   0   6  0.89 0.15
  352 V    -1  -2  -2  -2  -2  -1   0   0  -2   1   0   0   2  -2  -2   0   0  -3  -2   3    0   0   0   0   0   0   7  11   0   5   6   9  11   0   0   6   7   0   0  38  0.15 0.09
  353 L    -1  -2  -2  -2  -2  -1   0  -1  -2   1   1  -2   2   1   1  -2  -1  -1   2   2    0   0   0   0   0   0  11   4   0  11  14   0  14   7   6   0   0   0   9  20  0.14 0.07
  354 Q     1   2  -1  -1  -2   3   1   0  -1  -2  -2   0   1  -3  -2   1  -1  -3  -2  -2   14  16   0   0   0  28   8   7   0   0   1   0   7   0   0  16   0   0   0   0  0.28 0.09
  355 V    -1  -2  -2  -3  -2  -2  -2   0  -3   1   1  -2   0  -1   0  -1   1   6  -1   2    1   0   0   0   0   0   0   8   0   0  18   0   0   0   5   1  13  16   0  34  0.31 0.08
  356 T    -1  -1   2   1  -2   0   1  -2  -1  -1  -2   1  -1  -3   2   0   3  -3  -2  -1    1   0  16   5   0   0  10   1   0   5   1  11   0   0  13   1  34   0   0   0  0.31 0.08
  357 H    -1   0   0  -1  -2   1   2  -2   5  -2  -2   1  -1  -1  -1   0  -1  -1   3  -2    1   1   1   1   0   7  16   1  32   1   1  12   0   1   1  10   1   0  13   1  0.35 0.06
  358 L    -1  -1   2  -1   2   0  -1  -2   2  -1   1   1   3   0  -2  -1  -1  -1   2  -1    1   0  15   0   7   0   1   1   7   0  12  16  24   0   0   1   1   0  14   1  0.12 0.05
  359 P    -1  -1  -1   2  -2   0   0   1  -1  -2  -2  -1  -2  -3   5  -1  -1  -3  -2  -2    1   1   1  16   0   7   1  16   0   1   2   1   0   1  46   1   1   0   1   1  0.77 0.05
  360 F    -2  -2  -2   0  -2  -2  -2  -3   2   0   1  -2   0   5  -3  -2  -2   5   2  -1    1   1   0   8   0   0   1   1   8   1  17   1   0  48   1   1   1  11   0   1  0.40 0.05
  361 S     0   0   0  -1  -1   1   0  -1   3  -1   0   0   2  -1  -1   1   1  -2  -1  -1    1   1   1   1   0  13   1   1  13   1   1   1  21   1   1  23  17   0   1   1  0.14 0.01
  362 P     1  -2  -1  -2  -2  -1  -1  -2   2  -1   0  -1  -1  -2   5   1  -1  -3  -1  -1   16   0   0   0   0   0   0   0  12   0  21   0   0   0  34  16   0   0   0   0  0.47 0.02
  363 R    -1   4   0  -1  -3   4   1  -2   0  -3  -2   1  -1  -3  -2   1  -1  -3  -2  -2    0  42   0   0   0  45   0   0   0   0   0   0   0   0   0  13   0   0   0   0  0.53 0.03
  364 H     0  -1   0  -1  -2   0   0  -2   6  -3  -3  -1  -2  -2   3   2   0  -3   0  -3    0   0   0   0   0   0   0   0  50   0   0   0   0   0  16  33   0   0   0   0  0.57 0.03
  365 H    -2   1   0  -1  -3   0   0  -2   7  -3  -3   0  -2  -2   3  -1  -2  -3   1  -3    0  13   0   0   0   0   0   0  71   0   0   0   0   0  16   0   0   0   0   0  0.79 0.04
  366 H    -1   0   2  -1  -3   2   0  -2   5  -3  -3   0  -2  -3   4  -1  -1  -3   0  -3    0   0  13   0   0  21   0   0  38   0   0   0   0   0  29   0   0   0   0   0  0.66 0.03
  367 Q     0  -1  -1  -1  -2   2   0  -2  -1   0   2  -1   2  -1  -2   2   0  -2  -1   0    0   0   0   0   0  22   0   0   0   0  33   0  13   0   0  33   0   0   0   0  0.16 0.02
  368 F    -2  -3  -3  -4  -2  -3  -3  -3  -1   0   2  -3   0   5  -3  -2  -2   1   4  -1    0   0   0   0   0   0   0   0   0   0  25   0   0  59   0   0   0   0  16   0  0.57 0.03
  369 L     1  -2  -2  -2  -2  -1  -2  -2  -2   0   2  -2   2  -1   5  -1  -1  -2  -2   0   16   0   0   0   0   0   0   0   0   0  34   0  12   0  37   0   0   0   0   0  0.54 0.02
  370 S     2  -1   2  -1  -1   0  -1  -1  -1  -2  -1  -1   1  -2  -1   3   1  -3  -2  -1   21   0  16   0   0   0   0   0   0   0   0   0  13   0   0  50   0   0   0   0  0.27 0.02
  371 N    -1   0   4   0  -3   3   0  -1   0  -3  -3   0  -2  -3   3   1   0  -3  -2  -3    0   0  38   0   0  33   0   0   0   0   0   0   0   0  16  13   0   0   0   0  0.49 0.02
  372 G     0  -1  -1  -1   4   1   1   3  -2  -1  -2  -1  -2  -3  -2  -1  -1  -3  -2   0    0   0   0   0  16  13  16  42   0   0   0   0   0   0   0   0   0   0   0  12  0.34 0.02
  373 D    -1  -1   0   3  -2   0   0  -2   4   0  -1  -1  -1  -2  -1  -1  -1  -2  -1   0    1   1   1  39   0   1   1   1  21  13   1   1   0   1   1   1   1   0   1  14  0.23 0.01
  374 P     1  -2  -1   2  -2  -1   0  -1  -2   0  -2  -1  -2  -3   5   1  -1  -3  -2  -1   16   0   0  21   0   0   0   0   0  13   0   0   0   0  38  12   0   0   0   0  0.58 0.02
  375 G     0  -1   0  -1  -2   2   0   3  -1  -3  -3   0  -2  -3  -1   2   0  -3  -2  -2    0   0   0   0   0  21   0  38   0   0   0   0   0   0   0  41   0   0   0   0  0.43 0.02
  376 T     0   1   0  -1  -2  -1  -1   1  -1  -2  -2   0  -1   2  -2   2   2  -2   0  -1    0  16   0   0   0   0   0  12   0   0   0   0   0  16   0  33  22   0   0   0  0.19 0.02
  377 A     2  -1   0  -1  -1  -1  -1   1  -1  -2  -2  -1  -1   2  -1   3   0  -2   0  -1   22   0   0   0   0   0   0  12   0   0   0   0   0  16   0  50   0   0   0   0  0.25 0.02
  378 G     0  -2  -1  -1  -2  -2  -2   5  -2  -1  -2  -1  -2  -3  -2   1  -1  -3  -3   0    0   0   0   0   0   0   0  67   0   0   0   0   0   0   0  16   0   0   0  16  0.58 0.02
  379 G     0  -2   2   2  -3  -1  -1   5  -1  -4  -4  -1  -3  -3  -2   0  -1  -3  -3  -3    0   0  16  16   0   0   0  67   0   0   0   0   0   0   0   0   0   0   0   0  0.72 0.02
  380 L    -1  -1  -1  -2  -2   1  -1   2  -2   0   2  -1   0  -1  -2   0   1  -2  -2  -1    0   0   0   0   0  16   0  25   0   0  38   0   0   0   0   0  21   0   0   0  0.16 0.02
  381 S     2   2   0  -1  -2   0   0   1  -1  -2  -2   2  -2  -3  -1   2   0  -3  -2  -2   21  16   0   0   0   0   0  13   0   0   0  16   0   0   0  34   0   0   0   0  0.27 0.01
  382 L    -1   1  -1  -1  -2   0   1   2  -2   0   1   0   0  -2  -2  -1  -1  -3  -2   1    0  16   0   0   0   0  16  25   0   0  22   0   0   0   0   0   0   0   0  21  0.11 0.01
  383 T     1   1  -1  -1  -1   0  -1  -1  -1   0  -1   1  -1  -2  -1   1   2  -3  -2   1   21  12   0   0   0   0   0   0   0   0   0  16   0   0   0  13  22   0   0  16  0.16 0.01
  384 I     1  -2  -2  -2  -2   1  -1   1  -2   1  -1  -1  -1  -2   4   0  -1  -3  -2   0   21   0   0   0   0  12   0  13   0  22   0   0   0   0  33   0   0   0   0   0  0.43 0.02
  385 G     0   1   0  -1  -2  -1  -1   3  -1  -2  -1   0   2  -2  -2   1   2  -2  -2  -1    0  13   0   0   0   0   0  34   0   0   0   0  16   0   0  16  21   0   0   0  0.25 0.02
  386 A     3  -1  -1   0  -2   2   3  -1  -1  -2  -2   0  -1  -3  -1   1   0  -3  -2  -1   55   0   0   0   0  13  33   0   0   0   0   0   0   0   0   0   0   0   0   0  0.35 0.02
  387 G     1  -1   0  -1  -2  -1  -1   4  -1  -2  -2   1  -2  -2  -1   0  -1  -2  -2  -2   14   1   1   1   0   1   1  52   0   1   2  18   0   1   1   1   1   0   1   1  0.40 0.01
  388 M     1   2  -1  -1  -1   0   1  -1  -1   0   0   0   2  -1  -1   0   0  -2  -1   1   14  17   1   1   0   1  14   2   0   1   2   1  22   1   1   1   1   0   1  18  0.08 0.01
  389 A     3  -1  -1  -1  -1  -1  -1  -1  -1  -1   0  -1   0  -1   3   0   0  -2  -1   0   52   1   1   1   0   1   1   2   0   1  14   1   0   1  17   1   1   0   1   1  0.27 0.01
  390 G     0  -1   0   0  -2   0   2   2  -1  -2  -2   0  -1  -2   3   0  -1  -2  -2  -2    3   2   1   2   1   1  31  24   1   2   3   2   1   1  18   2   2   0   1   2  0.32 0.01
  391 H    -1  -1   0  -1  -2   0   0  -1   6  -1   0  -1   0  -1  -1   1  -1  -2   1  -1    2   1   1   1   0   1   1   2  47   1  18   1   0   1   1  18   1   0   1   1  0.29 0.02
  392 W    -1  -2  -2  -2  -2  -1  -2   1  -2  -1   0  -2   3   0  -2  -1  -1   8   0  -1    2   1   1   1   0   1   1  18   0   1   2   1  25   1   1   1   1  38   1   1  0.67 0.02
  393 P     1   2  -2  -2  -3  -1  -1  -2  -2  -3  -3   0  -2  -3   6  -1  -1  -3  -3  -2   16  25   0   0   0   0   0   0   0   0   0   0   0   0  59   0   0   0   0   0  1.07 0.03
  394 P    -1  -2  -2  -2  -3   2  -1  -2  -2  -3  -3  -1  -2  -2   6  -1  -1   6  -1  -3    0   0   0   0   0  16   0   0   0   0   0   0   0   0  67   0   0  16   0   0  1.40 0.04
  395 Q     0   0   0  -1  -1   2   0  -1  -1  -1   1   1   0  -1  -1   1   0  -2  -1  -1    2   1   1   1   0  23   2   2   1   1  23  18   1   1   1  18   1   0   1   2  0.11 0.01
  396 Q    -1   0  -1  -1  -2   3   0  -2   0  -1  -1   0   0   4  -1  -1  -1   0   1  -1    2   1   1   1   0  39   2   2   1   1   2   1   1  38   1   2   1   0   1   2  0.24 0.02
  397 Q     0   2  -1  -1  -2   2   0  -2  -1  -1  -2   1  -1  -3   3   1   0  -3  -2   0    0  25   0   0   0  22   0   0   0   0   0   0   0   0  16  21   0   0   0  16  0.30 0.02
  398 Q    -1   0   3   0  -2   2   0  -1   4  -3  -2   0  -1  -2  -2   1   1  -3  -1  -2    0   0  21   0   0  22   0   0  25   0   0   0   0   0   0  16  16   0   0   0  0.35 0.02
  399 G     2  -1   0  -1  -1  -1  -1   4  -1  -2  -2  -1  -2  -2  -1   1   0  -2  -2  -2   22   1   1   1   0   1   1  48   0   1   1   1   0   1   1  18   1   0   1   1  0.42 0.01
  400 W     1  -2  -2  -3  -2  -1  -2  -1  -2  -2  -1  -2  -1   0  -2  -1  -1  10   1  -2   22   1   1   1   0   1   1   1   0   1   1   1   0   1   1   1   1  63   1   1  1.31 0.04
  401 G     0  -1   0   0  -1   0   0   2  -1  -1  -1   0  -1  -1   0   1   0  -1  -1  -1    4   3   3   3   1   2   4  26   1   3   5   3   1   2   3  25   3   1   2   4  0.14 0.00
  402 N     0   0   3   0  -1   0   0   0   0  -2  -2   0  -1  -2  -1   3   1  -2  -1  -1    3   2  23   2   1   1   2   2   1   2   3   2   1   1   2  48   2   0   1   2  0.24 0.01
  403 A     2  -1   0  -1  -1   0  -1   2  -1  -2  -2   0  -1  -2  -1   2   0  -2  -1  -1   24   2   1   2   1   1   2  23   1   2   3   2   1   1   2  27   2   0   1   2  0.21 0.01
  404 G     0  -1  -1  -1  -2  -1  -1   4  -1  -1  -1  -1  -1   2  -1   0  -1  -1   0  -1    3   2   1   2   1   1   2  49   1   2   3   2   1  22   2   2   2   0   1   2  0.31 0.01
  405 G     0  -1   0  -1  -1  -1  -1   4  -1  -2  -2  -1  -1  -2  -1   1   0  -2  -2  -2    3   2   1   2   1   1   2  49   1   2   3   2   1   1   2  23   2   0   1   2  0.37 0.01
  406 M    -1  -1   3  -1  -2   0  -1  -2   3   0   1  -1   3  -1  -2  -1  -1  -2   0  -1    1   1  26   1   0   1   1   1  17   1  22   1  22   1   1   1   1   0   1   1  0.14 0.01
  407 S     0  -1   3   0  -2   0   0  -1   3  -3  -3   0  -2  -2  -1   3   1  -3  -1  -2    0   0  25   0   0   0   0   0  16   0   0   0   0   0   0  59   0   0   0   0  0.41 0.03
  408 W     1  -2  -2  -3  -2  -1  -2  -2   3  -3  -2  -2  -2   0  -3  -1  -2  10   1  -2   21   0   0   0   0   0   0   0  16   0   0   0   0   0   0   0   0  63   0   0  1.38 0.05
  409 P     1  -1  -1  -1  -2   2   0  -1  -1  -2  -2   0  -1  -3   5   0   2  -3  -2  -1   25   0   0   0   0  16   0   0   0   0   0   0   0   0  38   0  21   0   0   0  0.63 0.02
  410 H     1   2  -1  -1  -1   0  -1  -1   2   0   1   0   2  -1  -1   0  -1  -1  -1   0   18  22   1   1   0   1   2   2  11   1  13   1  17   1   1   2   1   0   1   2  0.08 0.01
  411 P    -1  -2  -2  -1  -3   2  -1  -2  -2  -3  -3  -1  -2  -4   7  -1  -1  -4  -3  -3    0   0   0   0   0  16   0   0   0   0   0   0   0   0  84   0   0   0   0   0  1.69 0.04
  412 P    -1  -2  -2  -2  -3  -2  -1   1  -2  -3  -3  -1  -3  -4   7  -1  -1  -4  -3  -3    0   0   0   0   0   0   0  16   0   0   0   0   0   0  84   0   0   0   0   0  1.69 0.04
  413 H    -1  -1   0  -2  -3   0  -1  -2   7  -3  -2  -1  -2   0  -2   1  -1  -1   4  -2    0   0   0   0   0   0   0   0  59   0   0   0   0   0   0  16   0   0  25   0  0.63 0.04
  414 P     1  -2  -2  -2  -2  -1  -1  -1  -2  -2  -2  -1  -2  -3   6   0   1  -3  -3  -1   25   0   0   0   0   0   0   0   0   0   0   0   0   0  59   0  16   0   0   0  1.06 0.03
  415 P     2  -2  -1  -2  -1  -1  -1  -1  -2  -1   0  -1  -1  -2   5   1   0  -3  -2  -1   25   0   0   0   0   0   0   0   0   0  16   0   0   0  38  21   0   0   0   0  0.58 0.02
  416 P    -1   2  -1  -2  -3   2   0  -2  -1  -2   0   0  -1  -2   5  -1  -1  -3  -2  -2    0  25   0   0   0  21   0   0   0   0  16   0   0   0  38   0   0   0   0   0  0.62 0.02
  417 P    -1  -2  -3  -2  -2  -2  -2  -3  -3  -1   1  -2   0  -2   6  -1  -1  -3  -2  -1    0   0   0   0   0   0   0   0   0   0  33   0   0   0  67   0   0   0   0   0  1.20 0.03
  418 P    -1  -2  -2  -2  -3  -2  -2  -2  -2  -2  -2  -2  -2   3   7  -1  -1  -2   0  -2    0   0   0   0   0   0   0   0   0   0   0   0   0  26  74   0   0   0   0   0  1.36 0.02
  419 T     0  -2  -1  -2  -1  -1  -1  -2  -2   1   0  -1   0  -2  -1   1   4  -3  -2   2    0   0   0   0   0   0   0   0   0   0   0   0   0   0   0   0  68   0   0  32  0.31 0.01
  420 N     1  -1   5   1  -2   0   0   0   0  -3  -3   0  -2  -3  -2   1   0  -3  -2  -2   28   0  72   0   0   0   0   0   0   0   0   0   0   0   0   0   0   0   0   0  0.48 0.01
  421 A     4  -1  -2  -2   0  -1  -1   0  -2  -1  -1  -1  -1  -2  -1   1   0  -3  -2   0  100   0   0   0   0   0   0   0   0   0   0   0   0   0   0   0   0   0   0   0  0.40 0.00
  422 A     3  -1   0  -1  -1  -1  -1   0  -1  -2  -2  -1  -1  -2  -1   3   1  -3  -2  -1   59   0   0   0   0   0   0   0   0   0   0   0   0   0   0  41   0   0   0   0  0.35 0.00
  423 A     3  -1   0  -1  -1  -1  -1   0  -1  -2  -2  -1  -1  -2  -1   3   1  -3  -2  -1   59   0   0   0   0   0   0   0   0   0   0   0   0   0   0  41   0   0   0   0  0.35 0.00
  424 A     3  -2  -1  -2  -1  -1  -1   4  -2  -2  -2  -1  -2  -3  -1   1  -1  -3  -2  -1   59   0   0   0   0   0   0  41   0   0   0   0   0   0   0   0   0   0   0   0  0.46 0.00
  425 A     3  -2  -2  -2  -1  -2  -2  -1  -1  -1  -1  -2  -1   4  -2   0  -1  -1   1   0   59   0   0   0   0   0   0   0   0   0   0   0   0  41   0   0   0   0   0   0  0.26 0.00
  426 T     0  -1   0  -1  -1   0  -1  -1  -1  -1  -2   0  -1  -2  -1   3   4  -3  -2  -1    0   0   0   0   0   0   0   0   0   0   0   0   0   0   0  41  59   0   0   0  0.39 0.00
  427 A     3  -1  -1  -1  -1  -1  -1   0  -2  -1  -1  -1  -1  -2  -1   1   3  -3  -2   0   59   0   0   0   0   0   0   0   0   0   0   0   0   0   0   0  41   0   0   0  0.31 0.00
  428 T     0  -2   0  -1  -1  -1  -1   3  -2  -2  -2  -1  -1  -3  -1   1   3  -2  -2  -1    0   0   0   0   0   0   0  41   0   0   0   0   0   0   0   0  59   0   0   0  0.43 0.00
  429 A     3  -1  -1  -1  -1  -1  -1   0  -2  -1  -1  -1  -1  -2  -1   1   3  -3  -2   0   59   0   0   0   0   0   0   0   0   0   0   0   0   0   0   0  41   0   0   0  0.31 0.00
  430 A     3  -2  -2  -2  -1  -1  -1  -1  -2   1   0  -1   0  -2  -1   0   0  -3  -2   2   59   0   0   0   0   0   0   0   0   0   0   0   0   0   0   0   0   0   0  41  0.22 0.00
  431 A     4  -1  -2  -2   0  -1  -1   0  -2  -1  -1  -1  -1  -2  -1   1   0  -3  -2   0  100   0   0   0   0   0   0   0   0   0   0   0   0   0   0   0   0   0   0   0  0.40 0.00
  432 A     3  -2   0   4  -1  -1   0   0  -1  -2  -2  -1  -2  -3  -1   1   0  -3  -2  -1   59   0   0  41   0   0   0   0   0   0   0   0   0   0   0   0   0   0   0   0  0.36 0.00
  433 S     3  -1   0  -1  -1   0   0   0  -1  -2  -2   0  -1  -2  -1   3   1  -3  -2  -1   41   0   0   0   0   0   0   0   0   0   0   0   0   0   0  59   0   0   0   0  0.36 0.00
  434 S     3  -1   0  -1  -1   0   0   0  -1  -2  -2   0  -1  -2  -1   3   1  -3  -2  -1   41   0   0   0   0   0   0   0   0   0   0   0   0   0   0  59   0   0   0   0  0.36 0.00
  435 R    -1   6   0  -2  -3   1   0  -2   0  -3  -2   2  -1  -3  -2  -1  -1  -3  -2  -3    0 100   0   0   0   0   0   0   0   0   0   0   0   0   0   0   0   0   0   0  0.75 0.00
  436 F     0  -2  -1  -2  -2  -2  -2  -2  -1  -1   0  -2  -1   5  -2   2   0   0   2  -1    0   0   0   0   0   0   0   0   0   0   0   0   0  59   0  41   0   0   0   0  0.32 0.00
  437 P    -1  -2  -2  -2  -3  -1  -1  -2  -2  -3  -3  -1  -3  -4   7  -1  -1  -4  -3  -2    0   0   0   0   0   0   0   0   0   0   0   0   0   0 100   0   0   0   0   0  2.04 0.00
  438 P    -1  -2  -2  -1  -3  -1  -1  -2  -2  -3  -3  -1  -3  -4   7  -1  -1  -4  -3  -2    0   0   0   0   0   0   0   0   0   0   0   0   0   0 100   0   0   0   0   0  2.03 0.00
  439 Y    -2  -2  -2  -3  -2  -1  -2  -3   2  -1  -1  -2  -1   3  -3  -2  -2   2   7  -1    0   0   0   0   0   0   0   0   0   0   0   0   0   0   0   0   0   0 100   0  0.85 0.00
  440 I    -1  -3  -3  -3  -1  -3  -3  -4  -3   4   2  -3   1   0  -3  -2  -1  -3  -1   3    0   0   0   0   0   0   0   0   0 100   0   0   0   0   0   0   0   0   0   0  0.38 0.00
  441 A     4  -1  -2  -2   0  -1  -1   0  -2  -1  -1  -1  -1  -2  -1   1   0  -3  -2   0  100   0   0   0   0   0   0   0   0   0   0   0   0   0   0   0   0   0   0   0  0.40 0.00
  442 T     0  -1   0  -1  -1  -1  -1  -2  -2  -1  -1  -1  -1  -2  -1   1   5  -2  -2   0    0   0   0   0   0   0   0   0   0   0   0   0   0   0   0   0 100   0   0   0  0.46 0.00
  443 Q    -1   1   0   0  -3   5   2  -2   0  -3  -2   1   0  -3  -1   0  -1  -2  -1  -2    0   0   0   0   0 100   0   0   0   0   0   0   0   0   0   0   0   0   0   0  0.64 0.00
  444 A     4  -1  -2  -2   0  -1  -1   0  -2  -1  -1  -1  -1  -2  -1   1   0  -3  -2   0  100   0   0   0   0   0   0   0   0   0   0   0   0   0   0   0   0   0   0   0  0.40 0.00
  445 S     1  -1   1   0  -1   0   0   0  -1  -2  -2   0  -1  -2  -1   4   1  -3  -2  -2    0   0   0   0   0   0   0   0   0   0   0   0   0   0   0 100   0   0   0   0  0.45 0.00
  446 T     0  -1   0  -1  -1  -1  -1  -2  -2  -1  -1  -1  -1  -2  -1   1   5  -2  -2   0    0   0   0   0   0   0   0   0   0   0   0   0   0   0   0   0 100   0   0   0  0.46 0.00
  447 W    -3  -3  -4  -4  -2  -2  -3  -3  -2  -3  -2  -3  -1   1  -4  -3  -2  11   2  -3    0   0   0   0   0   0   0   0   0   0   0   0   0   0   0   0   0 100   0   0  2.29 0.00
  448 L    -1  -2  -3  -4  -1  -2  -3  -4  -3   2   4  -2   2   0  -3  -2  -1  -2  -1   1    0   0   0   0   0   0   0   0   0   0 100   0   0   0   0   0   0   0   0   0  0.45 0.00
  449 Q    -1   1   0   0  -3   5   2  -2   0  -3  -2   1   0  -3  -1   0  -1  -2  -1  -2    0   0   0   0   0 100   0   0   0   0   0   0   0   0   0   0   0   0   0   0  0.64 0.00
  450 K    -1   2   0  -1  -3   1   1  -2  -1  -3  -2   5  -1  -3  -1   0  -1  -3  -2  -2    0   0   0   0   0   0   0   0   0   0   0 100   0   0   0   0   0   0   0   0  0.51 0.00
  451 N    -2   0   6   1  -3   0   0   0   1  -3  -3   0  -2  -3  -2   1   0  -4  -2  -3    0   0 100   0   0   0   0   0   0   0   0   0   0   0   0   0   0   0   0   0  0.72 0.00
  452 G     0  -2   0  -1  -3  -2  -2   6  -2  -4  -4  -2  -3  -3  -2   0  -2  -3  -3  -3    0   0   0   0   0   0   0 100   0   0   0   0   0   0   0   0   0   0   0   0  1.04 0.00
  453 F    -2  -3  -3  -4  -2  -3  -3  -3  -1   0   0  -3   0   6  -4  -2  -2   1   3  -1    0   0   0   0   0   0   0   0   0   0   0   0   0 100   0   0   0   0   0   0  0.73 0.00
  454 H    -2   0   1  -1  -3   0   0  -2   8  -3  -3  -1  -2  -1  -2  -1  -2  -2   2  -3    0   0   0   0   0   0   0   0 100   0   0   0   0   0   0   0   0   0   0   0  0.84 0.00
  455 S     1  -1   1   0  -1   0   0   0  -1  -2  -2   0  -1  -2  -1   4   1  -3  -2  -2    0   0   0   0   0   0   0   0   0   0   0   0   0   0   0 100   0   0   0   0  0.45 0.00
  456 L    -1  -2  -3  -4  -1  -2  -3  -4  -3   2   4  -2   2   0  -3  -2  -1  -2  -1   1    0   0   0   0   0   0   0   0   0   0 100   0   0   0   0   0   0   0   0   0  0.45 0.00
  457 T     0  -1   0  -1  -1  -1  -1  -2  -2  -1  -1  -1  -1  -2  -1   1   5  -2  -2   0    0   0   0   0   0   0   0   0   0   0   0   0   0   0   0   0 100   0   0   0  0.46 0.00
  458 R    -1   6   0  -2  -3   1   0  -2   0  -3  -2   2  -1  -3  -2  -1  -1  -3  -2  -3    0 100   0   0   0   0   0   0   0   0   0   0   0   0   0   0   0   0   0   0  0.74 0.00
  459 P    -1  -2  -2  -1  -3  -1  -1  -2  -2  -3  -3  -1  -3  -4   7  -1  -1  -4  -3  -2    0   0   0   0   0   0   0   0   0   0   0   0   0   0 100   0   0   0   0   0  2.03 0.00
  460 T     0  -1   0  -1  -1  -1  -1  -2  -2  -1  -1  -1  -1  -2  -1   1   5  -2  -2   0    0   0   0   0   0   0   0   0   0   0   0   0   0   0   0   0 100   0   0   0  0.46 0.00

                      K         Lambda
Standard Ungapped    0.1309     0.3141
Standard Gapped      0.0363     0.2670
PSI Ungapped         0.1187     0.3170
PSI Gapped           0.0363     0.2670
