
Last position-specific scoring matrix computed, weighted observed percentages rounded down, information per position, and relative weight of gapless real matches to pseudocounts
            A   R   N   D   C   Q   E   G   H   I   L   K   M   F   P   S   T   W   Y   V   A   R   N   D   C   Q   E   G   H   I   L   K   M   F   P   S   T   W   Y   V
    1 M    -2  -2  -3  -4  -2  -2  -3  -4  -3   1   4  -2   4   0  -3  -2  -1  -2  -1   1    0   0   0   0   0   0   0   0   0   0  71   0  29   0   0   0   0   0   0   0  0.43 0.02
    2 V    -1  -3  -3  -4  -1  -2  -3  -4  -3   2   2  -2   3  -1  -3  -2  -1  -3  -1   3    0   0   0   0   0   0   0   0   0   0  22   0  18   0   0   0   0   0   0  60  0.34 0.04
    3 R    -1   3  -1  -1  -4   1   0  -2  -1  -3  -3   5  -2  -4  -2  -1  -1  -3  -2  -3    0  17   0   0   0   0   0   0   0   0   0  83   0   0   0   0   0   0   0   0  0.68 0.08
    4 E    -1   1   2   0  -4   1   3  -2  -1  -3  -3   4  -2  -4  -2   0  -1  -3  -2  -3    0   0  15   0   0   0  35   0   0   0   0  50   0   0   0   0   0   0   0   0  0.51 0.06
    5 E    -1   0   4   1  -4   3   4  -2   0  -4  -3   0  -2  -4  -2   0  -1  -3  -2  -3    0   0  33   0   0  17  50   0   0   0   0   0   0   0   0   0   0   0   0   0  0.60 0.06
    6 Q    -1   3   0  -1  -4   5   1  -2   0  -3  -3   3  -1  -4  -2  -1  -1  -3  -2  -3    0  17   0   0   0  65   0   0   0   0   0  18   0   0   0   0   0   0   0   0  0.66 0.08
    7 E    -1   2   2   2  -4   3   2  -2   0  -3  -3   1  -2  -4   3   0  -1  -3  -2  -3    0  16  13  12   0  29  15   0   0   0   0   0   0   0  15   0   0   0   0   0  0.48 0.05
    8 E    -1  -1   0   0  -3   1   4  -2   4   0  -2   0  -2  -2  -2   2   0  -3  -1  -1    0   0   0   0   0   0  42   0  16  13   0   0   0   0   0  29   0   0   0   0  0.34 0.07
    9 D    -1  -2   0   3  -2  -1   1  -2  -2  -1   1  -1   0  -2  -2   1   1  -3  -2  -1    0   0   0  28   0   0  12   0   0   0  29   0   0   0   0  15  16   0   0   0  0.22 0.04
   10 D    -1  -1   1   5  -3   0   3  -2  -1  -4  -4   0  -3  -4  -2   1  -1  -4  -3  -3    0   0   0  57   0   0  28   0   0   0   0   0   0   0   0  15   0   0   0   0  0.72 0.08
   11 N    -1  -1   3   3  -3   0   3  -2  -1  -3  -3   0  -2   1  -2   1  -1  -3  -1  -3    0   0  28  16   0   0  29   0   0   0   0   0   0  12   0  15   0   0   0   0  0.38 0.05
   12 N    -2  -1   5   0  -3   2  -1  -2   0  -3  -3  -1  -2   3  -3   1  -1  -2  -1  -3    0   0  57   0   0  12   0   0   0   0   0   0   0  21   0  10   0   0   0   0  0.57 0.13
   13 N    -2  -1   4   0  -3  -1   1   0   3   1  -2   0  -1   1  -3  -1  -1  -3  -1  -1    0   0  38   0   0   0   9   8  10  20   0   8   0   8   0   0   0   0   0   0  0.25 0.10
   14 N    -1  -1   3   1  -2  -1  -1  -2  -1   2  -1   2  -1  -2  -2   0   1  -4  -2   0    0   0  27   8   0   0   0   0   0  27   0  20   0   0   0   8  10   0   0   0  0.22 0.09
   15 N    -2  -1   5   0  -3  -1  -1  -2   0  -3  -1   2  -2  -2  -3   1  -1  -3   2  -3    0   0  55   0   0   0   0   0   0   0   8  18   0   0   0   9   0   0  10   0  0.51 0.14
   16 N    -1  -1   1   2  -2  -1   1   2  -1   0  -2  -1  -1  -1  -1   1  -1  -1   2  -1    2   1  10  17   0   1   9  20   0  10   2   1   0   1   1  11   1   0  11   1  0.15 0.04
   17 G     0  -1   0  -1  -2   1   1   4  -1  -2  -2  -1   1  -2  -1   1  -1  -2  -2  -2    2   1   1   1   0   9  12  39   0   1   2   1   9   1   1  18   1   0   1   1  0.31 0.06
   18 G     0   1   2  -1  -2   0  -1   3  -1  -3  -3   2  -2  -3   2   1  -1  -3  -2  -2    9   8  14   1   0   1   1  26   0   1   1  17   0   1   9   8   1   0   1   1  0.27 0.06
   19 G     1  -1  -1  -2  -2   0  -1   4  -2  -2  -2   0  -2   0   1   0   0  -2  -2  -2   19   1   1   1   0   7   1  35   0   1   1   8   0   6   7   5   6   0   0   1  0.30 0.09
   20 E    -2   1   1   2  -4   1   4  -3  -1  -1  -3   2  -2  -3  -2   0  -2   3  -2  -3    0   5   6   8   0   4  41   0   0   5   0  19   0   0   0   4   0   5   0   0  0.50 0.18
   21 R     1   5  -2  -2  -3  -1   0  -3   1  -2  -2   1   3  -3  -3   0   0  -4  -3  -3   11  50   0   0   0   0   7   0   3   2   0   4  10   0   0   7   5   0   0   0  0.59 0.26
   22 K     0   2   1   0  -3   1   1  -1  -1  -3  -2   4  -2  -3  -2   0  -1  -3   0  -3    7  11   7   3   0   4   9   4   0   0   4  37   0   0   0   6   3   0   4   0  0.33 0.17
   23 L    -1  -1  -1  -3  -2  -3  -3  -3  -3   2   3  -2   0   0   1  -1   0  -3  -2   2    3   3   3   0   0   0   0   0   0  16  35   0   0   3   8   6   3   0   0  18  0.28 0.16
   24 L     0   0   3   0  -2  -1  -1  -1   1  -1   1   0   2  -2  -1   1   0  -3  -2  -1    5   3  20   4   0   0   0   3   4   2  14   6  10   0   3  13   7   0   0   4  0.14 0.13
   25 V     0   0  -1   1  -2   0   1  -1   0  -1  -2  -1  -1  -3  -1   1   3  -4  -3   1    8   5   0  10   0   4  13   2   2   3   0   0   2   0   3  12  23   0   0  13  0.20 0.16
   26 A     2   1  -2  -1  -2  -2  -2  -2  -3  -1   0   0  -2  -3   2   2   1  -4  -3   0   25   8   0   2   0   0   0   0   0   2   9   7   0   0  11  19  10   0   0   5  0.26 0.19
   27 D     0  -2   0   3  -3   0   1  -2   0   0  -2  -1  -3  -3   1   3   0  -4   0  -2    6   0   2  23   0   2   7   0   3   8   3   3   0   0   6  28   4   0   4   0  0.33 0.23
   28 E    -1  -1  -1   1  -4   2   3   0   1  -1  -3   1  -2  -3   1  -1  -1   1  -1  -2    5   2   2   5   0  11  29   8   4   5   2  10   0   0   6   2   4   2   2   3  0.28 0.20
   29 T     2   0  -1  -1  -3   0   0  -2   0  -2  -2   0   0  -3   1   2   3  -4  -3  -1   16   6   2   2   0   3   4   2   2   2   3   4   3   0   5  22  21   0   0   2  0.26 0.21
   30 V     1   1  -3  -2  -2  -1  -1   0  -3   3   0  -2   1   0  -1   0  -1  -3  -2   2   15   8   0   1   0   2   4   7   0  20   8   0   5   3   2   7   2   0   0  17  0.15 0.16
   31 P     0  -2  -2  -4  -5  -1  -2  -3  -4  -2  -4  -1  -1  -5   7   1  -2  -5  -1  -3    6   2   2   0   0   3   2   2   0   2   1   3   2   0  60  10   2   0   2   2  1.38 0.54
   32 S     2  -2  -1  -1  -3   0   0  -1  -1  -1  -2  -2   0  -2   2   3   0  -4  -1  -1   20   1   2   2   0   4   4   4   1   4   3   0   3   1  10  28   6   0   2   3  0.27 0.23
   33 L     0  -1   0  -1  -1  -2  -2  -1  -1   1   1  -1   5  -2  -1  -1  -1   0  -1   1   10   4   4   3   1   1   2   6   1   6  15   3  20   1   3   5   3   1   2  10  0.17 0.19
   34 L     0  -1  -1  -2  -3  -1  -1  -3  -2   1   1  -2   3   0  -1   0   2   0  -2   1    8   4   3   2   0   2   2   1   1   6  15   2  10   4   3   6  17   1   0  13  0.17 0.18
   35 D     0   0   0   1  -3   0   1  -1  -2  -1  -1   1  -2  -1   2   1   2  -4  -2  -1    8   3   5   9   0   3   7   3   0   3   4  11   0   3  11   9  14   0   1   5  0.17 0.15
   36 E    -1   2   2   1  -4   1   2  -2   0  -5  -4   2  -4  -5   2   2   1  -5  -4  -3    3   9   8   8   0   6  14   3   2   0   1  11   0   0   9  14  10   0   0   1  0.37 0.28
   37 T    -2   2   0   1  -5  -2   1   2  -3  -5  -4   3  -4  -4   2   1   0  -5  -3  -4    2  11   5   6   0   1   8  18   0   0   1  21   0   1  10  10   5   0   1   1  0.44 0.31
   38 G    -1   2  -1  -1  -5   1   1   2  -2  -4  -2   4  -2  -5  -2   1   2  -5  -4  -4    5   9   2   2   0   5   9  16   1   1   4  24   1   0   2   9  11   0   0   0  0.40 0.31
   39 L    -3   4  -2  -5  -6  -2  -4  -5  -3  -1  -1   2   4  -4  -5  -2   4   3  -2   0    1  23   2   0   0   1   0   1   1   3   7  10  10   1   0   2  27   4   2   6  0.74 0.49
   40 V    -1  -8  -8  -9   0  -8  -8  -9  -8   6  -3  -8  -5  -6  -8  -3  -6  -1   0   6    4   0   0   0   2   0   0   0   0  38   1   0   0   0   0   2   0   1   3  48  1.81 0.84
   41 C    -3  -8  -9  -9   3  -8  -8  -9  -8   2   5  -8  -2   3  -8  -6  -4  -2  -6   1    2   0   0   0   5   0   0   0   0  10  59   0   1  12   0   1   1   1   0   9  1.47 0.72
   42 V    -6  -8  -9  -9  -7  -8  -8  -9  -9   5   1  -8  -2  -4  -8  -8  -6  -8  -7   7    0   0   0   0   0   0   0   0   0  25  13   0   1   1   0   0   0   0   0  59  1.98 0.91
   43 T    -2  -8  -7  -8  -7  -7  -7  -6  -8   0  -1  -7  -3  -2  -8  -2   8  -9  -5  -2    3   0   0   0   0   0   0   1   0   5   5   0   1   2   0   3  77   0   0   3  2.18 1.12
   44 G    -7 -10  -8  -9 -10  -9  -9   8  -9 -11 -11  -9 -10 -10  -9  -7  -9 -10 -10 -10    0   0   0   0   0   0   0 100   0   0   0   0   0   0   0   0   0   0   0   0  3.30 1.43
   45 G     5  -7  -6  -7  -4  -7  -7   5   0  -2  -6  -7  -7  -8  -3  -1  -2  -8  -8  -1   39   0   0   0   0   0   0  43   2   3   0   0   0   0   1   4   2   0   0   5  1.44 0.79
   46 S     4  -2   1  -5   1  -5  -6   1  -7  -5  -4  -5  -6  -5  -7   1   5  -8  -7  -5   30   2   5   1   2   0   0   9   0   1   2   0   0   0   0  10  37   0   0   0  1.12 0.71
   47 G    -7  -5  -7  -8  -9  -5  -9   8  -9 -11 -11  -3 -10 -10  -9  -2  -5 -10 -10 -10    0   1   0   0   0   1   0  93   0   0   0   2   0   0   0   3   1   0   0   0  2.86 1.28
   48 F    -4  -4  -4  -8  -8   0  -5   0  -2  -6  -1  -6   1   8  -9  -2  -3  -3   5  -5    2   1   1   0   0   4   1   7   1   0   5   1   3  51   0   4   2   0  16   0  1.64 0.82
   49 V    -5  -8  -8  -2  -7  -5  -8  -9  -8   7   3  -6  -2   0  -8  -5  -3  -8  -6   2    1   0   0   3   0   1   0   0   0  48  27   0   1   4   0   1   2   0   0  13  1.53 0.74
   50 A     0  -9  -8  -8 -10  -9  -9   8  -9 -11 -11  -9 -10 -10  -9  -7  -9 -10 -10 -10    7   0   0   0   0   0   0  93   0   0   0   0   0   0   0   0   0   0   0   0  2.98 1.39
   51 S     0   3  -1  -5  -2   1  -3  -3  -4  -5  -3   2  -6   0  -6   5   0  -3  -3  -4    7  12   3   0   1   5   2   2   0   1   3  10   0   4   0  42   5   0   1   1  0.80 0.60
   52 W     1   1   3  -5  -3  -1  -1  -5   8  -3  -5  -5  -6   0  -5  -2  -3   2   3  -1   13   8  14   0   1   3   4   1  29   2   1   0   0   4   0   3   2   3   9   4  0.98 0.60
   53 L    -3  -7  -7  -8  -3  -7  -7  -8  -7   5   4  -7   1   1  -7  -5   1  -7  -2   2    2   0   0   0   1   0   0   0   0  30  38   0   3   5   0   0   9   0   1  10  1.18 0.64
   54 I     1  -4  -6  -6   2  -6  -6  -4  -4   1   1  -5  -1  -5  -6  -2   0  -7  -5   6   12   1   0   0   5   0   0   2   0   8  15   1   1   0   0   4   6   0   0  45  0.97 0.58
   55 M    -1   3   0   0  -1   1   2  -4   1  -2  -1   3  -1  -4  -3  -1  -1   0  -3  -1    4  16   4   5   1   5  14   1   3   2   7  20   2   1   1   4   3   1   1   4  0.36 0.30
   56 R     2   3  -2  -1  -3   2   2  -1   2  -3  -1   1   0  -1  -4  -1  -1  -1  -1  -1   16  14   1   4   0   9  11   4   6   1   6  10   2   2   0   4   3   1   2   4  0.26 0.25
   57 L    -2  -7  -7  -7  -1  -7  -7  -7  -7   0   6  -6   0  -1  -7  -1  -4  -2  -6  -3    4   0   0   0   1   0   0   0   0   5  75   1   2   2   0   5   1   1   0   1  1.66 0.85
   58 L     0  -2   3  -4   0  -3  -5  -4  -1   2   4  -2   0  -2  -6  -3  -3  -6  -4   1    7   2  12   1   2   1   1   1   1  12  41   3   2   1   0   2   1   0   0   9  0.66 0.43
   59 Q     1   2   1   2  -6   2   3  -3  -2  -5  -4   3  -3  -5  -4  -1  -3  -6  -4  -5   11  12   7   9   0   9  22   2   1   1   2  15   1   0   1   5   2   0   1   1  0.55 0.41
   60 R     0   4   1   0  -5   2   2  -3   1  -3  -1   1   1  -2  -3   0  -1  -3  -3  -3    9  19   6   6   0   8  12   2   3   2   7   8   3   2   1   8   3   0   1   1  0.31 0.27
   61 G    -2  -4   1   1  -1  -2  -3   6  -3  -4  -5  -1  -2  -6  -2  -2  -2  -6  -2  -4    3   1   6   8   1   2   2  56   1   1   1   5   1   0   2   3   3   0   1   2  1.11 0.62
   62 Y    -1  -1  -2   0  -3   0  -1  -5   5   1  -3  -1  -3   2   1  -2  -3  -3   6  -3    6   4   2   6   1   4   4   0  13   9   2   4   0   7   7   3   2   0  24   2  0.65 0.43
   63 S    -1   1   1   1  -2   1   2  -2   1  -3  -3   2  -3  -3   0   0   2  -3  -2  -3    4   8   6   7   1   6  15   2   4   2   3  14   1   1   5   7  12   0   2   1  0.27 0.25
   64 V    -3  -6  -2   1  -2  -5  -4  -5  -2   2  -2  -4  -4  -3  -3  -5   0  -3  -4   6    3   0   2   9   1   0   1   1   1   9   3   1   0   1   1   1   5   0   1  58  1.25 0.67
   65 R    -3   2  -1  -1  -5  -3  -3  -5   2   4  -2  -1  -3   0  -4  -3   0  -2   3   2    2  13   4   4   0   1   2   1   5  24   4   4   0   4   1   2   5   0  10  15  0.52 0.36
   66 A     2  -3   0  -3   3  -3  -2   2  -1   2   1  -4  -3  -5  -4  -2  -1  -5  -4   2   19   1   4   1   7   1   2  15   1  11  12   1   0   0   1   3   4   0   1  16  0.39 0.31
   67 T     0  -3  -3  -5  -2  -5  -4  -4  -1   2   4  -4   0   1  -3  -2   1  -5  -3   3    7   2   2   1   1   0   1   2   1  12  33   1   2   6   2   3   9   0   1  17  0.55 0.37
   68 V    -1  -4  -2   4  -3  -2  -3  -2  -1   1  -1  -2  -3  -2  -6  -1  -1  -6   0   4    5   1   2  22   0   2   1   3   2   9   5   2   0   2   0   4   4   0   3  32  0.62 0.43
   69 R    -3   6   2   3  -4  -3  -3  -4  -1  -1  -3   1  -4  -5  -5  -3  -4  -6  -2  -2    2  46   8  14   1   1   2   2   1   4   3   7   0   1   1   2   1   0   1   3  1.11 0.65
   70 T     0   0   3   2  -1  -1   0  -1  -2  -2   0  -1  -2  -1   0   1   0  -4  -2  -1    9   5  14  10   1   2   5   4   1   2  10   3   1   3   4  13   5   0   1   5  0.14 0.16
   71 N     0   0   1   1  -1   0   0  -1   0  -1   1  -1  -1   1   1   1   0  -3  -1  -1    9   5   6   8   1   4   6   3   2   3  13   4   2   7   6  12   6   0   1   4  0.05 0.08
   72 S    -1   0   1   2  -2   0   1  -2  -1  -1  -3   1  -2  -1   0   2   1  -4   1  -2    5   6   5  11   1   3   8   3   1   4   2   8   1   2   4  18   9   0   5   2  0.20 0.20
   73 E     0   1   0   1   1   0   1  -1   0  -2  -1   1  -2  -1   2   0  -1  -4  -1  -2    8   9   3   9   3   3   9   4   2   2   5  10   1   2  11   8   4   0   2   3  0.15 0.15
   74 G     0  -1  -1   0  -2  -1   0   3  -1  -1   0   0  -2   0  -1   1  -1   0   0  -1    8   2   3   5   1   2   7  21   1   3  12   6   0   4   3   9   3   1   4   3  0.12 0.13
   75 N     0   1   4   3  -5   0   0  -3   1  -2  -2   0  -3  -2  -1   0   0  -2  -2  -3    8   7  21  16   0   3   5   2   3   2   4   5   1   2   3   8   6   1   2   2  0.37 0.30
   76 K     0   1   1  -1  -1   0   0  -1  -1   0   1   2  -1  -2   0   0   0   1  -2   0    6   7   8   3   1   4   5   6   1   5  14  12   1   1   5   6   5   2   1   7  0.06 0.09
   77 K     0   1  -1  -1  -2   0   2  -1   0  -2   0   1  -1   2  -1   0  -1   2  -1  -1    6   6   3   3   1   4  16   4   2   2   9  10   1   8   2   7   4   2   2   5  0.10 0.13
   78 D     0   1   1   2  -3   0   2  -3  -1  -1   0   2  -1  -2  -1  -1  -2  -2  -2   0    6   6   7  11   1   4  13   2   1   4   9  16   1   1   3   4   2   0   1   7  0.17 0.17
   79 I    -1  -1   0  -1   0  -1   0  -1  -2   1   1   0   0   1  -2   0  -1  -3  -1   1    5   3   4   4   2   3   5   4   1   9  17   7   2   6   2   6   4   0   2  14  0.06 0.08
   80 S     1   1   0   0  -2   0   1  -1  -1  -2   0   2   0  -1  -1   2   0  -2  -3  -2   10   8   3   5   1   5   9   5   2   1   8  14   2   3   2  14   5   1   1   3  0.13 0.15
   81 Y     0   0   1  -1  -3   0  -1  -1   3   0   0   1   0   0   0  -1   0   1  -1   0    9   6   6   3   0   3   4   4  10   5  10   9   2   4   5   5   4   2   1   7  0.08 0.09
   82 L    -1   0  -1   1  -2  -2  -2  -2   0   1   4  -1   1  -2  -3  -1  -1  -4  -2   1    6   7   2   7   1   2   3   3   2   7  34   3   3   2   1   4   3   0   1   9  0.29 0.22
   83 T     0   1   0   1   0   1   0  -1   0   0   1   1  -1  -2  -2   0   0   0   0  -1    9   9   4   8   2   8   7   4   2   6  13   8   1   1   2   5   5   1   3   3  0.06 0.08
   84 E     0   0   2   2  -4   1   3  -1   0  -2  -1   0  -3  -3  -2   0  -2   0   0  -1    9   6   9  13   0   5  18   5   2   2   6   4   0   1   2   7   2   1   4   4  0.22 0.20
   85 L     0  -1  -1  -1   0  -1   0  -2  -1   1   2  -1   1   1   0  -1  -1   0   0   0    7   3   4   3   2   3   6   3   1   7  25   3   3   7   5   5   3   1   4   5  0.10 0.10
   86 P     0  -1   0   1  -2   1   0   0  -1  -2  -1   1   0   0   3  -1   0   0  -2  -1    7   2   4   8   1   6   6   9   2   2   6  10   2   4  14   5   5   1   1   5  0.14 0.13
   87 F     0  -1   0   1  -2   0   0   1   1   0   0   1  -1   1   0  -1  -1   0   0  -1    6   3   4   8   1   3   7  10   3   6  10  11   2   8   4   4   1   2   3   4  0.04 0.06
   88 A     1   0   1   0   0   0   0   0   0  -2   0   0  -1   0  -1   1   1   3   1  -1   11   5   6   5   2   4   6   8   2   2   8   5   1   4   2  10   9   4   5   3  0.06 0.08
   89 S    -1  -1   1   1   0  -1   0   1   2  -3  -1   1   1  -1   0   2  -1  -1  -3  -2    5   3   7   9   2   3   7  11   6   1   6   9   3   3   4  16   3   1   1   2  0.15 0.16
   90 E     0  -3   1   1  -2   0   2   1  -1   0  -3  -1  -3   0   3   0  -1  -1  -1  -1    9   1   7   8   1   3  12  10   1   5   2   4   0   4  14   8   4   1   2   4  0.20 0.18
   91 R    -2   4   2  -1  -3   1  -1  -1   1  -2  -2   4  -4  -3  -2  -1  -2  -4  -4  -2    3  20  11   3   1   5   4   4   3   3   4  24   0   1   2   4   2   0   0   4  0.49 0.33
   92 L     0  -3  -4  -1  -4  -3  -1  -4  -1   2   2  -4   0   3  -3  -3  -2  -4   0   3    6   1   1   5   0   1   5   1   1  12  19   1   2  13   1   2   2   0   3  23  0.46 0.30
   93 Q    -1   2  -1   1  -3   1   3  -4   2   0  -3   2  -2  -3  -2  -1   2  -5  -2  -2    5  11   3   8   1   6  17   1   5   6   3  10   1   1   2   5  12   0   1   3  0.29 0.26
   94 I    -2  -3  -3  -1   2  -2  -3  -4  -1   1   2  -4   1   5  -2  -2  -2   0   2   1    4   1   2   4   4   2   2   1   2   6  16   1   3  25   3   3   2   1   7  11  0.50 0.31
   95 F    -1  -3  -2  -2  -1  -3  -2  -6   2   4   1  -4  -1   1  -2  -3  -1   3   1   3    5   1   2   3   1   1   4   0   5  22  15   1   1   5   2   2   3   4   4  19  0.46 0.31
   96 T     0   2   0  -1   0   1   1  -3   1   1  -1   1  -1  -2  -1   0   0  -1   0   0    8  10   4   3   2   7  11   1   3   8   5  10   1   2   3   5   6   1   4   6  0.11 0.13
   97 A     3  -2  -4  -2   1  -2  -2   4   0  -3  -2  -2  -1  -3  -2   0  -2  -1  -2  -1   22   2   0   3   3   2   3  33   3   1   4   2   2   1   2   7   2   1   2   5  0.54 0.38
   98 D    -6  -4   1   8  -7  -2  -2  -3  -2  -2  -5  -4  -2  -3  -2  -1  -3  -7  -7  -4    0   1   6  67   0   2   3   2   1   2   2   1   1   1   2   4   2   0   0   1  1.80 0.94
   99 L    -3  -3  -2  -3  -1  -2  -4  -5  -6   4   4  -3   0   1  -3  -6  -2  -5   2   2    2   1   2   1   1   2   1   1   0  20  34   2   2   6   1   0   3   0   6  14  0.71 0.43
  100 N     1   2   0  -2   2  -1  -1  -2  -2  -3   0  -1   1   0  -4   2   1  -1  -2  -2   14  13   5   2   4   2   5   3   1   1  11   3   3   4   0  15   9   1   1   2  0.21 0.23
  101 E     0  -4   1   5  -2   1   1  -2   0  -4  -3  -1  -2   0  -4  -1  -3  -1  -1  -3    7   1   7  36   1   7   9   3   2   1   3   4   1   4   1   5   2   1   2   2  0.65 0.45
  102 P     0   1  -1   1  -3   0   2  -3   1  -3  -2   1  -2  -3   4   0  -1   0   1  -3    6   8   2   8   1   4  11   2   3   2   5  10   1   1  18   7   3   1   4   2  0.30 0.28
  103 E     0  -2   0   4  -3   2   3   0   1  -2  -2  -1  -1  -4  -2  -1  -1  -6  -3  -3    8   2   4  20   1   9  22   7   3   2   4   4   1   1   2   5   4   0   1   1  0.44 0.35
  104 S     2  -1   0   3   0   1   0  -2  -2  -2  -1  -1  -2   0  -2   1   0   1  -1  -1   17   4   4  15   2   5   7   3   1   2   8   4   1   3   2  12   4   2   2   4  0.17 0.19
  105 F    -2  -3  -4  -5   0  -2  -4  -4  -5   2   3  -4   2   4  -6  -4  -2   4   2   2    3   1   1   1   2   2   1   1   0  11  29   1   4  14   0   1   3   5   5  12  0.64 0.39
  106 K    -1   1  -1   2  -2   0   3  -1   1  -2   0   1  -2  -2  -2  -1  -1  -5  -1   0    4   9   3  13   1   4  18   5   4   3   8   7   1   1   2   4   3   0   2   7  0.19 0.19
  107 P     1   2  -1   1  -5   2   3  -1  -1  -3  -2   3  -2  -3   0   0  -1  -1  -1  -3   10   9   2   6   0   8  17   4   1   1   4  16   1   1   4   6   3   1   2   2  0.28 0.26
  108 A     3  -2  -3  -2   0  -2  -2  -2   1   3   2  -2  -1  -2  -2  -1  -2  -1  -3   1   25   2   1   3   2   2   2   3   3  14  18   2   1   1   2   5   1   1   1  11  0.34 0.27
  109 I    -1  -3  -5  -4   0  -2  -4  -3  -5   3   2  -3   2   5  -5  -2  -1  -1  -2   2    6   2   0   1   2   2   1   2   0  14  19   2   5  22   0   4   4   1   1  13  0.56 0.34
  110 E     1   0   1   1  -3   3   2   1   0  -3  -3   3  -2  -5  -2   0  -2  -5  -5  -3   10   5   7   8   1  11  11   9   2   2   2  17   1   0   2   8   2   0   0   1  0.32 0.27
  111 G    -2  -1   2   2  -2   1   2   3   0  -4  -3   2  -2  -5  -1  -1  -2  -2  -5  -3    4   3   8   9   1   6  11  24   2   1   3  13   1   0   3   5   3   1   0   2  0.40 0.30
  112 C     1  -6  -6  -6   4  -3  -4  -5  -1   5  -3  -4  -3   1  -4  -2   0  -6  -2   4   10   0   0   0   8   1   1   1   2  27   2   1   1   5   1   4   5   0   1  29  0.87 0.50
  113 K    -3  -1   0   6  -2  -2   2  -4   1  -7  -7  -2  -7  -7  -5   0   1  -2  -4  -3    2   4   5  46   1   2  11   1   3   0   0   3   0   0   1   7   9   1   1   2  1.12 0.66
  114 A     3  -3  -4  -3   0  -2  -2   1   2   1  -2  -4  -3  -3  -4  -1   0  -1  -1   3   28   2   1   2   2   2   2  10   4   7   4   1   0   1   1   3   6   1   2  23  0.48 0.36
  115 V    -4  -8  -8  -6  -3  -7  -8  -8  -8   5   0  -7  -3  -3  -5  -7  -4  -2  -7   6    1   0   0   1   1   0   0   0   0  29   7   0   1   1   1   0   1   1   0  57  1.85 0.88
  116 F    -4  -7  -4  -7  -3  -7  -7  -7  -6   6   0  -7   2   6  -7  -6  -6  -2   2   2    2   0   1   0   1   0   0   0   0  35   8   0   5  27   0   0   0   1   7  12  1.39 0.67
  117 H    -2  -6   3  -2  -2  -5  -5  -4  10  -5  -3  -6  -6  -4  -4  -2  -6  -7  -3  -7    4   0  12   2   1   0   1   1  66   1   4   0   0   1   1   3   0   0   1   0  2.67 1.14
  118 V     0  -4   2  -4   3  -1   0  -4  -4   1   2  -4   1   2  -3  -1   1  -4  -2   1    9   0   9   0   7   3   6   1   0   6  19   0   3  10   1   5  10   0   1   8  0.28 0.25
  119 A     6  -5  -4  -5  -5  -5  -5   3  -6  -3  -5  -5  -2  -4  -5  -1  -3  -6  -6  -2   65   0   1   0   0   0   1  18   0   1   1   0   1   1   0   4   2   0   0   3  1.50 0.79
  120 H     5  -3  -2  -5   0   0  -5   2  -4  -4  -5  -4  -5  -3  -5   2   1   2  -6  -4   47   2   2   0   2   4   0  14   0   1   1   1   0   1   0  12   8   3   0   1  0.95 0.61
  121 P    -1  -3  -2  -1   5  -1   0   0  -1   0   0  -1  -1  -2   4  -1   0  -3  -3   0    5   1   1   3  11   3   6   7   1   6  12   3   2   1  19   5   7   0   1   6  0.29 0.23
  122 M     1  -1  -3  -3   0  -2  -3  -2   1   2   0  -1   3   0  -3   2   0   0   0   2   10   3   1   1   2   1   1   3   4  10   9   3   8   4   1  16   4   1   3  15  0.21 0.20
  123 D    -1   0  -1   4  -3  -1   0  -1   4  -3  -3  -2  -2  -4  -4   2  -2  -5  -2   2    5   5   3  21   0   3   5   5  11   1   3   2   1   1   0  16   3   0   1  14  0.44 0.35
  124 P    -1   0  -2   0  -2  -4  -3   0  -3  -1  -1  -2  -2   3   2  -2   2   1   1   2    5   6   1   5   1   0   1   8   1   3   6   2   1  13  11   1  12   2   5  16  0.26 0.25
  125 N    -1   0   2   1  -2  -1   0  -1   0  -1  -1   0   1  -1   0   0   2   3   0  -1    5   5  12   7   1   1   8   5   2   3   5   4   5   2   4   7  12   5   3   5  0.11 0.14
  126 S     0   1   1   0  -3  -1   2   0   1  -2  -2  -1  -2  -2  -1   3   0  -3  -1  -1    6   7   6   4   1   2  15   8   3   2   3   3   1   2   3  21   7   0   3   4  0.21 0.22
  127 N    -1  -1   1  -1  -1   0   1  -2   1  -1  -1   0   1   1  -1   0   1   4   0   0    5   3   6   3   1   3   8   3   4   4   4   7   5   7   3   7   9   7   2   9  0.11 0.13
  128 E    -1  -1   1   4  -2   1   2  -1  -2   0  -1   1  -2  -3   0  -1  -2  -5   0  -2    4   3   8  20   1   5  15   5   1   6   6   7   1   1   4   4   2   0   4   3  0.26 0.23
  129 T    -1  -2   3  -1  -4   0  -1   1  -1  -1  -1  -1  -2   0   2   1   0  -1   2  -3    6   2  14   4   0   4   3  11   1   4   8   3   1   5  11   9   7   1   7   1  0.18 0.19
  130 E    -1   2   0  -1  -2   0   1  -3  -1  -3  -2   2  -4  -2   4   0  -2   1   2  -1    4  11   4   4   1   5   9   2   1   2   4  12   0   2  18   6   2   2   8   4  0.34 0.28
  131 E    -1   0   0   0  -2   2   2  -2   0  -2  -1   1  -2   1   1  -1  -2  -2   2  -2    5   4   5   5   1   9  16   3   2   2   8   8   1   7   8   5   2   0   8   3  0.18 0.19
  132 T     0  -1  -1   2  -3   1   3  -3  -1  -1   0   0   0  -2  -1   0   1  -2   0  -1    7   3   2  13   0   6  18   1   2   3  11   5   2   2   3   8   8   1   4   3  0.18 0.17
  133 V     0  -3  -4  -2   0  -2  -4  -4   0   2   1  -2   4   3  -4  -1   0  -3   3   1    7   1   0   3   2   2   1   1   2  12  13   3  11  12   1   4   6   0  10  10  0.38 0.27
  134 T    -2   0  -4  -3  -3  -3  -2  -4  -1   3   1   0   4   2  -5  -3   0   3   3   0    4   4   1   2   1   1   2   1   2  15  13   6  12   8   0   1   6   3  12   6  0.42 0.29
  135 K     0   1   0   4  -4   2   2  -1   1  -2  -3   2  -3  -4  -1  -1  -1  -5  -1  -3    9   8   3  20   0   8  13   5   3   2   2  11   0   1   3   4   4   0   3   1  0.34 0.27
  136 R     0  -4   4  -2  -2  -2  -1  -3  -1   1  -2  -3  -3  -5   2   0   1  -5  -3   3    7   1  18   2   1   1   4   1   1   7   4   1   0   0  10   8   9   0   1  21  0.41 0.34
  137 T    -1  -1   8   1  -2  -1  -3  -5  -3  -4  -5  -3  -3  -2  -6  -4  -1  -7  -4  -4    6   3  64   7   1   3   2   1   0   1   1   2   1   2   0   1   4   0   1   1  1.74 0.89
  138 V    -2  -3  -3  -5   0  -2  -3  -3  -4   3   1  -3   1   2  -5  -3  -1   2   3   4    3   1   1   0   2   2   1   2   0  15  12   1   2   7   0   2   4   3  10  30  0.50 0.34
  139 Q    -1   1   1   1  -1   1   1  -1   0   0   0   1   0  -1  -3   0   0  -3   0   0    5   9   7   6   1   6  11   5   3   8   7   9   3   1   0   4   5   0   3   7  0.06 0.09
  140 G     0  -4  -1  -2  -1  -4  -2   5  -4  -1  -2  -3  -1  -2  -3  -1  -1  -4   2  -1    9   0   3   2   1   0   2  48   0   4   4   1   1   1   1   4   3   0   8   5  0.72 0.45
  141 L     1  -4   1  -2  -1   0  -3  -3  -4  -1  -2  -1   0  -2  -1   1   5  -5  -2   0    9   0   5   2   1   4   0   1   0   3   4   3   2   2   3  12  38   0   1   7  0.53 0.42
  142 M    -1   1  -1  -1  -1   1   0  -3   0   1   2   2   0   0  -2  -1  -1   0  -1   0    5   8   3   3   2   7   4   1   2   7  25  13   2   3   1   3   3   1   2   5  0.13 0.16
  143 G     0   2   5   0  -4   1   1  -1   2  -2  -3   0  -2  -3  -2  -1   0   1  -2  -1    6  10  27   3   0   7   7   3   5   2   3   6   1   1   2   3   5   2   2   5  0.35 0.30
  144 I    -1  -3  -6  -4  -1  -2  -5  -3  -6   3   4  -5   1  -3  -6  -3  -2   0  -4   3    5   1   0   1   1   2   0   2   0  17  40   0   3   0   0   1   2   1   0  22  0.80 0.49
  145 L    -1  -3  -6  -4   0  -3  -5  -5  -2   4   4  -3   1   0  -5  -5  -3  -1  -1   2    4   1   0   1   2   1   0   1   1  19  44   2   2   4   0   0   1   1   2  12  0.76 0.46
  146 K    -1   2   1   3  -6   1   4  -3   3  -3  -3   2  -2  -5  -3  -1  -3  -5  -3  -3    5  10   5  14   0   7  30   2   6   1   2  10   1   0   1   3   1   0   1   2  0.57 0.42
  147 S     5  -3  -2  -3   0  -2  -2  -3  -2  -2   0  -3   0   0  -4   1  -1   1   2  -1   44   1   1   2   2   1   2   1   1   2  11   1   2   4   0   8   4   2   7   4  0.55 0.43
  148 C     3  -6  -5  -6   8  -5  -5  -2  -6   2  -1  -5   3  -3  -5  -1  -1  -6  -5   0   28   0   0   0  30   0   0   3   0  11   6   0   8   1   0   4   3   0   0   6  1.14 0.61
  149 L     1   2  -1  -1  -1   1  -1  -2   1   0   0   2   0  -1  -3   0  -1  -3  -2   1   11  11   2   2   1   5   1   3   4   6  10  16   2   2   0   7   3   0   1  12  0.12 0.15
  150 D     0   2   0   1  -3   2   3  -3  -2  -3  -3   3  -2  -3  -1   0  -1  -5  -3  -2    7  12   5   8   1   9  20   2   1   1   3  16   1   1   3   5   3   0   1   3  0.35 0.29
  151 A     3  -1   1  -1   1   0  -1  -1   2  -2  -1  -1   0   0  -3   0   0  -1   2   0   27   3   6   3   3   3   4   3   6   2   4   3   3   3   0   6   5   1   7   6  0.19 0.21
  152 K    -1   2   2   1  -5  -1  -2   4   0  -3  -3   2  -3  -1   1  -1  -3  -1  -3  -4    4  10  12   7   0   2   2  29   2   1   2  12   1   3   7   3   1   1   1   1  0.43 0.33
  153 T     0   1   2  -1   0   0   0   0   0  -1  -1   0  -1  -2   0   1   1  -2  -2  -1    9   8  11   3   2   4   5   8   3   3   6   7   1   1   5  11   7   0   1   4  0.09 0.08
  154 V    -1  -2  -2  -2  -2  -1  -1  -3  -2   3   1  -1  -1  -3  -1  -1  -1  -4  -1   4    4   2   2   2   1   3   3   2   1  13  12   4   1   1   4   4   3   0   2  35  0.39 0.27
  155 K    -2   1  -1  -1  -2   1   1   0  -1  -2  -4   5  -2  -2   3  -1  -3  -2  -4  -4    2   8   3   3   1   5   8   6   1   2   2  33   1   2  16   4   1   1   0   1  0.59 0.41
  156 R     0   5   0  -3  -2   1  -1  -3   1  -2  -2   3  -1  -2  -1  -1  -1  -4  -2  -2    9  28   4   1   1   6   3   1   4   2   5  18   2   2   3   4   4   0   1   3  0.44 0.32
  157 F    -3  -3  -6  -5  -1  -4  -6  -6  -2   2   2  -5  -1   7  -3  -4  -3  -4   0   2    2   2   0   1   1   1   0   1   1  11  20   1   1  39   2   1   1   0   2  13  1.07 0.58
  158 F    -4  -4  -4  -6  -3  -2  -5  -6   2   5   1  -3   0   2  -6  -4  -2  -1  -2   4    1   1   1   0   1   2   0   0   5  28  13   1   2   9   0   1   2   1   1  32  0.90 0.52
  159 Y    -4  -5  -1  -6  -6  -2  -5  -5   5   0   0  -5  -1   6  -4  -5  -3   0   6   0    1   0   3   0   0   2   0   1  11   4  10   0   1  30   1   0   1   1  24   6  1.19 0.63
  160 T     1  -4  -2  -4   1   0  -3  -3  -1   2   0  -3   0   0   0   1   2  -4  -1   2   14   0   1   0   3   4   0   1   2  11   9   1   2   5   4  12  14   0   2  15  0.25 0.25
  161 S    -1  -6  -3  -4  -6  -5  -4  -2  -6  -3  -5  -5  -6  -1  -4   7  -1  -7  -6  -2    4   0   1   1   0   0   1   3   0   2   1   0   0   2   1  77   3   0   0   3  1.73 0.97
  162 S    -3  -5  -4  -5   0  -3  -4  -4  -1  -6  -6  -5  -5  -3  -4   6   4  -6  -3  -4    1   0   0   0   2   1   1   1   1   0   0   0   0   1   1  61  25   0   1   1  1.57 0.89
  163 A     3  -3  -1   1   1  -1  -2   0  -3   1   0  -2   0  -1  -2   1   1  -4  -2  -1   24   1   3   9   3   2   2   7   0  11   7   1   2   2   2  13   7   0   1   4  0.18 0.20
  164 V     2  -2  -1  -1  -1  -1   1   1  -1  -1  -2  -1  -1  -2  -3   2   0  -4   0  -1   22   1   3   2   1   2  12   9   1   3   5   3   1   1   1  19   6   0   4   3  0.23 0.24
  165 T     2  -4  -4  -3  -1  -4   0   0  -4  -1  -2  -3  -2  -3  -3  -1   2  -5  -2   4   20   1   0   1   1   0   6   7   0   2   2   1   1   1   1   4  15   0   1  34  0.57 0.41
  166 V     0  -3  -4  -5   2  -4  -3  -4  -3   0   0  -3  -1   2  -3  -3  -1  -3   6   3    7   1   1   0   4   0   2   2   0   5   8   2   1   6   1   1   4   0  31  22  0.76 0.45
  167 F    -2  -1   0   1  -2  -2  -2   4  -3  -1  -2  -2   0   2  -2  -2  -2   0   4  -1    2   4   4   7   1   1   2  32   0   4   4   3   3   9   2   3   2   1  13   4  0.44 0.28
  168 Y     0  -1  -1   1  -2  -1   0   1   0   0  -1  -1   1   0   1   0   0   0   1  -1    6   3   3   9   1   3   5  15   2   5   6   4   5   5   7   6   5   1   6   5  0.06 0.06
  169 S     0  -1   0   0   0  -1   0   0  -1   0  -1  -1   1   0   4   0  -1   0   1  -1    7   4   5   4   3   3   5   7   2   5   5   3   4   4  19   9   4   1   5   3  0.17 0.13
  170 G     1  -1   1   1  -1   1   0   1   1  -1  -1   0  -1  -1   1   1   0  -2  -1  -1   11   2   7   6   1   6   6  10   3   4   5   4   1   2   8   9   7   0   2   5  0.08 0.06
  171 G    -1   0   1   1  -4   1  -1   1   1  -1  -2   0   0  -1   3  -1   0  -4   0  -1    4   4   6   9   0   5   4  13   4   3   4   4   2   2  17   4   6   0   3   5  0.20 0.19
  172 N    -1   0   2   1  -3   1   0  -1   1  -1   0   0   1   0  -1  -1   0   1   1  -1    4   3  11   9   0   8   7   5   4   4   9   5   5   3   3   3   4   2   5   4  0.08 0.12
  173 G    -1   0   1   0   0   0  -1   1   0  -1  -1   0  -2   0   2   0  -1   1  -1  -1    5   6   9   6   2   3   3  12   3   4   5   6   0   5  13   6   2   2   2   5  0.10 0.11
  174 G     0   0   0   1  -1   0   0   0   0   0  -1   1   0  -1   1   0   0  -2   0  -1    5   6   6   7   2   4   7   7   3   5   6  11   2   3   8   5   6   0   3   5  0.05 0.04
  175 G     0   0   1   1  -1   0   1   1   1  -1  -1   0  -1  -1   2   0   0  -3  -1  -1    6   5   6   6   2   5   8  11   3   3   8   4   2   3  10   5   7   0   2   3  0.08 0.07
  176 G     0   0   0   0  -1   0   1   1   0  -1  -1   0   0  -1   1   0   0  -1  -1   0    5   4   4   6   1   3  12  11   2   4   5   6   4   2   8   5   7   1   3   6  0.07 0.07
  177 G     0  -1   0   0  -2   0   1   0   0   1  -1   0   0   0   2   0   0  -2  -1   0    7   3   4   4   0   3  11   8   3   9   7   7   2   5  10   5   5   0   2   5  0.06 0.07
  178 E     0   0   0   0   0   0   1  -1  -1   0  -1   0  -1  -1   2   0   0  -3  -1   1    7   4   4   5   2   4  12   4   1   6   5   5   1   3  12   7   6   0   2  10  0.09 0.10
  179 V    -1  -2  -1  -1  -1  -1   0  -1   1   2   0  -2   0   2  -1  -1   0  -2   2   1    5   2   3   2   1   3   6   5   4  11  10   1   2  12   3   4   6   0   8  12  0.10 0.12
  180 D    -2   0   1   5  -4  -1   1  -2   2  -2  -3  -1   0  -2   1  -1   1  -4  -3  -2    2   5   6  31   0   3   8   3   6   2   3   4   2   2   7   4   9   0   1   2  0.48 0.33
  181 E    -1  -1  -2   0  -4   0   6  -2  -1  -4  -3  -1  -4  -4  -1   0  -3  -4  -1  -2    4   4   2   5   0   3  54   3   1   1   3   3   0   1   3   6   2   0   2   3  0.97 0.57
  182 S    -1  -1   1   1  -1  -1   1  -1   1  -1  -1   0  -1  -3  -1   3   2  -1  -1   0    3   2   6   7   1   2   8   3   4   3   5   5   2   1   2  23  13   1   2   6  0.19 0.19
  183 V     0  -1   1   0   2   0   0  -1   1   0   0  -1   0   0   2   1   1  -2   0   0    5   2   6   4   5   3   5   5   3   5   8   2   2   5  11  10   9   0   3   5  0.08 0.08
  184 W    -1  -1  -1   1  -1   1   0  -1  -2  -1  -1  -1   0   0   0  -1  -1   7   2   0    5   3   3   8   1   7   5   5   1   4   7   4   2   3   5   3   3  17   6   6  0.35 0.18
  185 S     0  -1   2  -1  -2   0   0   1   0  -1  -1  -1   0   0   0   2   0   0   1  -1    6   3  10   3   1   3   5  10   2   3   6   3   2   3   4  18   6   1   6   5  0.09 0.09
  186 D    -1  -1   0   4  -3  -1   2  -1  -1  -2  -3   0  -2  -3   3  -1  -1  -3  -2  -1    5   3   4  23   1   2  12   4   1   3   3   6   1   1  15   4   4   0   1   4  0.37 0.22
  187 V     0   0  -1   0  -1  -1   0  -1   0   1   0   0   1  -1  -1   0   0  -2  -1   1   10   4   3   5   1   2   7   5   3   9  10   5   4   3   3   4   6   0   2  14  0.02 0.04
  188 E    -1  -2   1   2  -2  -1   2  -1   0  -1  -2   0  -1  -2   1   2   1  -3  -2  -1    5   2   7  12   1   2  13   4   2   4   4   4   2   2   8  15   8   0   1   4  0.17 0.15
  189 V    -1  -1   0   0  -2  -1   0  -2  -2   0   1  -2  -2   3   3   0  -1   1   1   0    6   3   4   5   1   2   5   3   1   5  12   2   1  14  16   6   3   2   4   6  0.20 0.15
  190 F    -1   0  -1  -1   2   0   0  -1   0   1   0  -1   0   1   0  -1  -1   1   1   0    5   5   3   3   5   3   7   5   2  12  11   4   1   9   3   5   3   2   5   6  0.02 0.04
  191 R     0   1   0   0  -2   0   1   0   0   0  -1   0  -1  -1   0   0   1  -1   0   0    6   8   4   6   0   3  12   6   2   7   5   5   2   2   5   8   8   1   4   6  0.04 0.05
  192 N     1   0   0   1   0   0   2  -1   2  -1  -2  -1  -1   0   0   1  -1  -2  -1   0   10   4   5   6   2   3  16   5   6   4   4   3   2   4   4  10   4   0   2   6  0.10 0.11
  193 Q     0   1   0   0  -2   1   0   1   1   0   0   0   0  -2   1   0   1   0  -2  -1    5   8   3   5   1   6   7  10   4   5   8   7   2   2   6   8   8   1   1   4  0.05 0.05
  194 K     0   1   0   0  -1   0   0  -2  -1  -1  -1   1  -1  -1   2   1   1  -2   1  -1    7   7   4   6   1   4   7   2   1   3   5   9   2   3  11   9  10   0   5   3  0.11 0.10
  195 E     0  -1  -1   0  -1   0   1  -1  -1   1  -1  -1  -1   0   4   0   0  -1   0  -1    8   3   3   5   2   3   9   5   1   9   7   3   1   3  19   6   4   1   3   4  0.18 0.14
  196 K     0   0   1   0  -2   1   1   0   1  -1   0   1  -1  -1   0   0   0  -2   0  -1    6   4   7   5   1   6   9   6   4   3  12  10   1   2   4   7   4   0   4   4  0.05 0.06
  197 R     1   1   1   1  -1   1  -1   1   0  -1  -1   1   1  -2   0   0   0  -1  -1  -1   10   8   6   8   1   6   2  11   3   2   7   9   4   2   3   6   6   1   1   4  0.07 0.08
  198 V    -1  -3  -3  -3  -2   0  -2  -1   2   0   0  -1  -3  -1   5  -2   1   3   2  -2    4   1   1   1   1   5   2   5   4   5   9   3   0   3  30   3   8   4   7   3  0.54 0.38
  199 S    -1   2   0  -1  -3   0  -1   1   1   0   0  -1   0  -1   2   0   1  -3  -2  -1    5  12   5   4   0   4   3  10   3   5   9   1   2   3  11   9   9   0   1   5  0.11 0.14
  200 S     0  -2   5   1  -5  -3  -1  -2   1  -2  -3  -3  -3  -1  -3   2   0   5  -1  -3    8   2  27   9   0   1   4   3   4   3   2   1   1   2   1  17   5   9   2   2  0.61 0.44
  201 S     0  -3  -1  -2   0  -4  -3   3  -1   0  -2  -3   1  -4   5  -1   0   2  -1   0    6   1   3   2   2   0   2  19   1   5   4   1   4   0  26   4   6   3   2   8  0.50 0.37
  202 Y    -7  -4  -7  -7  -7  -6  -5  -7  -4  -6  -5  -3  -6  -2  -7  -7  -4  -4  10  -4    0   1   0   0   0   0   1   0   0   0   1   2   0   1   0   0   1   0  88   1  3.38 1.50
  203 V     2  -2  -2  -2   1  -3  -4   4  -3  -1  -3  -3   1   0   1   1   0  -1  -2   0   15   2   2   2   3   1   0  27   1   4   2   1   3   4   6  12   7   1   2   7  0.35 0.31
  204 V     2   0  -2  -4   1   2   0  -3  -2  -1  -1   0  -2   0  -4  -1  -1   0   4   2   18   5   2   0   3   9   5   2   0   4   7   5   0   3   0   4   3   1  13  14  0.26 0.27
  205 S     1  -5  -1  -3   1  -3  -3  -1  -5  -6  -5  -5  -5  -3  -4   6   4  -6  -6  -5   10   0   2   1   2   1   1   5   0   0   1   0   0   1   1  51  22   0   0   0  1.24 0.79
  206 K    -3  -3  -3  -6  -7  -3  -3  -5  -6  -4  -5   8  -6  -7  -6  -6  -6  -7  -7  -7    2   1   1   0   0   1   2   1   0   1   1  88   0   0   0   0   0   0   0   0  2.60 1.23
  207 M     2   1  -1  -3   1   0  -3  -3  -1   0   0   0   1   1  -4  -1  -1   6   0   1   17   6   3   1   3   5   0   2   1   5  11   7   3   6   0   3   4  10   3   9  0.27 0.25
  208 A     2  -3  -4  -4  -1  -2  -2  -2   0   1   2  -3   4   2  -4  -1  -2   0   0   1   18   1   1   1   1   2   2   2   2   6  24   1   9   8   0   4   2   1   3  10  0.35 0.28
  209 A     4  -5  -2  -3   0  -2  -4   2  -5   0   0  -3  -1   1  -4   1  -1  -5  -4  -1   36   0   1   1   2   2   0  16   0   5   8   1   2   6   0  10   4   0   0   5  0.51 0.40
  210 E    -6  -3  -3   4  -7  -2   7  -5  -2  -3  -5  -3  -2  -5  -6  -5  -3  -7  -1  -6    0   1   1  17   0   2  66   1   1   2   1   1   1   1   0   0   1   0   2   0  1.80 0.95
  211 T    -2   2   0  -1  -3   3   1  -3   2  -2  -1   2   2  -4  -4  -3   0   3   0  -1    3  12   4   3   1  14   8   2   6   2   7  15   5   0   0   1   5   3   3   4  0.31 0.28
  212 A     1  -2  -4  -4  -2  -1  -2  -4  -1   2   3  -3   3   0  -4  -3  -1  -4   2   1   13   2   0   0   1   3   3   1   1  12  27   2   7   4   0   2   4   0   7  10  0.38 0.28
  213 A     2  -5  -3  -5   3  -4  -3  -2  -3   2   2  -4   2  -3  -5  -2  -1  -5  -4   4   20   0   2   0   6   0   2   3   1  12  17   1   4   1   0   2   4   0   0  25  0.56 0.37
  214 L    -2   3  -1  -3  -4   1  -1  -4   2  -1   2   0   2  -1  -4  -2  -1   6  -2  -1    3  18   2   2   0   8   3   1   5   4  18   5   5   2   0   3   4  12   1   4  0.46 0.33
  215 E     3   2   1   2  -4   1   2  -2   0  -3  -3   1  -2  -3  -4  -1  -1   0   0  -2   22   9   5  11   0   6  13   2   2   1   3  10   1   1   0   4   4   1   3   2  0.31 0.28
  216 F     2  -2  -4  -2  -3  -2  -1  -4  -1   0   0  -2  -2   3  -5  -3  -2   4   6  -1   19   3   1   2   0   2   5   1   1   5   8   2   1  10   0   1   3   6  26   4  0.64 0.43
  217 G     2   1   2  -2  -2   0  -2   0   3  -2   0  -2   0   0  -2   0  -1  -1  -1  -1   20   8  12   1   1   5   2   8   7   2   8   1   2   5   2   6   3   1   2   4  0.17 0.19
  218 G     0   2   0   1  -3   0   2   2   1  -3  -3   2  -1  -5   0  -1  -3  -5  -3  -3    9  12   3   8   1   3  17  16   3   2   2  12   1   0   5   3   1   0   1   2  0.32 0.28
  219 K     0   2  -1   0  -5   2   2   0   0  -3  -1   2  -1  -3  -1   1   0  -5  -3  -3    8  10   2   6   0  10  13   6   2   1   6  15   2   1   3   9   5   0   1   1  0.25 0.24
  220 N     0   1   2  -1  -2  -1   0  -1   4  -3  -3   0  -3   1   1   0  -1  -4   4  -3    6   9  12   3   1   2   5   4  11   2   2   5   1   5   6   6   3   0  14   2  0.32 0.27
  221 G    -3  -1   2   0  -6  -1  -1   5  -1  -6  -4   1  -5  -3  -3  -1  -1  -2  -3  -4    2   3  10   5   0   3   4  47   1   0   2   9   0   1   1   4   5   1   1   1  0.82 0.52
  222 L    -3  -3  -6  -4  -1  -3  -5  -5  -6   3   4  -5   2   2  -1   0  -1   3  -3   1    2   2   0   1   1   1   0   1   0  15  36   0   5   8   4   8   3   4   1   8  0.61 0.41
  223 E    -2   3   1   2  -3   3   0  -3   1  -5  -3   1  -4  -3   3   0  -1  -6  -1  -5    3  14   8  10   1  13   7   1   3   0   2   8   0   1  17   6   4   0   3   0  0.48 0.39
  224 V     1  -4  -4  -6   1  -5  -5  -2  -5   2   1  -5   0   3  -3  -1   2  -1  -1   4   10   1   1   0   3   0   0   3   0  10  11   0   2  11   1   3  12   1   2  27  0.51 0.37
  225 V     1   1   0  -4   5  -5  -5  -3  -4   3  -3  -5   0  -3  -6  -1   3   0  -3   3    9   7   5   1  13   0   0   2   0  15   2   0   2   1   0   5  16   1   1  20  0.61 0.44
  226 T     1  -5   0  -4   1  -4  -4   1  -1   4   0  -4  -2  -3  -4   1   1  -2  -3   2   11   0   5   1   3   0   0  13   2  24   9   0   0   1   0  11   8   1   0  12  0.41 0.34
  227 L    -1  -6  -6  -6  -1  -6  -6  -1   0   3   3  -6   0   3  -6  -4   0  -5  -1   3    5   0   0   0   1   0   0   5   3  16  31   0   1  11   0   1   5   0   2  19  0.70 0.44
  228 V    -3   8   1  -7  -5  -5  -6  -8  -1   0  -3  -2   0  -5  -6  -4  -4  -3  -7  -5    2  70   7   0   0   0   0   0   2   7   3   2   3   1   0   2   1   0   0   1  1.95 1.01
  229 I    -3  -5  -7  -7   2  -4  -6  -6  -3  -1   0  -6  -6   1   7  -3  -3  -6   5  -3    2   0   0   0   4   1   0   1   1   4  10   0   0   5  48   2   2   0  18   2  1.50 0.84
  230 P    -1  -3  -1  -4  -2  -3  -4   2   0  -5  -4  -5   0   5   2   2   1  -1  -2  -3    4   2   2   1   1   1   1  14   2   0   1   0   3  28  12  16   9   1   1   2  0.67 0.49
  231 L    -4  -5   6  -2  -4  -2  -4   0  -1  -1   0  -4   1   2  -3  -1  -1  -1   2  -1    0   0  40   2   0   2   0   9   1   4   8   0   3   7   2   4   4   1   6   5  0.77 0.51
  232 V    -3  -5  -1  -6  -5  -5  -5  -6   1   5   0  -6   0  -4   0  -5  -1   3  -5   5    2   1   4   0   0   0   1   0   4  27   7   0   2   0   5   1   4   3   0  39  1.03 0.58
  233 V    -1  -5  -6  -6  -3  -5  -2  -4  -2   2   0  -5   2   3  -6  -4   1   0   7   1    5   0   0   0   1   0   3   1   1  10   8   0   5  12   0   1   8   1  32  10  0.92 0.55
  234 G    -4  -5  -6  -6  -7  -7  -7   7  -7  -5  -8  -5  -7  -8  -7   0  -3  -7  -8  -8    1   1   0   0   0   0   0  87   0   1   0   1   0   0   0   7   2   0   0   0  2.41 1.09
  235 P     0  -1  -3  -1  -6  -4   0  -1  -2  -6  -6  -1  -6  -6   7  -2  -2  -3  -3  -4    7   3   2   3   0   1   6   5   1   0   1   4   0   0  60   3   3   0   1   1  1.54 0.78
  236 F    -1   1  -1   0  -4   0  -1   2   1  -1  -1  -1   1   3  -1   1  -2   1   1  -1    3   9   2   4   0   4   3  17   3   3   6   3   3  14   3  11   2   2   4   4  0.15 0.17
  237 I    -2  -1  -1   2  -3   0   0   1  -1   1   0  -2  -1   0   0  -2  -1   1  -2   2    2   3   2  13   0   4   7  10   1   9  11   2   1   5   6   2   3   2   1  16  0.11 0.15
  238 S     0   1   0   0  -1   1   1  -1   2  -1  -1   1  -1  -1   0   1   1  -4  -2  -2    8   7   5   5   1   6   7   5   5   5   5   7   1   2   4  12  11   0   1   2  0.10 0.12
  239 S     0   1   1   1  -3   0   0   1   2  -3  -2   0  -2   1   3   0   0  -2  -1  -3   10   6   6   7   0   5   6   9   5   1   3   7   1   8  13   5   5   1   2   1  0.16 0.16
  240 S    -1   0   2   1  -3   0  -2  -1   5   0   0   0   0   1  -1  -1   0  -2  -1  -1    6   4   9   7   0   5   1   5  15   5   8   6   3   7   3   5   7   0   1   4  0.16 0.18
  241 L    -2  -2  -2  -2  -1  -3  -3  -2  -3   3   1  -3   3   3   1  -2  -1   0   0   2    3   2   2   2   1   1   2   4   0  16  15   2   9  12   8   2   3   1   2  13  0.30 0.24
  242 P     1  -2   4  -2  -4  -2  -1  -1   0   0  -2  -2  -1  -1   4  -1   0  -5  -1  -2   11   2  18   1   0   2   5   4   2   6   4   2   1   3  23   5   4   0   2   3  0.43 0.34
  243 S     0   1   2  -1  -4   1   1   0   0  -1  -2  -1  -1   0   1   1   1  -4  -1  -1    6   9  10   2   0   6   8   7   2   3   3   3   1   4   8  12  10   0   2   4  0.13 0.16
  244 S     1  -1  -1   0  -3   1  -2   1   0  -1  -1   0  -1   0  -1   2   0   0  -1  -1   12   3   2   4   0   7   1  13   3   3   7   5   2   5   3  16   6   1   2   5  0.10 0.15
  245 V    -1   0  -1   0   1  -2  -2  -3  -2   3   2  -2   1   1  -4  -1  -1  -2   0   1    5   5   3   6   3   2   2   1   1  17  22   2   3   5   0   3   4   0   3  12  0.19 0.18
  246 F    -1   1   1   0  -3   0   0  -2   0   1  -1   1   0   2  -1  -1  -1   1   0   0    6  10   6   4   0   4   6   2   2  12   6   8   3  12   3   3   3   2   2   6  0.07 0.11
  247 I     0  -1   1  -1  -3  -1  -1  -1   2   1   0   1   0   0   1   0   1  -3   1   0    8   3   7   3   0   2   4   5   7   9   8   8   2   4   6   4  10   0   4   5  0.06 0.09
  248 S     1   0   1  -2  -2   0  -1   1   1   0   0   0   0  -1   0   0  -1  -1  -1   0   16   4   7   1   0   4   2  12   4   8   7   7   3   3   4   8   2   1   1   6  0.07 0.11
  249 L     0   0  -1  -2  -1   0   0  -2  -2   0   2   0   1   1  -1  -1  -2   3  -1   0   10   6   4   2   1   4   6   2   1   4  26   6   4   6   4   5   2   4   2   5  0.12 0.15
  250 A     0   1   1   0  -1   0  -1   1  -1   0   0   0   1  -1  -1   0   0  -2  -1   0    9   8   6   4   1   6   2  10   1   8  10   5   4   2   2   9   3   0   1   7  0.03 0.06
  251 M    -2  -1  -3  -2  -3  -2  -3   0  -3   1   2   1   3   1   1  -2   0  -2   0   1    2   3   1   2   0   1   1   8   0   9  23   9   8   5   8   1   5   0   3   9  0.21 0.21
  252 L     0   0   0  -2  -3  -1  -2  -1  -1   2   2   1   0   2   0  -2  -2  -3  -1   1    7   5   5   1   0   2   2   4   2  16  18   9   2   9   4   1   2   0   2   9  0.14 0.16
  253 F     0   0   0  -1  -2   1   0   1   1   0   0   1   0   1  -2   0   0  -2   1  -1    7   4   4   2   0   7   4  10   3   6  12   9   2   6   1   5   6   0   7   4  0.04 0.07
  254 G     0   0   0  -2  -3  -2   0   5  -1  -5  -2   0  -1   1  -2  -1  -2  -3  -4  -2    6   6   4   2   1   2   5  40   2   0   5   5   1   7   3   4   2   0   0   4  0.51 0.36
  255 N     0   1   1   3   1  -1   2  -2   1   0  -1   0  -2  -1  -1   1  -1  -2  -2  -2    7   7   7  18   3   2  13   2   3   5   6   5   1   3   2  10   3   1   1   1  0.19 0.19
  256 Y    -1  -1  -2   0  -3  -1   0   3  -1   0   0  -1  -2   0  -1  -2  -1   1   3  -1    3   4   2   6   0   3   5  25   1   7   9   3   1   4   3   2   5   2  11   4  0.21 0.20
  257 K     0   0   0   0  -2   0   1   0  -1  -2  -3   3   1  -3   1   1   1  -5  -1  -1    8   4   4   5   1   3   7   7   1   2   2  22   5   1   6   9   8   0   2   4  0.20 0.21
  258 E     0  -1  -1  -1   0   1   0  -1   1   0   0   0   1  -2   2   0   1   0   0   0    5   3   1   2   2   8   6   5   4   4   7   5   4   1   9   7   9   1   4   9  0.07 0.11
  259 K     0   0   0   0  -1   0   0   1   0   0   0   0  -1   1   1  -1   0  -1   2  -1    7   4   6   4   1   3   5  11   3   6   8   8   1   6   6   3   5   1   8   3  0.04 0.06
  260 Y    -1  -2   1   3  -2  -1  -2   0  -1  -1  -2   0  -2   2   2   0  -1  -2   1  -2    5   2   8  17   1   2   2   9   1   3   4   5   1   9  12   8   4   1   4   3  0.21 0.20
  261 L    -1   0  -1  -2  -3  -3  -1   3  -3   2   1   0   0   0   0  -2  -1   1  -3   1    4   4   4   2   0   1   3  24   0  13  12   6   2   5   5   2   3   2   0   9  0.21 0.19
  262 F    -1   0   1   0  -2   0   0  -1   1   0   0  -1   0   2  -2   0   1   0   1  -1    3   6   7   5   1   3   8   5   4   8   9   3   2   9   1   8  10   1   4   3  0.05 0.08
  263 D     0  -1   2   0   0   2  -1   2  -2  -3  -3   0  -2  -3   2   1  -1  -4  -2  -3    8   2  11   6   2  12   3  17   1   1   3   4   1   1   9  11   3   0   1   2  0.28 0.24
  264 T    -2   0  -1  -3  -2   1  -1  -1  -3   1   1   0   0  -1  -1   0   2   0   0   2    2   6   2   1   1   6   3   5   0  10  15   5   2   2   3   6  13   2   3  13  0.11 0.14
  265 Y     0   6  -4  -4  -1  -4  -3   0  -1  -2  -1  -2   0   0  -3  -3  -3  -5   1   1    7  44   0   1   2   0   1   8   1   2   6   2   2   4   1   2   2   0   5  10  0.80 0.50
  266 N    -2  -2   3   6  -3   1   0  -2  -1  -6  -4  -2  -5  -3  -2   1  -2   0  -1  -3    4   2  12  41   1   6   4   3   2   0   2   3   0   2   2   9   3   1   2   2  0.80 0.50
  267 M    -5  -3  -3  -5  -2  -6  -7  -5  -5  -4  -1  -6   2   7   2  -3  -3   7   5  -5    1   2   1   1   1   0   0   1   0   1   7   0   5  36  10   2   2  13  16   0  1.46 0.76
  268 V    -1  -6  -6  -5   1  -3  -6  -1  -7   5   0  -5   1  -4  -7  -4   2  -7  -6   5    4   0   0   1   3   1   0   5   0  27   7   1   3   0   0   1  11   0   0  35  1.00 0.58
  269 H    -3  -4  -4   3  -8  -3  -2  -7   8  -7  -7  -6  -7   1   1   0  -5  -5   6  -7    2   1   1  15   0   1   2   0  31   0   0   0   0   5   6   7   0   0  28   0  1.67 0.89
  270 I     0  -4  -4  -7  -2  -6  -3  -7  -7   3  -1  -6  -2  -3  -3  -3  -3  -7  -2   6    9   1   1   0   1   0   2   0   0  16   5   0   1   1   2   2   1   0   1  57  1.30 0.70
  271 D    -2   1   0   5  -4  -2   3   1  -1  -3  -3   0  -1  -4  -5  -1  -1  -6  -2   0    3   7   3  27   0   1  18  13   1   2   2   5   2   0   0   5   3   0   1   6  0.50 0.38
  272 D    -7  -6   4   8  -9  -4  -1  -7  -1  -6  -7  -5  -3  -9  -7  -5  -1 -10  -4  -5    0   0  16  71   0   0   3   0   1   0   0   0   1   0   0   0   4   0   1   1  2.25 1.10
  273 V     0  -6  -6  -7   1  -6  -6  -2   1   0   3  -6   0  -4  -5  -4  -2  -6   0   5    7   0   0   0   3   0   0   3   3   4  26   0   2   0   0   1   2   0   3  44  1.00 0.59
  274 A     5  -7  -6  -7   3  -6  -6  -4  -7   1  -2  -6  -3  -6  -5  -1  -4  -7  -6   4   46   0   0   0   6   0   0   1   0   8   3   0   0   0   0   4   0   0   0  29  1.26 0.73
  275 R     0   2   2   2  -5   1   2  -3   1  -3  -2   2  -4  -4  -3  -1  -2   4  -2  -5    7  12   8  13   0   6  16   2   4   1   4  13   0   0   1   5   2   6   1   0  0.43 0.34
  276 A     5  -6  -4  -6  -1  -5  -5   2  -6  -2   0  -5   2  -5  -5  -2  -1  -6  -1   2   45   0   1   0   2   0   0  16   0   2   8   0   5   0   0   3   4   0   2  13  0.84 0.56
  277 M    -4  -5   2  -4   1  -2  -5  -5   8   2   1  -5   3   1  -6  -3  -1  -6   0   0    1   0  10   0   3   2   0   1  33  12  11   0   7   5   0   2   4   0   2   6  1.00 0.58
  278 I    -4  -1  -4  -3  -3  -4  -3  -6  -3   5   3  -5   0  -1  -6  -3  -2   4   0   3    1   3   1   2   0   0   2   0   1  28  28   0   1   3   0   2   3   5   3  17  0.78 0.46
  279 F     1   1  -1  -2  -1  -1  -2  -3   1  -2   2   0   0   2  -4  -1  -2   5   0  -1   13   9   2   2   1   3   2   2   3   1  23   7   3  10   0   3   2   8   3   5  0.27 0.25
  280 L     4  -6  -6  -5   0  -4  -4  -4  -6   1   2  -5   2   2  -6  -3  -3  -6  -4   2   39   0   0   0   2   1   1   1   0   6  22   0   4   7   0   1   1   0   0  14  0.82 0.54
  281 L     1  -4  -4  -6  -3  -5  -6  -6  -6   1   4  -5   3   2  -6  -1  -2   3   0   0   13   1   1   0   0   0   0   0   0   8  42   0   7   7   0   4   2   4   4   6  0.76 0.48
  282 E    -3   0   0   3  -6   3   5  -4   0  -4  -4   1  -1  -4  -4  -1  -1  -6  -5  -4    2   4   5  14   0  13  36   1   2   1   1   7   2   1   1   5   4   0   0   1  0.78 0.53
  283 K     0   1   4   1  -4   1  -1  -2   5  -6  -3   3  -5  -5  -2  -1  -2  -6   0  -4    9   8  19   6   0   5   4   3  13   0   3  17   0   0   2   4   2   0   3   1  0.53 0.39
  284 P     0  -1   0   0  -6  -4   1   2  -3  -4  -1  -1  -5  -6   5   0  -4  -3  -1  -4    8   4   5   6   0   0   8  14   0   1   8   4   0   0  30   7   0   0   2   1  0.58 0.43
  285 V    -1   1   1   0  -3   0   2  -1   0  -2  -2   2  -2  -1  -1   1   1  -5  -3   0    5   7   6   4   0   4  15   4   2   1   4  15   0   3   3  10   7   0   1   9  0.17 0.20
  286 A     2  -1  -1  -1   3  -1  -1   0  -1   1  -2   0  -2  -3   1   0   0  -4  -2   1   22   4   3   3   7   2   3   7   1   8   3   6   0   1   8   6   7   0   1   9  0.18 0.19
  287 K     0  -1   1   1  -2   1   1   2  -3  -3  -5   0  -2  -5  -2   3  -1  -1  -4  -2    7   4   6   8   1   6   8  18   0   2   0   5   1   0   2  25   2   1   0   3  0.38 0.34
  288 G    -2  -3   1   1  -3  -1   1   5   3  -7  -4  -2  -2  -5   0  -2  -3  -6  -4  -6    3   1   6   8   1   2  11  47   7   0   2   2   1   1   5   2   1   0   1   0  0.90 0.55
  289 R    -2   3  -2  -3  -4   1  -2   0  -2   3  -2   0  -2   0  -2  -3   0  -5   0   2    3  19   2   1   0   7   1   6   1  20   1   5   1   4   2   1   6   0   3  16  0.35 0.31
  290 Y    -5  -4   1  -3  -6  -3  -4  -7   2   2   0  -4  -1   5  -7  -3  -3  -3   7   0    0   1   7   1   0   1   1   0   5  12   8   1   1  20   0   1   2   0  33   6  1.08 0.60
  291 I    -4  -4   4  -4  -3  -5  -5  -3   1   5   1  -6  -1   2  -6  -4  -4  -6  -3   3    0   1  21   0   1   0   0   2   4  32  10   0   1   9   0   1   0   0   1  17  0.92 0.55
  292 C     1  -6   0  -5   7  -3  -4   3  -6   0   1  -5  -3  -2  -6  -1  -2   0  -4   0   12   0   4   0  20   1   1  26   0   6  13   0   0   1   0   4   2   1   0   7  0.70 0.45
  293 S     0  -4   1  -2   0  -4  -3   2  -2   0  -3  -2  -4  -3  -2   3   4  -6   0  -2    8   0   6   2   2   0   1  16   1   6   2   2   0   1   1  22  24   0   4   2  0.48 0.41
  294 S     2  -3  -1   1  -5  -2   0   5  -2  -6  -6  -2  -5  -6   0   0   1  -6  -4  -4   14   1   2   8   0   2   6  39   1   0   0   3   0   0   6   8  10   0   1   1  0.70 0.47
  295 V    -1   0   2  -1  -2   1   1   2   3  -2  -4   0  -1  -1  -1   0   0  -1  -1  -1    4   5   9   2   1   6  12  18   8   2   0   4   2   3   3   6   6   1   2   6  0.21 0.21
  296 E     1  -1   1   0  -5   0   2   1   0  -2  -4   0  -1  -4   4   0  -1  -6  -5  -1   11   3   8   5   0   3  14  11   2   2   0   5   1   0  19   7   2   0   0   4  0.37 0.30
  297 M     1   0  -3  -4  -1   0  -1  -3   1   1  -1  -1   1   3  -4  -1   0  -3   3   1   14   6   1   0   1   5   3   1   3   8   5   3   3  14   0   3   7   0  10  12  0.24 0.23
  298 K    -2   0  -1  -2  -1  -3  -1  -2   1  -3  -5   0  -3  -2   1   4   4  -6  -3  -3    1   5   3   2   2   1   4   2   4   2   1   6   0   2   8  34  23   0   1   1  0.62 0.49
  299 I    -3  -2   2  -5  -3  -4  -5  -5  -5   3   0  -3   2   2   0  -2   0   4  -2   3    2   3  10   0   0   0   0   0   0  19   6   1   6   8   5   3   6   6   1  23  0.53 0.38
  300 D     0   2   2   0  -2   0   1   0   1  -2   0   2  -2   0  -1  -1  -2  -1   0  -2    6  11  10   4   1   5   9   6   4   1  13  14   0   4   2   4   0   1   4   3  0.13 0.17
  301 E    -3  -2  -1   4  -7   3   5  -3  -3  -5  -6  -1  -2  -7  -5  -1  -2  -7  -4  -4    2   2   3  24   0  11  43   2   0   1   1   3   1   0   0   4   2   0   1   1  1.12 0.67
  302 V    -2  -4  -5  -7  -5  -3  -5  -5  -6   4   3  -6   4   3  -5  -5  -4  -2  -4   3    4   1   0   0   0   1   1   1   0  20  28   0  10  10   1   0   0   1   0  23  0.90 0.51
  303 F     4  -4  -3  -5   1  -3  -2  -1  -3   0   1  -2  -1   1  -2  -2  -2  -5   0   3   32   0   1   0   2   1   2   5   1   5  15   2   1   7   2   2   1   0   3  19  0.42 0.35
  304 E     0   1   1   2  -2   2   4  -2  -2  -6  -5   3  -5  -6  -5  -1  -2  -6  -1  -4    7   7   5  11   1   8  32   3   1   0   1  17   0   0   0   4   2   0   2   1  0.65 0.45
  305 F     2  -2  -2  -1  -3  -1   0  -2   1   1   1  -1   3   1  -3  -1   1  -1   0   0   18   1   1   4   0   3   5   3   4  11  11   4  11   5   1   2   7   1   3   6  0.15 0.19
  306 L     0  -5  -4  -5  -1  -5  -4  -6  -5   3   4  -5   1   1  -6  -3  -3  -5  -3   3   10   0   1   1   1   0   1   0   0  18  36   0   4   5   0   1   1   0   0  21  0.80 0.46
  307 S     0   2   0  -2   2   1   1  -1   0   0   0   1  -1  -2  -3   0   0  -4  -3   0    8  11   5   1   6   6  10   5   2   6  11   8   1   1   0   8   4   0   0   6  0.10 0.14
  308 T     1   2  -2   1  -5   1   3  -3  -1  -2  -3   4  -4  -4  -2  -2  -1  -5   0  -3   12  12   2   6   0   5  19   1   1   2   2  27   0   0   1   2   3   0   3   2  0.50 0.37
  309 K     1   0  -1  -1  -2   0   1  -2   1   0   0   1   0  -1  -1   0   0  -2   1   0   13   4   2   3   1   4  11   2   5   5   9  12   2   1   3   4   5   0   5   9  0.06 0.10
  310 F     0  -3  -4  -4  -2  -3  -3  -3   3   0   1  -3   1   5  -4  -1  -2   3   3   0    8   1   0   1   1   1   1   2   7   4  12   2   4  26   0   4   3   4  11   6  0.54 0.35
  311 P    -3  -3   0  -1  -5  -3   0   3   0   0  -4   0  -5  -6   6  -2  -1  -6  -4  -4    1   1   4   3   0   1   8  20   2   7   1   5   0   0  39   3   4   0   1   1  0.90 0.51
  312 Q     0   0   1   1  -3   2   3  -2  -1  -3  -4   3  -4   0  -2   1  -1   2  -2  -4    6   5   5   6   0   8  21   3   1   1   0  18   0   4   2  10   3   3   1   1  0.37 0.29
  313 F    -2  -2   0  -3  -3  -3  -2  -4   3   2   1   0   0   2  -3  -2  -2   2   5  -2    3   2   6   1   0   1   3   1   7  14  12   7   2   7   1   3   2   3  22   2  0.40 0.29
  314 Q    -2   1   2   1  -5   1   0   0   2  -3  -4   1  -4  -3   5  -1  -1  -2   0  -3    1   7   9   7   0   5   7   6   5   2   1   9   0   1  26   4   4   1   4   2  0.46 0.31
  315 L    -1  -1  -4  -3  -4  -4  -1  -5  -4   4   2  -2   0   3  -2  -2  -3   0  -1   2    4   4   1   2   0   0   4   0   0  26  19   3   1  12   2   3   0   1   1  17  0.47 0.31
  316 P    -3  -1  -2   0  -6  -1   0  -3  -5   0  -1   0  -3  -5   7  -2  -2  -6  -4  -1    1   4   2   4   0   3   7   2   0   5   6   5   0   0  52   2   2   0   1   4  1.15 0.61
  317 S     0  -1   0   2  -2   0   1  -1  -1  -1  -2  -1   0   0   0   1   1   0   2  -1    7   2   4  13   1   4   8   3   1   4   2   3   3   5   4   9  12   1   9   5  0.11 0.14
  318 I     0   1  -1   0   0  -1   0   0   2   0  -1   0  -1   1  -1  -1  -1   2   0   1   11   7   2   4   2   2   8   6   6   8   5   7   1   7   3   1   2   3   4  11  0.04 0.08
  319 D    -1   0  -1   2  -1  -2   1  -3  -2  -1   1  -1  -1   3   0  -1  -1  -1  -1   1    3   5   2  15   1   1   9   1   1   3  19   4   1  13   5   4   3   1   1   9  0.16 0.19
  320 L     0   2   0   1  -2   0   0  -1  -1  -2  -1   1  -1   1   2  -1   0  -3  -1   0    8  11   4   8   0   4   4   4   1   1   7  11   1   6  12   2   6   0   2   7  0.12 0.13
  321 N    -1   2   1   2  -5  -1  -1   3  -2  -5  -4  -1  -4  -2   2   2   0  -5  -4  -4    5  10   8  12   0   2   3  24   1   0   1   4   0   2   9  14   5   0   0   1  0.42 0.32
  322 K     0   4  -3   0  -5   0   0  -3  -2   1  -1   2  -3   0   2  -2  -2  -5  -3  -1    7  27   0   5   0   3   5   2   1   8   5  14   0   5   9   2   1   0   0   5  0.37 0.31
  323 Y     1   1  -1   1  -1  -2   0   0  -1  -1  -1  -1  -3  -2   3  -1  -2  -3   3   0   13   9   3  10   1   1   5   6   1   3   5   4   0   1  14   3   1   0  13   6  0.23 0.23
  324 K    -2  -1  -1   2  -5   3   1   1   1  -3  -1  -1  -3   1   2  -1  -1   2  -2  -2    3   2   2  15   0  14  11  11   4   1   8   2   0   7   9   3   4   3   1   2  0.25 0.25
  325 V     0   0   1   1   0  -1   0   2   2  -3  -3  -1  -2  -2   0   1  -1  -4   1   0    7   5   7   7   2   1   7  19   6   0   1   3   1   1   5  12   2   0   6   8  0.18 0.19
  326 E     0   0   0   4  -5   0   2  -1   2  -2  -2  -2  -3   2  -3  -2   0   3   1  -2   10   5   3  22   0   4  12   4   4   3   4   1   0   9   1   1   5   4   6   1  0.28 0.26
  327 K     0   1   0  -2  -3   1   1   0  -1  -2  -2   1   0  -1   3   0   2  -4  -1  -1    6   7   3   0   0   7   9   6   1   2   2   8   2   3  13   7  16   0   2   4  0.21 0.21
  328 R     0   3  -1   0  -1   2   0  -1   1  -2  -1   1   0  -2   1   0  -1  -4  -2  -1    7  20   1   6   1  12   5   4   4   2   6   7   2   2   7   5   3   0   1   6  0.20 0.20
  329 M     2  -1  -1  -4  -1  -1  -3  -3  -1   0   0   0   0   1  -1  -1  -1  -3   5   2   19   4   4   0   1   2   0   1   1   5   7   7   2   4   3   4   2   0  20  13  0.29 0.27
  330 G     0  -1  -1   3   2  -1  -1  -1   0  -1   0   0   0   0  -1   0   0  -1   0  -1    9   3   2  18   4   3   0   5   2   4   9   5   2   6   2   8   7   1   4   4  0.08 0.12
  331 L     0  -4  -1   2  -2  -3  -3  -4  -4   2   3  -4   1   3  -5  -3  -2  -1   0   0   10   0   3  11   1   1   1   1   0  13  29   0   3  15   0   1   1   1   3   6  0.45 0.32
  332 S     0  -3   1   4  -5  -3   0  -3  -3  -2  -4  -1  -4  -5   2   4   2  -6  -3  -3    6   1   5  24   0   0   4   1   0   2   1   3   0   0   9  27  11   0   1   2  0.63 0.44
  333 S     0  -3   2   0   1  -1  -1  -2  -2  -1  -2  -1  -3  -3  -2   4   2  -2  -1  -1    8   1  11   5   3   2   4   3   1   4   4   3   0   0   2  31  11   1   2   4  0.32 0.28
  334 K     0   0   0  -1  -1   2   1  -1  -2  -4  -3   4  -1  -4  -1   1   1  -4  -3  -3    6   4   3   3   1  11   9   5   1   1   2  29   2   0   3   9   8   0   1   1  0.38 0.29
  335 K     2   2  -1  -3  -5  -1  -1  -4  -4  -2  -4   6  -2  -3  -3  -1  -1  -6  -5  -5   17  11   3   1   0   2   4   0   0   2   1  47   1   1   1   5   3   0   0   0  0.92 0.55
  336 L     0   1  -3  -4  -4  -1  -2  -4  -3   1   4   0   1  -2  -5  -2  -2  -4  -3  -1    8   9   1   1   0   2   3   1   0   9  49   5   2   1   0   3   2   0   0   3  0.56 0.37
  337 K    -1   4  -2  -1  -5   0   1  -3   0  -1  -1   3   0  -3  -1  -2   0  -5  -2  -1    6  26   1   2   0   3   9   2   2   3   6  22   2   1   3   2   5   0   1   4  0.42 0.31
  338 S     1  -2   0   3  -4   1   3  -2  -3  -3  -3   0  -3  -5  -3   1   0  -5  -4   0   13   2   3  15   0   5  24   3   0   1   2   7   0   0   0  11   6   0   0   7  0.39 0.31
  339 A     2  -5  -6  -6  -3  -5  -2  -5  -4  -1   5  -3   2  -2  -4  -3  -1   2  -2  -1   16   0   0   0   0   0   4   0   0   2  59   1   5   1   1   1   3   3   1   2  0.93 0.54
  340 G    -3  -6   0  -6  -7  -6  -6   7  -6  -8  -5  -4  -7  -4  -4  -5  -4  -7  -3  -7    2   0   5   0   0   0   0  87   0   0   1   1   0   1   1   0   1   0   1   0  2.24 0.94
  341 F    -5  -3  -4  -8  -2  -3  -7  -7  -3  -2  -1  -7   0   5  -3  -7  -4  10   5  -4    1   2   1   0   1   1   0   0   0   3   7   0   2  22   2   0   1  42  15   1  2.19 0.92
  342 E    -2   1  -1   2  -4   2   2  -1  -2  -4  -5   3  -4  -5  -1   0   2  -5  -1  -3    2   8   2  14   0   9  16   5   1   1   0  20   0   0   2   4  12   0   2   2  0.43 0.34
  343 F     1  -5  -5  -5  -5  -1   0  -4   0  -3  -3  -4  -4   6   5  -4  -3  -4   2  -1   11   0   0   0   0   3   5   1   2   1   2   1   0  29  32   1   1   0   5   5  1.04 0.57
  344 K    -2   4  -1  -1  -5   2   0  -5  -2  -5  -3   5  -2  -3  -2  -2   0  -1  -2  -3    3  19   2   3   0   9   6   0   0   0   3  39   1   1   1   1   6   1   2   1  0.76 0.47
  345 Y    -3   1  -3  -3  -2  -3  -2  -5   2   0  -2  -1  -1   2  -4  -1   2   2   6   1    2   8   1   1   1   1   2   0   4   6   2   4   1  10   1   3  15   3  26  11  0.53 0.37
  346 G    -1  -2   0   2  -4  -3  -2   2  -4  -3  -3  -1  -4  -2   2   2   3  -5  -4   0    3   2   4  12   0   0   1  15   0   1   2   4   0   2  10  18  20   0   0   7  0.39 0.33
  347 A     0  -4  -5  -3  -4  -4  -3  -5  -3   2   4  -3  -1   4  -2  -4  -2   5  -2   0    9   1   0   2   0   0   2   0   1  10  43   2   1  16   2   0   1   7   0   4  0.73 0.42
  348 E    -2   1  -2   1  -2   1   5  -4  -1  -5  -5   0  -4  -5   2  -1  -2  -2  -4  -1    4   9   1   8   1   6  43   0   1   0   0   6   0   0  10   3   2   1   0   4  0.75 0.45
  349 E    -2  -2  -2   3  -6   1   6  -4  -3  -3  -5   0  -5  -5  -4   0  -1  -5  -2  -5    3   2   2  18   0   5  51   1   0   1   0   5   0   0   0   5   4   0   2   0  1.05 0.55
  350 I     0  -4  -1  -2   0  -3  -4   2  -4   1   2  -3   6  -2  -4   0  -1  -4  -4  -1    7   0   3   2   2   0   0  19   0   7  16   0  28   1   0   6   3   0   0   3  0.56 0.36
  351 F    -3  -4  -4  -4   4  -3  -3  -5  -2   2   2  -4   1   4  -5  -2  -1  -3   3   2    1   0   0   1   9   1   2   0   1  13  24   0   3  17   0   2   4   0  10  12  0.54 0.31
  352 S    -1   3   0   3  -4   1   2  -2  -2  -4  -3   3  -3  -3  -2  -1   0  -4  -2  -2    4  15   3  16   0   5  14   3   0   1   2  23   0   1   1   4   4   0   1   2  0.43 0.28
  353 G    -2  -1  -1   5  -5   2   2   1  -2  -3  -3   1   0  -5  -4  -1  -1  -6  -5  -2    2   3   2  38   0   9  12   9   1   2   2   8   3   0   0   4   2   0   0   3  0.61 0.36
  354 A     3  -3  -1  -2   1  -1  -2  -2  -3  -1  -1  -1   4  -1  -3   0   3  -4  -1   0   26   0   2   2   3   2   1   2   0   3   4   3  13   2   0   6  21   0   3   6  0.34 0.29
  355 I    -1  -4  -4  -5  -3  -4  -4  -5  -4   5   0  -4   0  -3  -2  -1   0   0   0   4    5   0   0   0   0   0   0   0   0  35   7   0   1   0   2   6   5   1   3  32  0.69 0.37
  356 R     0   1  -1   2  -4   3   3  -2   0  -2  -2   3  -3  -4  -3  -2  -1  -4  -3  -3    8   7   1  12   0  17  23   2   2   2   5  17   0   0   0   1   2   0   0   0  0.46 0.29
  357 S     1  -3  -2  -2   3  -3  -3  -3  -3  -1  -3  -1  -3   0  -4   2   1   6   4  -2   15   0   2   2   7   0   0   0   0   4   0   4   0   3   0  20   8  14  18   2  0.59 0.34
  358 C     0  -4  -4  -4   5  -3  -2  -4  -3   1   1  -4   3   4  -4  -3  -2  -2   4   1    7   0   0   0  13   0   3   0   0   9  13   0   8  19   0   0   2   0  18   8  0.55 0.28
  359 Q    -3   5  -2  -3  -5   3   2  -4  -2  -4  -2   3  -3  -5  -4   0   0   1  -3  -3    0  39   0   0   0  15  11   0   0   0   4  19   0   0   0   6   5   2   0   1  0.76 0.35
  360 A     1  -1  -1   1   0   3   3   0   1  -4  -2   1   0  -2  -3  -1  -1  -4  -3  -3   15   0   1   7   3  20  25   5   3   0   2  10   3   2   0   1   3   0   0   0  0.37 0.23
  361 R    -1   3  -2  -3  -5   3   0  -4  -2  -4   0   6  -2  -4  -3  -2  -3  -5  -4  -4    3  13   0   0   0  12   2   0   0   0  10  59   0   0   0   0   0   0   0   0  0.89 0.36
  362 G    -1  -3   0  -2  -4  -1   0   6  -3  -5  -5  -3  -4  -5  -4  -2   0  -4  -4  -4    0   0   4   0   0   3   7  81   0   0   0   0   0   0   0   0   6   0   0   0  1.29 0.32
  363 F    -3   1  -3  -4  -3  -2  -3  -4   2   0   3  -2   2   2  -4  -3  -2   4   3  -1    0   8   0   0   0   0   0   0   8   0  48   0   8   9   0   0   0   6  12   0  0.50 0.18
  364 L    -2  -3  -5  -5  -2  -3  -4  -5  -4   3   5  -4   1  -1  -4  -4  -2  -3  -2   0    0   0   0   0   0   0   0   0   0  16  84   0   0   0   0   0   0   0   0   0  0.84 0.20

                      K         Lambda
Standard Ungapped    0.1340     0.3168
Standard Gapped      0.0415     0.2670
PSI Ungapped         0.1356     0.3175
PSI Gapped           0.0415     0.2670
