
Last position-specific scoring matrix computed, weighted observed percentages rounded down, information per position, and relative weight of gapless real matches to pseudocounts
            A   R   N   D   C   Q   E   G   H   I   L   K   M   F   P   S   T   W   Y   V   A   R   N   D   C   Q   E   G   H   I   L   K   M   F   P   S   T   W   Y   V
    1 M    -1  -2  -2  -3  -2  -1  -2  -3  -2   1   2  -2   6   0  -3  -2  -1  -2  -1   1    0   0   0   0   0   0   0   0   0   0   0   0 100   0   0   0   0   0   0   0  0.38 0.01
    2 A     4  -2  -2  -2   0  -1  -1   0  -2  -1  -2  -1  -1  -2  -1   1   0  -3  -2   0  100   0   0   0   0   0   0   0   0   0   0   0   0   0   0   0   0   0   0   0  0.42 0.01
    3 R    -2   5  -1  -2  -3   0  -1  -3  -1  -1   2   1   0  -1  -3  -1  -1  -2  -2  -1    0  64   0   0   0   0   0   0   0   0  36   0   0   0   0   0   0   0   0   0  0.37 0.00
    4 C    -1  -1  -2  -2   8   3  -1  -2  -1  -2  -2  -1  -1  -3  -2  -1  -1  -2  -2  -1    0   0   0   0  64  36   0   0   0   0   0   0   0   0   0   0   0   0   0   0  0.71 0.01
    5 C    -1   3  -1  -2   6   0  -1  -2  -2  -2  -2   0  -1  -3  -2   0   2  -3  -2  -1    0  36   0   0  32   0   0   0   0   0   0   0   0   0   0   0  32   0   0   0  0.39 0.00
    6 R    -2   5   3   0  -3   1   0  -2   0  -3  -3   2  -2  -3  -2   0  -1  -3  -2  -3    0  68  32   0   0   0   0   0   0   0   0   0   0   0   0   0   0   0   0   0  0.56 0.00
    7 H    -2  -2  -1  -3  -2  -1  -2  -3   5   0   2  -2   0   4  -3  -2  -2  -1   2  -1    0   0   0   0   0   0   0   0  32   0  32   0   0  36   0   0   0   0   0   0  0.32 0.00
    8 L    -1  -3  -3  -4  -2  -3  -3  -4  -3   2   3  -3   1   3  -3  -2  -1  -1   1   2    0   0   0   0   0   0   0   0   0   0  52   0   0  25   0   0   0   0   0  23  0.32 0.01
    9 A     2   0   0  -1  -1   2   0  -1  -1  -2  -2   0  -1  -3  -1   2   2  -3  -2  -1   24   0   0   0   0  25   0   0   0   0   0   0   0   0   0  28  23   0   0   0  0.28 0.01
   10 V    -1  -3  -3  -4  -1  -3  -3  -3  -3   2   1  -3   1   3  -3  -2  -1  -2   0   4    0   0   0   0   0   0   0   0   0   0   0   0   0  25   0   0   0   0   0  75  0.31 0.01
   11 F    -2  -3  -3  -4  -2  -3  -3  -3  -2   1   0  -3   0   6  -4  -2  -2   0   2   1    0   0   0   0   0   0   0   0   0   0   0   0   0  75   0   0   0   0   0  25  0.53 0.01
   12 L    -2  -3  -4  -4  -1  -2  -3  -4  -3   3   4  -3   2   0  -3  -3  -1  -2  -1   1    0   0   0   0   0   0   0   0   0  25  75   0   0   0   0   0   0   0   0   0  0.41 0.01
   13 C    -1  -3  -3  -4   5  -3  -3  -4  -3   2   3  -3   1   0  -3  -2  -1  -2  -2   1    0   0   0   0  24   0   0   0   0  25  51   0   0   0   0   0   0   0   0   0  0.38 0.01
   14 V     2  -2  -1  -2  -1  -1  -1  -1  -2   0  -1  -1   0  -2  -1   1   3  -3  -2   2   23   0   0   0   0   0   0   0   0   0   0   0   0   0   0   0  53   0   0  24  0.25 0.01
   15 L    -2  -3  -4  -4  -2  -3  -3  -4  -2   1   4  -3   2   4  -3  -3  -2  -1   1   0    0   0   0   0   0   0   0   0   0   0  72   0   0  28   0   0   0   0   0   0  0.41 0.01
   16 L    -2  -2  -4  -4  -1  -2  -3  -4  -3   2   4  -3   2   0  -3  -3  -1  -2  -1   1    0   0   0   0   0   0   0   0   0   0 100   0   0   0   0   0   0   0   0   0  0.48 0.01
   17 M    -1  -2  -3  -3  -2  -1  -2  -3  -2   2   1  -2   4  -1   4  -2  -1  -2  -2   1    0   0   0   0   0   0   0   0   0  25   0   0  47   0  28   0   0   0   0   0  0.43 0.01
   18 L    -1  -2  -1  -2  -2  -2  -2  -2  -2  -1   1  -2   0   3   4   1   0  -1   0  -1    0   0   0   0   0   0   0   0   0   0  24   0   0  23  25  28   0   0   0   0  0.32 0.01
   19 S     1  -1   0  -1   6  -1  -1  -1  -1  -2  -2  -1  -2  -3  -1   4   1  -3  -2  -2    0   0   0   0  28   0   0   0   0   0   0   0   0   0   0  72   0   0   0   0  0.45 0.01
   20 L    -2  -3  -4  -4  -2  -3  -3  -3  -2   0   1  -3   0   5  -4  -3  -2   7   2  -1    0   0   0   0   0   0   0   0   0   0  19   0   0  62   0   0   0  19   0   0  0.71 0.02
   21 C     0  -1  -1  -2   6  -1  -1  -2  -2   1  -1   1  -1  -2  -2   1   0  -3  -2   0    0   0   0   0  38   0   0   0   0  19   0  21   0   0   0  22   0   0   0   0  0.32 0.01
   22 K     0   1   0  -1  -2   2   0  -2  -1  -1   0   3   0  -2  -1   1   0  -3  -2  -1    0   0   0   0   0  21   0   0   0   0  19  38   0   0   0  22   0   0   0   0  0.21 0.01
   23 A     2  -2  -2  -2  -1  -2  -2   2  -1   0  -1  -2  -1   0  -2   0  -1  -1   3   1   38   0   0   0   0   0   0  19   0   0   0   0   0   0   0   0   0   0  22  21  0.20 0.01
   24 L    -2  -2  -3  -3  -2  -2  -2  -3   0   1   1  -2   0   1   4  -2  -1   0   5   0    0   0   0   0   0   0   0   0   0  19  19   0   0   0  22   0   0   0  40   0  0.43 0.01
   25 S     0  -2   0   2  -2  -1   0  -1  -1  -2  -2  -1  -1   2  -2   2   2  -2   0  -1    0   0   0  21   0   0   0   0   0   0   0   0   0  22   0  38  19   0   0   0  0.23 0.01
   26 S     0  -1   4   0  -2   0   0  -1  -1  -3  -3   0  -2  -3   3   3   1  -4  -2  -2    0   0  31   0   0   0   0   0   0   0   0   0   0   0  13  56   0   0   0   0  0.47 0.03
   27 N     1  -1   3   0  -2   0  -1  -1   3   0  -2  -1  -1  -2  -2   2   0  -3  -1  -1   14   0  27   0   0   0   0   0  16  15   0   0   0   0   0  28   0   0   0   0  0.21 0.02
   28 V    -1   1  -3  -3  -1  -2  -2  -3  -3   2   1  -1   1  -1  -3  -2  -1  -3  -2   4    0  13   0   0   0   0   0   0   0   0  12   0   0   0   0   0   0   0   0  75  0.31 0.04
   29 D    -1  -1   1   5  -3   0   2  -1   2  -3  -3  -1  -2  -3  -1   1  -1  -3  -2  -3    1   0   0  54   0   0  11   1  10   0   1   1   0   0   0  18   1   0   0   1  0.54 0.05
   30 D    -1  -1   0   4  -3   1   2   2  -1  -3  -3   0  -2  -3  -1   1  -1  -3  -2  -3    1   0   0  38   0  11  10  16   0   0   1   1   0   0   0  18   1   0   0   1  0.40 0.04
   31 G    -1  -2  -1   3  -2  -1   1   0  -2   0   1  -1   0  -1  -2  -1  -1  -3  -2   1    1   0   0  28   0   0  11   9   0   0  28   1   0   0   0   1   1   0   0  18  0.14 0.03
   32 Y    -2  -1  -2  -3  -3  -1  -2  -3   0  -1  -1   1  -1   4  -3  -1   1   1   6  -1    0   0   0   0   0   0   0   0   0   0   0  16   0  22   0   0  18   0  45   0  0.48 0.07
   33 G     2  -2  -1   3  -2  -1  -1   2  -2   1  -1  -1   1  -2  -2   0  -1  -3  -2   0   26   0   0  27   0   0   0  18   0  18   0   0  11   0   0   0   0   0   0   0  0.19 0.04
   34 H     0  -1   0  -1  -2  -1  -1   2   5  -3  -3  -1  -2  -1  -2   2   2  -2   2  -2    0   0   0   0   0   0   0  16  28   0   0   0   0   0   0  29  18   0   9   0  0.34 0.06
   35 E     0   2   0   3  -2   0   1  -1  -1  -3  -3   0  -2  -3  -2   3   2  -3  -2  -2    0  18   0  20   0   0   9   0   0   0   0   0   0   0   0  38  16   0   0   0  0.34 0.05
   36 D     1  -2   1   3  -3  -2  -1  -2  -1  -2  -1  -2  -1   4  -3  -1  -1  -1   2  -2   18   0  11  24   0   0   0   0   0   0   0   0   0  38   0   0   0   0   9   0  0.30 0.05
   37 G    -1  -1  -1  -2  -2   1  -1   0  -1  -1  -1   1  -1   3  -2  -1   1  -1   3   0    0   0   0   0   0  11   0   9   0   0   0  18   0  18   0   0  18   0  16  11  0.14 0.04
   38 S     2   3  -1  -1  -2   2   2  -1  -1  -3  -2   0  -1  -2  -2   1  -1  -2   1  -2   32  22   0   0   0  14  15   0   0   0   0   0   0   0   0   7   0   0  10   0  0.27 0.05
   39 F    -2  -3  -3  -4  -3  -3  -3  -4   0  -1  -1  -3  -1   5  -3  -2   1   1   6   1    0   0   0   0   0   0   0   0   0   0   0   0   0  36   0   0  13   0  39  13  0.63 0.11
   40 E    -1   0   0   1  -3   3   2  -2  -1  -3  -3   1  -2  -3   3   1   1  -3  -2  -2    1   0   0   9   0  27  14   1   0   0   1   6   0   0  18  12  10   0   0   0  0.42 0.07
   41 S     0  -1  -1  -1  -2  -1   1  -2  -2   1  -1  -1  -1  -2  -1   3   2  -3  -2   1    1   0   0   0   0   0  12   1   0  12   1   0   0   0   0  41  19   0   0  10  0.24 0.08
   42 D    -1   1   1   3  -2  -1   1   3  -1   0  -2  -1  -2  -3  -2   1  -1  -3  -2  -2    1  10   7  22   0   0   7  25   0  11   1   1   0   0   1  11   1   0   0   1  0.23 0.05
   43 S     0   2  -1  -1  -2  -1  -1  -2  -1  -1  -2   1  -2   1  -2   3   1  -2   1  -2    0  16   0   0   0   0   0   0   0   5   0  12   0   9   0  42   8   0   4   0  0.26 0.11
   44 L    -1   1  -2   0  -2   0   0   0  -2   1   3  -1   0  -1  -3  -1   0  -3  -2   1    0  12   0   5   0   5   5  10   0   4  42   0   0   0   0   0   9   0   0   8  0.13 0.08
   45 L    -1  -2  -2  -3  -2  -1  -2  -3   1   1   2  -2   2   2  -3  -1   0  -2   2   2    0   0   0   0   0   4   0   0   5   4  18   0  11  13   0   5   8   0   7  26  0.20 0.09
   46 K     1   0  -1  -2  -2   1  -1   0  -1  -2   0   3  -1  -2  -2   1   0  -2   1  -2   16   0   0   0   0  10   0   7   0   0  11  31   0   0   0  13   4   0   9   0  0.19 0.10
   47 L    -1  -2  -2   0  -2   0  -2  -3   2   0   2  -1   1   1  -3   0   1  -2  -1   0    0   0   0   6   0   4   0   0   8   3  34   4   5   9   0   8  12   0   0   5  0.14 0.09
   48 N    -1   1   0  -2  -3  -1  -1   2  -2  -3  -1   0  -2  -3   3   3   0  -3   0  -2    0  11   3   0   0   0   0  17   0   0   8   4   0   0  14  34   5   0   4   0  0.32 0.14
   49 N     0   1   0  -1  -2  -1  -1  -2   2  -1   1   0  -1  -2  -2   1   3  -3  -2  -1    5  12   3   3   0   0   0   0   7   0  23   4   0   0   0  16  28   0   0   0  0.21 0.13
   50 D     2   0   3   0  -2  -1  -1  -2  -2   0   0  -1   1   0  -2   0   0   2  -1  -1   23   7  21   3   0   0   3   0   0   9   8   0   4   6   0   5   6   4   0   0  0.13 0.10
   51 D     0   1  -1   0  -2   0  -1   0   1   0   0  -1  -1   2  -2   0   0  -2   0   0   10  11   0   9   0   4   0   8   4   8  11   0   0  17   0   9   4   0   0   5  0.05 0.06
   52 V    -1   1   0  -3  -2  -2  -1  -1  -2   2   2  -1   0   0   0   0  -1  -3  -2   2    0  13   5   0   0   0   3   5   0  17  25   0   0   2   4   9   0   0   0  17  0.13 0.10
   53 L    -1   0   0  -1  -2  -2  -2   0  -2   1   2  -2   0   1  -3   0   0  -2  -1   2    3   6   6   5   0   0   0   7   0   6  25   0   0  10   0   7   6   0   0  20  0.09 0.08
   54 S     0   0   1  -1  -2  -1   1   1  -2  -2  -1   0   1  -1   0   3   1  -3  -2  -2    3   4   6   0   0   0  10   9   0   0   7   6   7   3   4  34   8   0   0   0  0.20 0.13
   55 L    -1  -2   0  -3  -2  -2  -3  -3   0   0   3  -1   0   3  -3   1   0  -2   1   0    4   0   7   0   0   0   0   0   3   3  36   2   0  18   0  12   7   0   4   3  0.23 0.14
   56 I     0   1  -1  -3  -2  -2  -2  -2  -3   1   3  -2   1   1  -3  -1  -1  -3  -1   1   10  11   4   0   0   0   3   2   0   8  39   0   2   8   0   3   4   0   0   7  0.19 0.13
   57 S    -1  -2  -2  -2  -2  -1   0  -1  -2   0   0   0  -1   0   2   2   3  -3  -2   0    0   0   0   0   0   0   8   4   0   6   8   7   0   5  12  20  24   0   0   6  0.24 0.16
   58 S     2   0   0   0  -2  -1  -2   1   4  -2  -1  -2  -2   0  -2   3   0  -3   0  -2   19   4   4   5   0   0   0   9  14   2   5   0   0   3   0  28   3   0   3   0  0.25 0.17
   59 D     3  -1  -2   0  -2   0  -1  -2   0   0  -1   1  -1  -3   1   2   0  -4  -3   1   29   2   0   5   0   3   0   0   2   4   6  10   0   0   8  18   3   0   0  10  0.20 0.15
   60 E     2   0  -2  -1  -2  -1   0  -2   1  -1  -1   0  -2   2   1   2   1  -3  -1  -1   26   4   0   3   0   2   6   0   5   2   3   3   0  11   6  17  10   0   0   3  0.18 0.14
   61 T     1   2   0   0   0  -1  -1   0   1   0  -2   0  -2  -1  -2   1   2   1  -2   0   18  15   2   6   2   0   0   5   5   6   0   3   0   2   0  12  15   2   0   5  0.14 0.12
   62 T     1  -1   0   0  -3   0   0  -1  -2  -2  -2   2  -2  -2   3   1   1  -3  -1  -1   16   0   2   4   0   3   4   3   0   0   3  18   0   2  15  13   9   0   2   4  0.25 0.14
   63 L     3  -1  -1  -2   1  -2  -1   0   0   0   1  -1  -1  -2  -2   2   0  -3  -2   0   33   2   2   1   3   0   3   7   2   4  15   4   0   0   0  15   3   0   0   5  0.18 0.15
   64 E     1   2  -1   0  -3   1  -1  -1   3  -3  -3   0  -2  -3   4   1  -1  -4  -2  -2   18  16   2   4   0   7   2   2   8   0   1   3   0   0  20  11   2   0   0   3  0.38 0.18
   65 A     2  -1   0  -1  -2  -1  -1   1  -2  -2  -2  -1  -2  -3   2   2   2  -3  -1   0   22   2   5   2   0   0   2  12   0   2   1   1   0   0   8  19  16   0   2   6  0.26 0.16
   66 S     0   3   1  -1  -3   1  -1  -1   1  -2  -3   2  -2  -3   0   1   1  -3  -2  -2    4  18   7   2   0   5   0   5   4   2   1  18   0   0   4  15  12   0   0   2  0.27 0.16
   67 T     1  -1  -2  -2  -3   1  -1  -3  -1  -2  -2  -1  -2  -3  -1   1   4  -4  -3   2   13   3   0   1   0   6   3   0   1   0   0   2   0   0   2   8  40   0   0  18  0.45 0.28
   68 V     0  -4  -1  -4   7  -3  -4  -4  -3   1   0  -2  -2   2   0  -1  -1   2   0   2    7   0   3   0  27   0   0   0   0  10   6   2   0  11   4   4   1   3   3  19  0.51 0.26
   69 S    -1   1   5   2   2  -2  -2  -3  -2  -3  -3  -1  -3  -4  -1   2   0  -5  -4   0    2   8  33  12   4   0   0   0   0   0   2   2   0   0   3  20   6   0   0   8  0.51 0.31
   70 V    -2  -4  -3  -3  -3  -4  -1  -5  -5   2   0  -3  -2  -3  -2  -2   1  -5  -3   6    1   0   1   1   0   0   5   0   0  11   4   1   0   0   2   2   9   0   0  63  0.82 0.42
   71 S     0  -1  -1  -1   1  -1   0  -2  -3  -1   0   2  -2  -3   2   1   2  -4  -3  -1    6   0   2   3   4   1   5   1   0   3  12  18   0   0  11   9  19   0   0   4  0.21 0.18
   72 N    -2  -2   1   4  -4   1   0  -3  -1  -3  -4   2  -1  -2  -1   1   2  -4  -3  -1    1   0   7  32   0   6   2   0   1   0   0  16   1   2   3  12  13   0   0   4  0.47 0.28
   73 F    -1  -3  -3  -4   3  -3  -3  -3  -2  -2   0  -2  -2   5  -1   0  -1  -1   6  -1    6   0   0   1   6   0   1   1   0   1  10   3   0  24   3   6   4   0  29   4  0.60 0.29
   74 G    -1  -2  -2  -3   1  -2  -3   6   2  -4  -4  -2  -3  -3   0  -1   0  -3   0  -2    4   2   1   1   4   2   1  59   5   1   1   2   0   0   4   2   5   0   4   3  0.83 0.33
   75 A     5  -3  -1  -3  -2  -1   0  -1  -3  -2  -3  -1  -2  -1  -1   0  -2  -4  -3   0   61   1   2   1   0   3   5   4   0   2   1   3   0   3   2   4   1   0   0   7  0.61 0.33
   76 K     0   2  -1  -3  -3  -1  -2   0  -3  -2  -2   4  -2  -3  -3   1  -1  -4  -3   2    5   9   2   0   0   1   0   7   0   0   2  35   0   0   0  10   2   0   0  24  0.40 0.28
   77 G     2  -2  -1  -3  -3  -3  -3   5  -3  -4  -4  -1  -4  -4   1   2  -2  -4  -4  -4   21   2   2   0   0   0   0  46   0   0   0   2   0   0   7  17   0   0   0   0  0.81 0.37
   78 D    -3  -3   4   6  -5  -2  -1  -2   3  -5  -5  -3  -4  -5  -1   1  -2  -5  -4  -5    1   0  19  52   0   0   0   1   7   0   0   0   0   0   3  11   2   0   0   0  1.12 0.47
   79 G    -2  -3   2  -2  -4  -3  -3   6  -3  -5  -5  -1  -4  -5  -2   2  -1  -5  -4  -4    0   0  10   2   0   0   0  57   0   0   0   4   0   0   2  19   3   0   0   0  1.02 0.44
   80 K    -1   0  -1   0   4   1  -1   0   0  -1  -2   2   0  -3  -2   2   1  -3  -3   0    1   3   2   6  12   5   3   6   2   2   3  18   2   0   0  18   9   0   0   7  0.22 0.19
   81 T     0  -2  -2  -1   1   0  -3  -2   2   0  -3  -1  -3  -4  -3   1   6  -4  -3  -2    7   1   0   2   3   4   0   3   5   6   1   2   0   0   0   8  55   0   0   0  0.74 0.42
   82 D    -4  -3  -1   7  -5  -3  -2  -2  -4  -4  -2  -3  -4   2  -4  -3  -1  -5  -2  -3    0   1   1  72   0   0   0   2   0   0   4   0   0  10   0   0   4   0   1   1  1.46 0.59
   83 D     0  -4   1   6   1  -3  -2  -3  -3   1  -2  -3  -3  -4  -4   0   1  -5  -4  -1   10   0   7  46   3   0   0   0   0   8   3   0   0   0   0   5  12   0   0   5  0.71 0.39
   84 T     1  -2  -1  -1  -3  -3  -2   2  -3   0  -3  -3  -1  -2  -3   3   4  -4  -3   1    8   2   1   3   0   0   1  13   0   4   0   0   1   1   0  21  33   0   0  10  0.45 0.33
   85 Q     2   0  -2   0  -3   2   1  -3  -3  -1  -3   2  -3  -4   4   1  -1  -4  -2  -1   20   3   0   5   0  12   6   0   0   3   0  12   0   0  19  12   2   0   1   3  0.41 0.27
   86 A     6  -4   1  -4  -3  -3  -2  -2  -4  -4  -4  -2  -4  -3   1   0   0  -5  -2  -3   67   0   7   0   0   0   2   2   0   0   0   2   0   1   7   4   6   0   2   0  0.93 0.50
   87 F    -1  -4  -4  -1  -4  -2  -3  -3  -4   5   1  -4  -1   5  -5  -2  -2  -3  -1   1    6   0   0   4   0   2   1   1   0  37  10   0   0  29   0   2   1   0   0   7  0.71 0.38
   88 K     1   0  -1  -2  -3   2   1  -3  -2   0   1   0   1  -1  -3   0   0  -3  -2   0   17   3   3   0   0  14   8   0   0   6  18   7   5   3   0   6   4   0   0   6  0.15 0.18
   89 K     0   0   0   2  -4   0   1  -3  -1  -4  -2   4  -1  -4  -3   2   0  -5  -4  -3    8   3   4  12   0   3   7   0   1   0   4  33   2   0   0  18   4   0   0   1  0.44 0.30
   90 A     6  -3  -4  -4  -3  -3  -1  -3  -4  -4  -4  -2  -4  -5  -4   1  -1   1  -4  -2   78   1   0   0   0   0   3   0   0   0   0   1   0   0   0   8   3   2   0   2  1.25 0.59
   91 W     0  -4  -4  -5  -4  -4  -4   0  -4   2   0  -4  -2   4  -4  -1  -3   8  -1   0    7   0   0   0   0   0   0   8   0  16  10   0   0  18   0   5   0  26   0   7  0.90 0.40
   92 K     1  -1   1   1  -3   0   1  -1  -1  -1  -1   3  -2  -3  -2   1   0  -4  -3  -1   12   0   8   8   0   3  11   4   1   3   5  24   0   0   0   9   4   0   0   5  0.21 0.18
   93 K     2   0   1   2  -1   2   2  -2   0  -3  -3   1  -3  -4  -2   0   1  -4  -3  -2   23   4   7  14   2   8  13   1   2   0   1  10   0   0   0   5   7   0   0   1  0.31 0.22
   94 A     3   0  -1   0  -1  -1  -1   0  -1  -1  -1   0  -1  -2  -1   2   0  -2  -2  -1   32   5   2   4   1   2   3   6   1   2   7   5   1   1   2  17   4   0   1   4  0.19 0.12
   95 C    -1  -6  -5  -6  11  -5  -6  -5   0  -4  -5  -5  -5  -5  -5   0  -4  -5  -5  -4    4   0   0   0  83   0   0   0   2   0   1   0   0   0   0   6   0   0   0   0  3.08 0.91
   96 S     2  -2   2  -1  -3   0  -1   2  -3  -4  -4   1  -3  -4  -1   3  -1  -4  -4  -3   18   0  10   3   0   4   2  16   0   0   0  11   0   0   2  30   2   0   0   0  0.46 0.30
   97 T     0  -2   3   0  -3   1  -1  -1   0  -4  -4   0  -3  -4  -3   3   3  -5  -3  -2    6   0  18   5   0   5   3   4   2   0   0   5   0   0   0  26  23   0   0   2  0.50 0.34
   98 N    -1  -3   0   0  -4  -2  -1   4  -4   2  -2  -2  -1  -4  -1  -2   1  -4  -4  -1    4   1   3   6   0   1   3  41   0  18   3   1   1   0   3   1  10   0   0   2  0.50 0.31
   99 G    -1  -4  -1  -3  -4  -3  -3   5  -4  -3  -2  -2  -2  -2  -2   2   1  -4  -1   1    2   0   2   0   0   0   0  45   0   0   3   2   1   1   1  19  10   0   2  12  0.67 0.39
  100 V     0  -1  -2  -1  -2  -2  -2   1  -1   0   2   0  -1  -2   3  -1   0  -3  -2   0    6   4   1   2   0   1   1  11   1   5  26   7   0   1  15   4   8   0   1   7  0.18 0.13
  101 T     1  -2  -1  -1   0  -1  -2   1  -2   1  -1  -1  -1  -1  -2   2   0  -3  -2   2   12   1   3   4   2   2   1  11   1   9   1   3   1   2   1  16   4   0   0  24  0.16 0.16
  102 T    -1   1   3   0  -3   0  -2  -2  -2  -1  -1   0  -1  -3  -1  -1   2  -4  -2   3    2  10  15   6   0   5   1   2   0   2   3   6   1   0   2   2  15   0   1  27  0.24 0.22
  103 F    -3  -4  -5  -5  -3  -4  -4  -5  -4   5   2  -4   0   4  -4  -4  -3  -3  -2   3    1   0   0   0   0   0   0   0   0  35  18   0   1  20   0   0   0   0   0  21  0.85 0.39
  104 L     0  -2  -2  -1  -3   0  -1  -3   2   0   1  -2  -1   1  -3  -2  -1  -1   5   1   10   1   1   4   0   5   5   1   5   5  14   2   0   4   1   2   4   0  25  12  0.28 0.21
  105 V     0  -3  -3  -3  -2  -1  -3  -3  -3   3   1  -3  -1   2  -3  -3  -2  -3  -2   5    6   1   1   1   0   3   1   1   0  15  11   1   0   9   1   1   1   0   1  45  0.55 0.28
  106 P    -4  -4  -4  -4  -5  -4  -4  -5  -5  -5  -5  -2  -5  -5   8  -1  -4  -5  -5  -5    1   0   0   0   0   0   1   1   0   0   1   2   0   0  86   5   1   0   0   1  2.56 0.81
  107 K     3  -2  -1  -2  -4  -1   2  -2  -3  -2  -4   3  -3  -4   2   2  -2  -5  -1  -3   31   0   2   1   0   1  16   1   0   2   0  19   0   0   9  14   1   0   2   0  0.50 0.37
  108 G    -3  -5   2   2  -5  -4  -3   6  -4  -6  -6  -4  -5  -6  -1  -1  -2  -6  -6  -6    0   0   9  10   0   0   1  71   0   0   0   0   0   0   3   3   2   0   0   0  1.50 0.63
  109 K    -1   0   1   2  -3   1   2  -2  -2  -2  -3   2  -1  -3  -2   1   2  -3   0   0    3   2   6  11   0   4  13   2   0   0   1  18   1   0   0   9  16   0   4   7  0.25 0.21
  110 T    -2  -3   0   0  -3  -1   0  -3  -3  -3  -3   0  -3   0  -3   0   5  -3   4  -2    1   1   4   4   0   2   5   1   0   1   1   5   0   4   1   5  48   0  16   3  0.75 0.44
  111 Y    -1  -2  -2  -5  -1  -4  -4  -5  -2  -1   3  -4   0   3  -5  -2  -3  -2   6  -2    6   2   2   0   1   0   0   0   0   3  27   0   2  12   0   4   0   0  37   2  0.86 0.45
  112 L    -2  -1   1   2  -3  -1  -2  -4  -1   0   2  -2   2   1  -4  -1  -1   3   0   2    1   3   6  16   0   2   0   0   1   4  25   2   5   5   0   2   4   5   3  15  0.25 0.23
  113 L    -1  -4  -2  -3  -3  -2  -3  -4  -4   4   3  -3   1   0  -4   1  -2  -4  -3   2    3   0   2   1   0   1   1   0   0  23  36   1   2   4   0  12   0   0   0  14  0.51 0.33
  114 K    -2   1   3   0  -1   1   0   2   0  -4  -3   2  -3  -1  -3   1   2  -4  -3  -2    0   7  20   4   2   5   4  15   2   0   2  12   0   3   0   9  14   0   0   2  0.32 0.25
  115 S    -1   0   0   1  -4   1   0   2   0  -4  -3   0  -3  -4   2   1   2   4  -3  -3    3   4   5   8   0   7   5  15   2   0   1   6   0   0   9  14  13   7   0   0  0.30 0.23
  116 T     0  -1  -3   0  -3  -3  -3   0  -4   3   2  -1  -1  -2   0  -2   0  -4  -3   2    8   3   0   5   0   0   0   7   0  23  22   3   0   0   4   0   6   0   0  17  0.28 0.24
  117 R     0   0   0  -1  -2   0   0  -3  -2   1   1   2   0  -2  -1   0   0   0  -2   1    8   4   4   2   0   5   7   0   0   8  15  15   2   1   2   7   7   1   0  12  0.08 0.11
  118 F    -1  -1  -1   3  -3  -1  -2  -3  -3  -1   2  -1   2   3  -3  -1   1  -3  -2  -1    4   2   3  18   0   2   1   0   0   3  24   3   5  17   0   2  11   0   0   4  0.27 0.24
  119 R     0  -1  -1   0  -2   0   0   0   1  -2   1   0   1  -1   1   2   0   1   0  -2    4   3   2   4   0   3   4   7   3   0  20   4   4   1   6  21   6   2   4   1  0.10 0.14
  120 G     0  -1  -2  -3  -3  -2  -1   4   1  -3  -1  -2  -3  -1  -3   1   2  -3   0  -3    6   3   0   1   0   0   3  37   4   1   8   1   0   3   1  12  14   0   4   1  0.43 0.27
  121 P     1  -2   2  -1  -3  -2  -2   0  -2  -3  -2   0  -1   1   4  -1   2   0  -1  -3   13   0  10   2   0   0   2   7   0   0   3   7   2   8  23   2  15   2   2   1  0.38 0.25
  122 C    -2  -3   0  -3   7  -1  -3  -3   1  -1   2  -1  -2  -1  -3   1   2   0  -3   0    1   0   4   1  24   2   1   1   4   3  20   4   0   2   0  11  14   1   0   7  0.48 0.30
  123 K    -1   1   0   0  -3   2   0   1   1  -1  -1   3  -2  -3  -2   0   0  -3  -3   0    3   5   3   5   0   9   2  11   4   3   7  26   0   0   0   8   4   0   0  10  0.19 0.19
  124 S     0  -2   3   0  -3  -2  -1  -1   1   1   0   0   0  -1   0   2   0  -4  -2  -1    6   0  19   6   0   0   3   3   4  11   8   5   2   2   4  19   4   0   0   3  0.17 0.18
  125 L     1  -2  -1   0   1  -1  -1   0   1   1  -1  -1  -1   1   3   0   0  -3  -2   1   12   2   2   5   4   1   2   7   4   8   2   4   0   7  13   6   7   0   0  14  0.11 0.12
  126 R     0  -1  -1  -1  -1   0   1   1  -2   1   1  -1  -1   0  -1   0   0   3  -1   0    6   2   1   1   1   3  11  12   0  11  15   3   0   4   2  10   4   5   1   8  0.06 0.08
  127 N     1  -1   2   2  -2   0   1   1  -2  -2  -2  -1  -2  -3  -2   1   2  -3  -3  -1   13   3  14  15   0   4   7   9   0   2   3   1   0   1   1   7  15   0   1   3  0.23 0.17
  128 F    -2  -3  -4  -4  -3  -3  -1  -1  -3   4   2  -3   0   3  -2  -3  -1   1   0   2    2   0   0   0   0   0   4   6   0  25  19   1   1  15   2   1   3   2   2  15  0.37 0.24
  129 Q    -1   1   1   1  -4   5   2  -3  -2  -2  -2   1  -2  -4  -1  -1   2  -4  -1  -2    4   5   7   6   0  29  11   1   0   2   4   9   0   0   3   2  12   0   2   1  0.41 0.29
  130 I    -1  -1   0  -2  -2  -1  -1  -2  -3   3   2  -2   1   0  -3  -2   0   2  -2   2    3   3   5   2   0   2   4   4   0  23  21   2   3   4   0   1   6   3   0  15  0.21 0.17
  131 L     0  -1   0   3  -3   0   1   0   0   0   0  -1   0   1  -2  -1  -1   1   0   0    8   3   5  20   0   6   7   8   2   5  10   2   2   7   0   2   2   2   3   6  0.09 0.10
  132 G     0  -4  -3  -4  -4  -1  -4   6  -4  -5  -5  -2  -4  -5   0  -3  -2  -4  -5  -2    8   0   0   0   0   3   1  71   0   0   1   3   0   0   5   1   2   0   0   3  1.34 0.55
  133 T    -1  -1   2  -2  -3  -2   0  -2  -3   1  -1   0  -1  -3  -1   0   4  -4  -3   2    2   3  10   0   0   0   5   2   0   8   3   7   1   0   3   3  31   0   0  19  0.33 0.27
  134 L    -3  -2  -4  -4   0  -4  -4  -3  -4   5   3  -4  -1   1  -4  -2   0   1  -2   1    1   2   0   0   2   0   1   2   0  39  30   0   0   6   0   2   5   2   0   6  0.64 0.35
  135 S     0   0  -1  -2   0   1   0  -2   1  -1   0   2   1   0  -1  -1   1  -2   2   0    6   4   1   0   3   6   7   2   5   2   9  18   5   3   3   3   8   0   8   6  0.09 0.12
  136 A     2   1  -1  -3  -3  -2  -1   1  -3  -2   0  -2  -2   4  -2   0  -1   2  -1  -2   24  10   2   0   0   0   3  10   0   0   8   0   0  25   2   7   2   2   0   1  0.35 0.28
  137 S     0  -2  -1   0   0  -1  -1   1  -1  -3  -2  -1   0  -3   3   1   2   0   1  -1    7   0   2   5   2   1   3  10   2   0   2   3   3   0  18  14  17   1   6   3  0.28 0.21
  138 T     0  -2   1   2  -3   0   0   1   0  -2  -3  -1  -2  -3   1   1   2  -4  -3  -2    9   1   7  14   0   4   5  13   2   2   1   3   0   0   6  10  17   0   0   3  0.25 0.18
  139 K    -2   0   3   4  -4  -2   0  -2  -2  -3  -4   0  -3  -3  -3   1   3  -4  -3  -2    1   6  13  31   0   0   3   2   0   1   1   6   0   1   1  12  19   0   0   2  0.57 0.33
  140 R     0  -1  -1  -1  -2  -1  -1   0  -2   2   0  -2  -1   1   2   0   2  -3  -1   1    5   4   2   3   0   1   2   9   0  13   7   1   0   7  13   6  16   0   1   9  0.14 0.14
  141 S     0   0   1   2  -3  -1   1   0  -2  -3  -2   1  -2  -1   1   2   1  -1  -1  -2    7   5   5  13   0   1   8   7   0   1   3   7   0   4   5  22   9   1   1   1  0.19 0.16
  142 D     0   0   0   2  -3   0  -1   0  -1  -1  -1  -1  -2   0  -1   0  -1   3   4  -1    9   6   4  15   0   4   3   6   0   3   6   3   0   2   2   9   2   4  19   4  0.17 0.15
  143 Y    -2  -2  -1  -4  -3  -3  -3  -2   1   0  -2  -2  -1   1  -4  -3   1   8   5   0    3   2   3   1   0   1   1   3   4   6   2   2   1   6   1   1   8  24  25   6  0.91 0.39
  144 K     0   1  -1  -1  -3   2   1   0  -1  -3  -3   4  -2  -3   2   0  -1  -3  -2  -2    7   5   2   2   0  11  10   6   1   1   2  30   0   0   9   5   2   0   1   4  0.35 0.23
  145 D     0  -2   3   3  -4   0   3   2  -2  -4  -4  -1  -3  -4   0   1  -1  -4  -3  -2    7   0  17  17   0   2  19  15   0   0   1   1   0   0   3   8   3   0   0   3  0.43 0.27
  146 K    -1   0   3  -1   2   1  -2   1   2  -1  -2   1  -3  -3  -3   0  -1   7  -2  -3    3   5  15   2   6   7   1  11   5   5   5   8   0   0   1   6   3  16   0   0  0.40 0.27
  147 N     0   1   2   3  -3  -1   0   0  -2  -3  -3   1   0  -4  -3   2   0  -4  -1  -1    6   7  10  19   0   0   5   7   0   0   0   8   2   0   0  22   5   0   2   6  0.30 0.23
  148 H     0  -2   1  -1  -3   0  -3   2   1  -1  -1  -1  -2   3  -3  -1  -1  -2   3  -3   10   2   7   2   0   4   0  20   4   3   6   4   0  16   0   3   3   0  14   0  0.29 0.23
  149 W    -4  -1  -1   0  -5  -1  -4  -5  -4   0  -1  -1   4   1   3  -4  -2   9   1  -4    0   3   3   7   0   3   0   0   0   5   4   3  14   5  17   0   2  29   5   0  1.10 0.54
  150 L    -3  -4  -4  -5  -3  -1  -2  -5   0   5   2  -4   0   2   0  -2  -2  -3   1   1    0   0   0   0   0   2   3   0   3  35  22   0   2   9   5   2   2   0   6   9  0.54 0.34
  151 I    -1  -1   0   0  -2   0  -1   0   0   2   0  -1   0   0  -3   0   1  -1   0   1    5   3   7   6   0   4   2   8   3  17  11   2   2   4   0   4   9   1   3  10  0.04 0.09
  152 L    -1  -1  -4  -3  -3  -2  -2  -4  -3   2   1  -3  -2   5  -2   0  -3  -2   1   1    6   4   0   1   0   2   3   0   0  14   9   1   0  34   2   9   0   0   3  11  0.47 0.32
  153 E    -1   1   0   0  -3   2   2  -3   1   0  -1  -1   0   2  -3  -1   0  -3   0   0    5   8   6   4   0  14  16   0   3   8   2   1   2   9   0   4   7   0   3   8  0.16 0.18
  154 D    -1   0   3   2  -4  -1  -2   2   1  -2  -4   1  -2  -4  -3   3   0  -4  -1  -4    2   4  19  13   0   2   0  16   4   2   0   7   1   0   0  22   4   0   2   0  0.42 0.30
  155 V     0  -4  -3  -2   0  -4  -4   5  -1   1  -1  -4  -1  -4  -4  -1   2  -5  -4   2    5   0   0   2   2   0   0  42   1   9   6   0   1   0   0   3  14   0   0  15  0.61 0.37
  156 N    -1   0   3   3  -4   0   1  -3   1  -4  -4   0  -4  -5  -3   2   3  -5  -4  -3    2   3  17  17   0   4   6   0   4   0   0   6   0   0   0  14  24   0   0   1  0.54 0.36
  157 N    -3  -2   5   5  -5  -2  -2   2   1  -5  -4  -1  -4  -1  -4  -1  -1   2  -4  -4    1   1  27  32   0   1   0  16   4   0   1   3   0   2   0   2   4   3   0   1  0.80 0.44
  158 L    -2  -3   0  -2  -1  -3  -3  -3  -3   3   2  -2  -1   3  -4  -1   0  -3   0   1    2   0   5   3   1   0   1   1   0  26  19   2   0  17   0   6   6   0   2   9  0.33 0.22
  159 S    -2  -1   1  -2  -3   0   1   0   1  -1  -2   1  -2   1  -3  -1   3  -3   1   0    0   3   6   0   0   2  12   8   4   4   1  10   0   8   0   3  26   0   5   8  0.21 0.22
  160 I    -2  -4  -1  -2  -3   0  -4  -5  -4   4   2  -4   1   1  -3  -3  -2  -4  -3   3    1   0   3   3   0   6   0   0   0  33  20   0   3   6   1   1   0   0   0  23  0.54 0.30
  161 D    -2   0   1   1  -3  -1   2  -2  -2  -1  -1   0   0   1  -3   2   1  -2   3   0    0   5   5   7   0   1  13   1   0   4   4   4   3   5   0  16  13   0  14   6  0.19 0.19
  162 G    -2  -4  -2   0  -2   0  -4   6  -4  -3  -5  -4  -2  -5  -4   2  -3  -5  -1  -5    1   0   1   5   1   5   0  66   0   2   0   0   1   0   0  16   0   0   2   0  1.23 0.51
  163 G     1  -1   2   0  -2  -1  -1   1   0   0  -1  -1  -1   0  -1   0   1  -2   0   0   19   1  12   4   1   1   3  11   2   8   6   2   1   4   1   3  13   0   4   5  0.09 0.08
  164 S     0   0   0   1  -2  -1   0   2   0  -2  -2   0  -2  -2   1   3   0  -2  -2  -2    7   4   4   7   1   1   6  17   2   2   4   4   1   1   6  27   2   0   1   2  0.22 0.12
  165 T    -1   0   1   1  -3   0  -1   4  -1  -2  -3   1  -3  -3   0   1   1  -3  -2  -2    2   4   8   9   0   3   1  33   1   2   1  10   0   0   3   9  10   0   2   3  0.35 0.20
  166 G     1  -4  -3  -4  -4  -3  -4   6   4  -1  -3  -4  -4  -1  -4  -2  -3  -4  -4  -3   11   0   0   0   0   0   0  63  10   5   3   0   0   2   0   2   0   0   0   2  1.11 0.45
  167 I     1  -2  -2  -2  -3  -2  -2  -1  -4   1  -1  -1  -2  -1  -1  -1   4   3  -2   3   12   1   1   1   0   1   2   3   0   7   3   4   0   3   2   1  31   5   0  24  0.37 0.28
  168 I    -3  -5  -5  -5  -4  -5  -5  -3  -5   6   2  -5   1   2  -5  -4  -2  -4  -3   2    0   0   0   0   0   0   0   2   0  55  20   0   2   8   0   1   2   0   0   9  0.99 0.43
  169 N    -4  -3   4   6  -6   3  -1  -4   0  -6  -6  -2  -5  -6  -4  -1  -3  -6  -5  -5    0   0  24  55   0  13   1   0   2   0   0   1   0   0   0   2   0   0   0   0  1.43 0.57
  170 G    -1  -5  -3  -4   2  -4  -5   7  -5  -6  -6  -4  -1  -6  -3  -1  -4  -5  -6  -5    4   0   0   0   4   0   0  83   0   0   0   0   2   0   1   5   0   0   0   0  1.78 0.62
  171 N    -2  -2   6   1  -5   4  -1  -3  -1  -4  -2  -2   1   0  -4  -1  -3  -4   2  -4    2   1  43   9   0  19   2   1   1   0   3   1   3   4   0   4   0   0   7   0  0.80 0.43
  172 G    -2  -2  -1  -3   0  -1  -4   7  -4  -5  -5  -3  -4  -5  -4  -3  -4  -4  -5  -5    2   2   3   0   2   2   1  82   0   0   1   1   0   0   0   1   1   0   0   1  1.67 0.55
  173 K     1  -2   0  -2  -3   5   0   0  -1  -4  -3   0  -2  -3  -1   1  -1  -3   3  -3   13   0   5   0   0  34   4   5   1   0   2   6   0   0   2  13   2   0  11   1  0.48 0.31
  174 T     1   3  -1  -2  -2   0   0  -2  -2   0   1   0  -1  -2   0   0   1  -3  -1   0   15  19   2   1   0   2   8   1   0   7  15   4   0   0   3   6  10   0   1   5  0.14 0.14
  175 W     0  -4  -4  -2  -4  -4  -4  -4   0  -4  -2  -4  -3   1  -4  -3  -4  11   4  -2    9   1   1   3   0   1   1   1   2   1   3   1   0   6   1   2   1  52  12   3  1.94 0.58
  176 W    -4  -4  -4  -5  -4  -4  -4  -2   4  -4  -3  -4  -4  -2  -5  -4  -4  11   5  -4    1   1   0   1   0   0   1   3   9   1   3   1   0   0   1   1   1  59  18   1  2.59 0.72
  177 Q    -1   0   1   5  -3   1   1  -2  -2  -3  -3   1  -1  -4   0  -1  -1  -4  -3  -2    4   4   7  40   0   6   6   1   0   1   1  10   1   1   5   4   2   0   0   4  0.54 0.25
  178 N     1   0   1   0  -2   1   1   2   0  -1  -1   0  -1  -2   0   0  -1  -2  -2  -2   14   7   7   5   0   5   8  20   2   4   7   6   1   1   4   4   2   0   1   2  0.13 0.08
  179 S     1  -1   1   1  -2   1   0  -1  -1  -2  -1   2  -1   1  -1   1  -1  -2  -1  -2   14   1   8   9   1   6   6   3   1   1   5  14   2   7   3  14   2   0   2   2  0.12 0.10
  180 C     1   0   1  -1   4  -1  -1   2  -2  -1  -1  -1  -1  -2   0   0   0  -2  -1  -1   15   4  10   3  12   1   2  18   1   4   5   3   1   1   5   3   8   0   3   2  0.17 0.10
  181 K    -1  -1   0   0   1   0   0   2  -1  -2  -2   2  -2  -2   0   0   1   2   1  -2    3   1   4   6   4   4   4  16   1   1   4  16   1   1   5   7  10   4   6   2  0.12 0.08
  182 I     1  -1   2  -1   3   1   0   0   0  -1  -1   0  -1  -2   0   0   0   0  -2   0   12   3  16   2   7   8   6   5   2   4   6   4   1   1   4   8   3   1   1   6  0.09 0.07
  183 D     0  -1   1   0  -1  -1   1   3   1  -2  -2   1  -2  -1  -2   0  -1  -2   0  -1    6   1   7   3   1   1  11  28   4   3   2  14   1   2   1   5   2   0   3   3  0.21 0.11
  184 K     0   0   0  -1  -2   0   0   3   0   0  -2   2  -1  -2  -1   0  -1  -2  -2   0    6   5   5   1   0   4   5  25   2   7   3  16   1   1   3   4   3   0   1   6  0.16 0.09
  185 S     0   0   0  -1  -2   0   0   2  -2  -1  -1   0  -1  -2  -2   2   1  -1  -1   0    5   5   4   1   0   3   4  15   0   3   5   7   0   1   1  24  11   1   2   7  0.15 0.11
  186 K    -1   0   3   3  -3  -1   0   0  -1  -3  -1   1  -2  -1   0   1   0  -3  -1  -3    3   6  17  17   0   1   2   8   1   1   6  12   0   3   4  10   3   0   2   1  0.22 0.14
  187 P    -1  -1   2   0  -3  -1  -1   2  -2  -1  -1   1  -1  -2   3   0  -1  -3  -1  -1    3   2  10   5   0   2   2  20   0   5   7  10   1   1  18   6   2   0   2   4  0.25 0.13
  188 C    -1  -2   1   0   4  -1  -1   2  -2  -1  -1   0  -2   0   1   0  -1  -2  -1  -1    1   1   6   7  14   2   2  17   0   4   6   7   0   4   8   9   3   0   3   5  0.16 0.11
  189 T    -1   1   1   0  -3   1   0   0  -1  -1  -1   3  -1   0   1   0   0   0   2  -1    1   6   6   5   0   6   3   6   0   6   3  25   0   5   6   4   4   1   9   3  0.13 0.11
  190 K     0   0   1   0  -2   0  -1   1   0  -2  -1   0  -1  -1  -2   1   2  -2   1  -2    4   5   9   5   0   5   2  10   2   2   6   6   1   2   1  12  21   0   6   1  0.13 0.11
  191 A     0   4   0  -2  -3  -1  -1   1  -2  -3  -1   2  -2   1  -1   0  -1  -3  -2  -2   10  35   3   1   0   1   1  11   0   1   6  12   0   6   2   7   3   0   0   1  0.35 0.20
  192 P    -1  -3  -3  -3   0  -3  -1  -3  -3  -3  -4  -2  -4  -4   7   0  -3  -4   0  -4    5   1   1   1   3   1   3   1   0   2   1   2   0   0  66   9   1   0   4   1  1.56 0.47
  193 T    -2   3   0  -2  -1  -1  -2  -2   2   1  -2   2   1  -2  -3   1   2  -3   0  -1    1  17   3   0   1   0   0   2   7  14   2  14   5   0   0   9  18   0   3   3  0.24 0.20
  194 A     1  -3   0  -3   1  -2  -3  -2  -3   0   2  -2   1   3   1  -1  -1  -2  -1  -1   14   0   7   0   3   2   0   2   0   4  30   2   3  17   8   3   1   0   0   3  0.24 0.18
  195 L    -2  -4  -4  -4  -3  -4  -4  -2  -4   3   3  -3   2   4  -4  -3  -3  -2  -1   1    2   0   0   0   0   0   0   4   0  17  36   1   5  24   0   0   0   0   0   8  0.60 0.27
  196 T     0   2  -2  -2  -3   1  -1  -1   2  -2  -2   1  -1  -1  -3   1   2  -2   3   0    6  14   0   0   0   6   2   5   6   1   2  10   1   1   0   9  13   0  13  10  0.20 0.17
  197 L     1  -3  -1  -3  -2  -3  -3  -2  -3   3   1  -3   0   4  -3  -2   0  -2  -1   1   16   0   4   0   0   0   1   3   0  20  14   1   2  22   0   1   6   0   0   8  0.30 0.19
  198 Y    -1   0   1   1  -3   0   0   0   4  -1  -2  -1  -1   0  -2   0   0   2   3  -1    5   6   6  11   0   3   3   8  14   4   1   3   2   3   0   6   7   3  11   3  0.17 0.13
  199 N     0  -1   3   2  -3  -1   0   2   0  -3  -3   2  -1   1  -2   1   0  -3   0  -3    7   1  16  11   0   0   4  16   1   0   1  14   1   8   0   9   5   0   3   0  0.23 0.16
  200 L     0  -3  -2  -1   3  -2  -2  -1  -3   1   2  -2   1  -2  -3   1   0  -1  -2   2    9   0   0   4   8   0   0   5   0   5  21   0   3   0   0  17   5   1   0  20  0.21 0.17
  201 K    -1  -1   3   0  -3   1   1  -2   3  -3  -3   2  -1  -2  -3   2   2  -3   1  -3    2   1  14   5   0   4   7   1   8   0   0  16   2   1   0  16  18   0   6   0  0.34 0.22
  202 N    -2   0   5   3  -4   0  -1   1   2  -4  -4   0  -3  -4  -3   1  -1  -4   0  -4    2   6  37  17   0   3   2   9   5   0   1   3   0   0   0   9   1   0   3   0  0.60 0.28
  203 L     1  -3  -2  -3  -2  -2  -3   0  -3   1   0  -3  -1   2  -3   3  -1   2  -1   2   15   0   0   0   0   0   0   8   0   8   7   0   1  13   0  26   2   3   0  16  0.25 0.21
  204 N    -1   0   0  -2  -3   0   0  -3   0   0  -2   1  -1  -3  -3   2   3   2   0   0    2   4   3   0   0   4   6   0   2   6   1  11   1   0   0  19  28   3   4   5  0.27 0.21
  205 V    -3  -4  -5  -5  -3  -4  -4  -5  -5   5   1  -4   1   1  -4  -4  -2  -4  -3   4    0   0   0   0   0   0   0   0   0  44  10   0   3   6   0   0   0   0   0  34  0.93 0.37
  206 K    -1   2   0  -1  -4   0   2   0   3  -4  -3   3  -3  -3  -3   2   1  -4   0  -3    2   9   3   1   0   2  12   5   9   0   2  23   0   0   0  20   8   0   4   0  0.37 0.24
  207 N    -3   0   4   4  -5  -2   0   4  -3  -5  -5  -2  -1  -4  -1  -1  -3  -5   0  -5    0   4  25  23   0   0   4  32   0   0   0   0   2   0   3   3   0   0   3   0  0.77 0.35
  208 L    -3  -4  -5  -5   0  -4  -5  -5  -5   3   4  -4   1   3  -5  -4  -2  -3  -2   2    0   0   0   0   2   0   0   0   0  20  45   0   1  12   0   0   2   0   0  17  0.77 0.33
  209 R     0   2   2  -2  -3   0   1  -3   0  -1  -3   1  -2  -3  -3   1   3  -4   1  -2    7  12  13   0   0   3   9   0   2   4   0  11   0   0   0  10  25   0   5   2  0.32 0.23
  210 V     0  -3  -4  -4  -3   0  -3  -4  -2   4   3  -3   0   0  -4   1  -1  -4  -2   1    8   0   0   0   0   5   1   0   1  31  26   0   1   4   0  12   2   0   0   9  0.41 0.25
  211 K    -2   3  -2  -3  -3   1  -1  -3   0   1   1   2   1  -2  -3  -2  -1  -3  -1   2    0  17   0   0   0   7   3   1   2  10  15  17   4   0   0   2   1   0   3  16  0.26 0.20
  212 N    -2  -3   7   4  -5   0   0  -3  -2  -6  -6   0  -5  -5  -4  -2  -3  -6   0  -5    2   0  61  22   0   5   3   0   0   0   0   4   0   0   0   0   0   0   3   0  1.39 0.54
  213 A     2  -3  -2  -3   2  -3  -3  -3  -3  -3  -4  -3  -3  -4   2   5   1   3  -4  -1   17   0   0   0   4   0   0   0   0   1   0   0   0   0  11  50   9   4   0   3  0.77 0.41
  214 Q    -1  -3  -4  -4  -5   2  -3  -4  -4  -2  -4   1  -4  -5   7  -1   0  -5  -1  -2    3   0   0   0   0  11   0   0   0   3   0  10   0   0  59   4   5   0   2   2  1.40 0.49
  215 Q     0   1   2  -1   1   2   0  -3   0  -1   0  -1   2  -1  -3   0  -1  -3  -2   2    7   7  14   2   4  11   5   0   3   1   9   1   6   3   0   6   0   0   0  18  0.13 0.15
  216 I     0  -1  -3  -4  -4   2  -3  -2   3  -1  -2  -3   1   4  -3  -3  -3   7   2  -1    8   2   0   0   0  13   0   2  10   3   0   0   4  23   1   0   0  20   7   5  0.79 0.35
  217 Q     1  -3   0  -3   2  -1  -3   1   8  -3  -4  -3  -3   0  -4  -1   0  -4   1   0   11   0   4   0   4   1   0  13  40   0   0   0   0   5   0   2   7   0   5   6  0.78 0.37
  218 I    -3  -4   1  -4  -3  -2  -4  -4   0   3   1  -4   3   4  -4  -3  -2  -3  -1   2    0   0   9   0   0   2   0   0   2  24  12   0   9  24   0   0   1   0   0  15  0.54 0.28
  219 S    -1  -2   2   1  -1  -1  -1  -2   1  -1  -1   0   0   1  -3   3  -1  -3  -2   1    1   1  12   9   1   2   2   2   4   1   6   5   2   8   0  28   2   0   0  15  0.18 0.19
  220 I    -3  -1  -4  -5  -3  -4  -4  -5  -4   4   1  -4   1   4   1  -3  -1  -3  -2   3    0   4   0   0   0   0   0   0   0  35   8   0   3  18   6   0   2   0   0  23  0.63 0.30
  221 E     0  -1   1   2  -3   2   1  -1   2   0  -1   0   0  -1  -2   0   0  -3  -1   0    8   0   8  16   0  11   9   5   8   6   6   4   3   2   0   3   6   0   1   6  0.13 0.11
  222 K    -1  -1   3   1  -3   0   1   3   2  -4  -4   0  -3  -3  -1   0   0  -3  -1  -3    3   2  19   6   0   2  12  25   6   0   1   7   0   0   3   7   6   0   2   1  0.36 0.18
  223 C     1  -3  -2  -2   7   0  -3   1  -3  -3  -3  -3  -3  -3  -3   3   2  -4  -3  -2    8   0   0   1  25   4   0  13   0   1   1   0   0   1   0  30  11   0   0   2  0.71 0.34
  224 N    -1   0   1   2  -3   1   2  -2  -2  -2  -3   2  -3  -3  -2   2   2  -4  -1  -2    2   2   7  12   0   4  13   2   0   3   0  16   0   0   0  19  16   0   3   1  0.32 0.21
  225 K    -3  -2   6   4  -5  -1  -2   2   2  -5  -5  -2  -4  -5  -2   0  -2  -5  -1  -5    0   2  43  23   0   2   1  14   6   0   0   1   0   0   2   4   0   0   2   0  0.93 0.40
  226 V    -1  -4  -4  -4  -3  -4  -4   1  -4   3   2  -4   1  -1  -4  -2  -2  -4  -3   4    4   0   0   0   0   0   0  11   0  22  24   0   3   2   0   2   0   0   0  31  0.50 0.26
  227 E    -2  -1   0  -2  -3   0   1  -1   1  -1   0   0  -2  -3  -3   0   4   3  -2  -1    1   2   3   0   0   4  11   3   3   3  13   6   0   0   0   4  39   4   0   3  0.35 0.26
  228 V     0  -4  -5  -5  -3  -4  -4  -5  -4   4   2  -4   2   3  -4  -3  -3  -3  -2   3   10   0   0   0   0   0   0   0   0  31  20   0   4  17   0   0   0   0   0  18  0.66 0.31
  229 S    -1   0   0   3  -4   1   1  -3   3  -3  -3  -1  -3  -3  -3   2   1   2   2  -3    4   3   4  17   0   8   9   0   8   1   1   2   0   0   0  21   9   4  10   0  0.35 0.23
  230 N    -2  -1   5   3  -2  -2  -2   4   2  -5  -6  -1  -5  -5  -4  -1  -3  -5  -4  -5    2   3  34  19   1   0   1  30   5   0   0   2   0   0   0   3   0   0   0   0  0.92 0.39
  231 V    -1  -4  -4  -4   1  -3  -4  -4  -4   4   2  -3   4   1  -4  -1  -1   1  -2   2    2   0   0   0   3   0   0   0   0  34  15   0  13   6   0   7   3   2   0  14  0.51 0.26
  232 E     0   0   0   2  -3  -1   0  -2  -2  -1  -2   1   0  -1  -3  -1   3  -3   2  -1    8   5   3  15   0   1   3   1   0   5   3  11   3   2   0   1  25   0  10   3  0.22 0.19
  233 I    -1  -5  -5  -5   0  -4  -5  -3  -5   6   1  -4   1   0  -4  -4  -3  -4  -3   3    5   0   0   0   2   0   0   2   0  59   7   0   3   3   0   0   0   0   0  17  0.95 0.39
  234 T    -2   1   3   2  -1  -1  -1  -3   2  -1  -2   0  -2  -2  -3   1   3  -4  -3  -2    0   8  19  15   1   0   1   0   6   4   4   6   0   2   0  10  20   0   0   2  0.34 0.23
  235 A     3   0   0  -3   0  -1  -2   3  -3  -4  -4  -1  -3  -4  -3   3   1  -4  -4  -3   33   4   5   0   2   2   0  19   0   0   0   1   0   0   0  24   9   0   0   0  0.54 0.31
  236 P     0  -2  -1   2  -3   0  -1  -1  -2  -1  -1  -2  -2   0   4   0   2  -3   0   0    8   2   2  12   0   4   2   3   0   4   4   1   0   4  26   5  14   0   4   6  0.35 0.17
  237 G     2  -1   0  -1  -3  -2   0   4  -1  -4  -4  -1  -3  -2  -1   2   0  -4  -3  -2   18   2   5   1   0   0   5  33   2   0   0   2   0   2   2  21   4   0   0   2  0.46 0.24
  238 D    -2  -1   3   4  -4  -1   1  -1   3  -3  -1  -1  -3  -4  -2   1   1  -4  -3  -3    1   2  15  33   0   0   6   3   8   0   6   3   0   0   1  10   9   0   0   0  0.49 0.25
  239 S     2  -2   0   0  -3  -2  -1   1   1  -3  -2  -2  -1  -1   0   3  -1  -3  -1  -2   18   0   4   6   0   0   3  12   4   0   4   0   2   2   5  34   0   0   3   1  0.30 0.21
  240 P    -1  -1   0  -3   0   0  -1   1   5  -3  -3   2  -3  -4   5  -2  -3  -4  -3  -4    3   2   5   0   2   3   1  12  17   2   2  17   0   0  30   1   0   0   0   0  0.70 0.30
  241 N    -2  -3   8   0  -4  -3  -3   2  -2  -5  -5  -3   2  -5  -4  -2  -3  -5  -4  -4    2   0  71   3   0   0   0  13   0   0   1   0   5   0   0   1   0   0   0   0  1.50 0.53
  242 T    -2  -3  -2  -3  -3  -3  -3  -1  -4  -3   0   0  -2  -4  -3   0   6  -4  -4  -2    1   0   0   0   0   0   0   4   0   0  11   6   0   0   0   4  70   0   0   0  1.10 0.48
  243 D    -4  -4  -2   8  -6  -3  -1  -4  -4  -5  -6  -3  -5  -5  -4  -3  -4  -6  -1  -5    0   0   0  93   0   0   0   0   0   0   0   0   0   0   0   0   0   0   2   0  2.28 0.69
  244 G     2  -4  -3  -3  -4  -4  -4   7  -4  -5  -5  -3  -4  -5  -4  -2  -3  -4  -5  -4   16   0   0   0   0   0   0  77   0   0   1   0   0   0   0   1   0   0   0   1  1.56 0.49
  245 I    -3  -5  -5  -5  -4  -5  -5  -5  -4   5   0  -5   1   6  -5  -4  -2   5  -1   0    2   0   0   0   0   0   0   0   0  34   3   0   4  41   0   0   2   8   0   4  1.13 0.44
  246 H    -4  -3   2   6  -5   0   0  -4   5  -5  -5  -3  -5  -5  -4  -2   1  -6  -4  -2    0   0  10  57   0   3   4   0  16   0   0   0   0   0   0   0   8   0   0   3  1.26 0.49
  247 I    -1  -4  -4  -4  -3  -3  -4  -4  -4   4   0  -2   1  -1   1  -1   2  -4  -3   3    3   0   0   0   0   0   0   0   0  34   5   3   3   2   9   3  13   0   0  27  0.55 0.30
  248 T    -1  -2  -1   1  -3  -1   0   3   0  -1  -2  -1   0   0  -3   1   0   4   3  -3    4   0   2   8   0   2   7  27   2   3   3   3   4   3   0  10   4   6  12   0  0.28 0.19
  249 N     0   2   2   0  -3   0   1   2   1  -3  -3   0  -2  -1  -1   2  -1  -3  -1  -2    4  12  12   5   0   4   9  16   4   1   1   2   1   4   3  17   2   0   2   1  0.22 0.14
  250 T     0  -2  -2  -2   2   1  -2  -1  -3  -3  -4  -1  -3  -4  -3   5   1  -4  -3  -1    4   1   0   1   4   6   1   4   0   1   1   2   0   0   1  62   8   0   0   4  0.79 0.39
  251 Q    -2   1   1   2  -3   2   1  -3  -1  -1  -3   1  -2  -4  -2   1   3  -4  -3  -2    0   9   5  14   0  12   8   0   1   4   1   8   0   0   0  11  25   0   0   2  0.35 0.22
  252 N    -3  -1   6   0  -4  -1  -3   3   2  -2  -4  -3  -4  -2  -4   0  -3  -3   3  -4    0   2  42   5   0   2   0  22   4   2   0   0   0   1   0   5   0   0  13   0  0.81 0.38
  253 I    -1  -5  -5  -5  -3  -4  -5  -5  -5   6   1  -4   0   0  -4  -4  -2  -4  -2   4    4   0   0   0   0   0   0   0   0  48   7   0   2   3   0   0   2   0   1  33  0.95 0.38
  254 R    -2   0   1  -3  -3   0  -2  -3   1  -1  -2   0   0  -2  -3   0   3   6   1   1    0   5   7   0   0   5   1   1   4   3   2   6   3   0   0   4  26  12   6  13  0.38 0.25
  255 V    -3  -5  -5  -5  -3  -5  -5  -6  -5   7   2  -5  -1   2  -5  -4  -3  -4  -3   2    1   0   0   0   0   0   0   0   0  66  13   0   0   9   0   0   0   0   0   9  1.20 0.45
  256 S    -1  -1  -1   1  -3   2   1  -3   3   0  -1  -1  -1  -2  -3   2   2  -4  -1  -2    4   3   0   7   0  10  11   0   9   6   6   2   1   2   0  19  19   0   1   0  0.25 0.21
  257 N    -2  -3   6   4  -5  -2  -1   2  -1  -5  -5   0  -4  -5  -4   0  -2  -5  -2  -5    1   0  40  28   0   0   1  15   1   0   0   6   0   0   0   4   0   0   2   0  0.94 0.39
  258 S     1  -3   0  -3   5  -2  -3  -3  -3  -1  -2  -3  -1   0  -1   3   2   2  -3   1   14   0   5   0  12   0   0   0   0   3   1   0   1   4   2  32  11   4   0   9  0.43 0.28
  259 D    -2   1   1  -1  -3  -1   2  -3  -1   0  -2   0   0  -2  -1  -1   1   2   1   3    1   7   8   3   0   0  14   0   1   5   0   6   3   0   2   1  10   4   7  27  0.20 0.19
  260 I    -2  -4  -4  -5  -3  -4  -4  -5  -4   4   0  -4   2   1  -4  -2  -2  -3   3   4    3   0   0   0   0   0   0   0   0  31   4   0   4   4   0   3   0   0  12  39  0.76 0.35
  261 G     0  -1   2   0  -3   0  -1   2   2  -3  -3   1  -2  -1  -1   1   2  -3   2  -1    7   1   9   5   0   4   1  14   7   0   0  10   0   1   2   8  15   0  11   4  0.20 0.16
  262 T    -3  -3   6  -2  -4  -2  -3  -1  -1  -1  -2  -2  -3  -4  -4   0   3  -5  -4   0    0   0  50   0   0   0   0   4   1   3   3   0   0   0   0   7  23   0   0   7  0.88 0.39
  263 G    -2  -3   0  -1  -5   4  -2   6  -3  -5  -5   1  -4  -5  -4  -2  -2  -4  -4  -5    0   0   3   4   0  20   0  62   0   0   0   7   0   0   0   0   1   0   0   0  1.15 0.41
  264 D    -4  -1  -1   8  -5  -3  -1  -4  -3  -5  -5  -3  -5  -5  -4  -3  -3  -6  -5  -5    1   4   0  90   0   0   0   1   0   0   1   0   0   0   0   0   0   0   0   0  2.03 0.59
  265 D    -4  -3  -1   7  -5  -2   2  -4   1  -5  -5  -3  -5  -5  -4  -3  -3  -5  -4  -5    1   0   0  80   0   0  10   1   4   0   1   0   0   0   0   0   0   0   0   0  1.76 0.52
  266 C     0  -4  -2  -4  10  -4  -4   1  -1  -4  -4  -4  -4  -4  -4  -1  -3  -4  -4  -3    7   0   2   0  69   0   1   9   2   0   1   1   0   0   0   4   1   0   0   1  2.01 0.54
  267 I    -2  -4  -4  -4  -3  -4  -4  -5  -4   5   1  -4  -1   2  -4  -3  -2  -3  -2   4    0   0   0   0   0   0   0   0   0  36  10   0   0  10   0   0   2   0   0  38  0.79 0.31
  268 S     4  -3   1  -2  -2  -2  -1  -2  -3  -3  -3  -2  -3  -4  -3   3   2  -4  -3  -2   44   0   6   0   0   0   4   0   0   0   1   0   0   0   0  27  16   0   0   0  0.67 0.33
  269 I    -2  -4  -4  -4  -3  -4  -4  -4  -4   5   0  -4   0   3   0  -2   0  -3  -2   4    0   0   0   0   0   0   0   0   0  39   2   0   1  12   4   2   7   0   0  30  0.66 0.29
  270 E    -1  -1   4   0  -4  -1  -1   2   1  -3  -4   4  -3  -4  -3  -1  -1  -4  -3   0    2   0  22   3   0   0   2  18   3   0   0  35   0   0   0   1   3   0   0   8  0.53 0.28
  271 D     1  -2  -1   1  -3  -1  -1  -1  -2  -3  -4  -1  -3  -3   3   3   1  -4  -1  -3    9   1   1  10   0   2   3   3   0   0   1   3   0   0  18  34  11   0   3   0  0.48 0.25
  272 G    -2  -2   3   0  -4  -2  -1   5  -3  -5  -5  -1  -4  -4   2   0  -2  -4  -4  -4    1   2  18   3   0   0   4  51   0   0   1   3   0   0   9   6   0   0   0   0  0.84 0.31
  273 T     1  -2  -1  -2   1  -2  -2  -2  -3  -3  -3  -2  -1  -3  -2   5   4  -4  -3  -1    7   1   1   1   3   1   1   1   0   1   1   1   1   0   1  51  25   0   0   4  0.72 0.33
  274 Q    -1   2   1  -1  -3   1   2  -2   4  -3  -3   1  -2  -3  -2   1   2  -3  -1  -2    2  10   6   1   0   7  19   2  12   1   1   9   0   0   1   8  18   0   2   2  0.33 0.18
  275 N    -3  -2   6   3  -4   0  -1  -2   2  -4  -4  -1  -2  -3  -4  -2  -2  -4   2  -4    0   1  54  14   0   5   1   2   5   1   1   3   1   0   0   1   0   0   8   0  0.98 0.38
  276 L    -2  -4  -5  -5  -3  -4  -4  -5  -4   6   1  -4   0   1  -4  -4  -1  -4  -1   3    2   0   0   0   0   0   0   0   0  55   8   0   1   5   0   0   2   0   1  23  0.92 0.35
  277 Q    -2  -1  -1  -1  -2   0  -1  -3   1   0   1  -2  -1   1  -3  -1   2   3   0   2    0   3   2   3   0   4   2   0   5   4  17   2   0   8   0   4  22   4   3  18  0.18 0.16
  278 I    -1  -4  -4  -5  -3  -4  -4  -5  -4   4   0  -4  -1   5  -4  -3  -2  -3  -1   4    3   0   0   0   0   0   0   0   0  32   6   0   0  25   0   0   0   0   0  31  0.79 0.32
  279 F    -1   0   0   0  -3   3   3  -3  -2  -3  -2   1  -2  -1  -3   2   3  -4  -3  -3    4   3   3   4   0  15  21   0   0   0   2   7   1   3   0  18  20   0   0   1  0.40 0.24
  280 D    -3   1   6   2  -5  -2  -2   2   2  -5  -5  -1  -4  -5  -4  -1  -2  -6  -4  -5    1   7  53  10   0   1   1  17   5   0   0   2   0   0   0   2   1   0   0   0  1.02 0.40
  281 L    -2  -3   3  -3   3  -3  -3   1  -3   3   2  -3   1  -2  -4  -1  -2  -4  -3   2    1   0  18   0   8   0   0  11   0  22  17   0   5   0   0   3   0   0   0  15  0.36 0.23
  282 T    -2  -1   0  -1  -3  -2  -2  -4   3  -1  -2  -3  -2   0  -4  -1   4   2   5  -1    1   4   4   4   0   1   2   0   8   4   3   0   0   3   0   2  37   3  23   3  0.56 0.32
  283 C    -3  -6  -5  -6  10  -6  -6  -2  -6  -1  -4  -6  -1   2  -6  -2  -4  -5  -4  -2    0   0   0   0  76   0   0   4   0   4   0   0   2   9   0   3   0   0   0   2  2.48 0.68
  284 G    -2   0   4  -2  -4  -1  -3   4  -2  -2  -4  -2  -3  -3  -4   1   0  -3   3  -3    0   5  25   1   0   2   0  34   0   3   0   0   0   0   0  12   6   0  11   1  0.61 0.29
  285 P    -2  -3   1  -3  -4  -3  -3   5   0  -5  -3  -1  -4  -4   4  -1  -2   4   1  -4    0   0   7   0   0   0   0  43   3   0   2   3   0   0  25   4   2   5   6   0  0.87 0.33
  286 G     0  -4  -2  -3  -4  -3  -3   6  -4  -5  -5  -3  -4  -5   0   3   0  -5  -4  -4    4   0   0   0   0   0   0  59   0   0   0   0   0   0   6  26   5   0   0   0  1.09 0.39
  287 H    -4  -1   1  -1  -5  -2  -3   1  10  -6  -4  -3  -4  -4  -2  -3  -4  -5   0  -5    0   4   5   3   0   0   0  11  70   0   2   0   0   0   2   0   0   0   2   0  1.88 0.56
  288 G    -2  -5  -3  -4  -5  -4  -5   7  -5  -7  -6  -1  -5  -6  -5  -2  -4  -5  -6  -6    0   0   0   0   0   0   0  95   0   0   0   3   0   0   0   2   0   0   0   0  2.09 0.58
  289 I    -1  -4  -4  -5   4  -4  -4  -5  -4   4   3  -4   3   0  -4  -3   1  -4  -1   1    5   0   0   0   9   0   0   0   0  35  26   0  10   2   0   0   8   0   2   3  0.60 0.27
  290 S     2  -3  -2  -3  -3  -2   0  -1  -3  -4  -4  -3  -3  -5  -3   6  -1  -5  -4   0   17   0   0   0   0   0   6   2   0   0   0   0   0   0   0  66   0   0   0   9  0.95 0.44
  291 I    -3  -5  -5  -5  -3  -5  -5  -6  -5   6   0  -5   4   1  -5  -4  -3  -4  -3   3    0   0   0   0   0   0   0   0   0  61   2   0  11   6   0   0   0   0   0  21  1.19 0.42
  292 G    -1  -4  -3  -3  -4  -4  -4   7  -4  -5  -5  -2  -4  -5  -4  -2  -3  -4  -5  -5    4   0   0   1   0   0   0  87   0   0   1   3   0   0   0   1   0   0   0   0  1.71 0.47
  293 S     0  -3  -2  -3  -3  -2  -1  -3  -3  -5  -5  -3  -4  -5  -3   7   0  -5  -4  -4    4   0   0   0   0   0   4   0   0   0   0   0   0   0   0  86   3   0   0   0  1.42 0.54
  294 L    -2  -3  -3  -4  -3  -3  -2  -2   2   2   4  -3   1  -1  -3  -3  -2  -3  -2   2    1   0   0   0   0   0   3   4   5  10  55   1   1   1   0   1   1   0   0  16  0.55 0.24
  295 G    -2  -4  -2  -3  -4  -3  -4   7  -4  -4  -4  -3  -4  -4  -4  -2  -2  -4   0  -2    1   0   0   0   0   0   1  83   0   0   1   1   0   0   0   1   3   0   3   4  1.53 0.43
  296 D     0   1   0   1  -2   3   0  -1  -1  -2  -2   3  -1  -2  -1   1   0  -2  -1  -1    5   7   4   7   1  17   3   3   1   2   2  21   1   1   1  12   6   0   2   3  0.22 0.11
  297 D    -1  -1   0   2  -3  -2   0   3   0  -3  -3  -2  -2   0  -2   0   0  -2   4  -3    4   3   5  15   0   1   4  29   1   1   2   1   0   4   1   4   5   0  19   1  0.37 0.17
  298 N    -1   2   2  -1  -3   0   0   1   1  -3  -1   1  -1  -3   3   0   1  -4  -3  -3    3  13  14   1   0   2   6  12   4   0   5   8   2   0  13   6  10   0   0   0  0.25 0.14
  299 S    -1  -1   3   3  -3  -1   1   0  -2  -4  -4  -1  -1  -4  -2   4   1  -1  -2  -4    3   2  15  16   0   0  11   7   0   0   0   1   2   0   1  36   6   1   1   0  0.50 0.27
  300 K     0   2   1   3  -3   0   2   0   0  -1  -3   0  -2  -3  -2   0   0  -1  -3  -1    5  12   9  19   0   2  15   8   2   3   0   4   0   0   0   3   8   1   0   6  0.23 0.13
  301 A     1  -2   3   3  -3   1   0  -1  -2  -1  -2  -1   2  -3  -2   1   0  -3  -1  -2   16   0  18  17   0   6   6   4   0   4   1   2   8   0   0   9   3   0   2   1  0.25 0.16
  302 Y    -1  -2   2   1  -1  -1   1   0   1   0  -2  -1  -2   0   0   0   2  -3   0   0    0   0  13  10   1   1  11   8   3   9   2   0   0   5   4   5  17   0   3   7  0.12 0.11
  303 V    -3  -5  -3  -5  -3  -5  -5  -6  -6   4  -1  -5  -2  -3  -1  -4  -3  -5  -4   6    0   0   1   0   0   0   0   0   0  25   0   0   0   0   3   0   0   0   0  71  1.31 0.47
  304 S    -1   0   0   1  -3   1   2  -3   0  -3  -3   2  -2  -3  -3   2   1  -3   1  -1    1   4   3   8   0   7  15   0   2   0   1  12   0   0   0  25  10   0   6   6  0.29 0.19
  305 G    -3  -2   6   4  -5  -1  -2   2   1  -5  -5  -2  -4   0  -4  -1  -1  -4   1  -5    0   1  41  25   0   2   0  15   4   0   0   0   0   4   0   1   2   0   5   0  0.86 0.35
  306 I    -2  -1  -5  -5  -3  -4  -5  -5  -5   4   1  -4  -1  -2  -5  -4  -2  -5  -3   6    2   5   0   0   0   0   0   0   0  23   8   0   0   1   0   0   0   0   0  61  0.99 0.39
  307 N    -2   2   1  -2  -2  -1   0  -3   3  -2  -1   0  -2   0  -3  -1   3   3   2  -1    1  13   8   0   1   1   4   0   8   1   7   6   0   3   0   1  30   5   8   3  0.32 0.22
  308 V     0  -4  -4  -5  -3  -4  -4  -4  -4   4   1  -4   1   3  -4  -2  -2  -3   1   4    7   0   0   0   0   0   0   0   0  26   8   0   2  14   0   2   0   0   5  36  0.61 0.27
  309 D    -2   2   1   2  -3   0   3  -3   1  -3  -1   1  -2  -2  -2   1   0  -3   2  -3    1  12   5  14   0   1  21   0   3   1   8   8   0   0   0  13   3   0   9   1  0.28 0.17
  310 G    -3  -1   6   3  -4  -2  -1   2   0  -5  -5  -1  -4  -5  -3  -1  -1  -5  -4  -4    0   2  49  19   0   0   1  17   1   0   0   4   0   0   0   3   2   0   0   0  0.97 0.36
  311 A     1  -3   2  -2   4  -2  -2  -1  -3   2  -1  -2  -1  -3  -3   2   0  -4  -3   2   13   0  13   0  11   0   0   5   0  13   4   0   0   0   0  21   2   0   0  16  0.27 0.18
  312 K    -2  -1   0   0  -3   1  -1  -3   1  -1  -2   1  -2   0  -3   1   4  -3   1   0    0   2   4   5   0   6   1   0   4   2   1  13   0   4   0   9  32   0   7   8  0.27 0.19
  313 F    -2  -3  -4  -4   1  -3  -4  -4  -3   2   1  -3   4   4  -4  -3   1  -2   2   3    2   0   0   0   4   0   0   0   0  13  10   0  15  18   0   0   9   0   7  22  0.46 0.22
  314 S    -1  -1   0  -1  -1  -1  -1  -3   1   3   0  -1  -1  -1  -3   1   2   2   0   0    2   3   5   3   1   3   2   0   3  27   5   3   1   1   0  14  15   4   3   4  0.16 0.15
  315 E    -2  -3   5   4  -5   0  -1   2  -2  -5  -5   0  -4  -5  -1   0  -2   3  -4  -5    1   0  31  29   0   4   2  16   0   0   0   5   0   0   2   5   0   5   0   0  0.76 0.31
  316 S     1  -3   2  -2   2  -2  -2   0  -3  -3  -3  -2   1  -4  -3   4   3  -4  -4  -3   11   0  12   0   4   0   0   6   0   0   0   1   5   0   0  36  25   0   0   0  0.59 0.31
  317 D    -1  -1   1   3  -3   3   1  -1   0  -1  -2  -1   1  -4  -3   1   1  -4  -3  -2    4   2   6  18   0  21   8   2   2   4   4   0   4   0   0  14  11   0   0   0  0.32 0.20
  318 N    -3   0   7   0  -5   0  -1  -3   0  -5  -5   0  -4  -4  -4   0  -2  -4   2  -3    0   5  62   4   0   4   4   0   2   0   0   3   0   0   0   5   1   0   7   2  1.06 0.40
  319 G     1  -4  -3  -4  -4   0  -4   6  -4  -5  -4  -3   2  -5  -4  -1  -3  -5  -5  -3   14   0   0   0   0   5   0  71   0   0   0   0   7   0   0   2   0   0   0   1  1.31 0.43
  320 V     2  -4  -4  -5   2  -3  -4  -4  -4   2   2  -4   3  -2  -4  -2  -2  -4  -2   4   21   0   0   0   5   0   0   0   0   7  20   0   9   0   0   0   0   0   1  37  0.55 0.27
  321 R    -4   7  -3  -4  -5  -2  -1  -2   0  -4  -2  -1   1  -1  -5  -3  -4  -4   3  -4    0  70   0   0   0   0   4   3   2   0   4   0   4   2   0   0   0   0  11   0  1.30 0.47
  322 I    -2  -5  -5  -5  -3  -5  -5  -5  -5   6   1  -5   2   2  -5  -4  -3  -4  -2   2    2   0   0   0   0   0   0   0   0  60  10   0   4  11   0   0   0   0   0  12  1.02 0.37
  323 K    -4  -1  -3  -4  -6  -1  -2  -4  -4  -1  -5   8  -4  -6  -4  -3  -3  -6  -5  -4    0   0   0   0   0   0   0   0   0   5   0  95   0   0   0   0   0   0   0   1  1.88 0.61
  324 T     1  -2  -2  -3  -3  -2  -2  -3  -3  -2  -3   0  -2  -4  -3   3   5  -4  -3   0   11   0   0   0   0   0   0   1   0   0   1   6   0   0   0  23  50   0   0   6  0.73 0.32
  325 Y    -2  -3   0   0  -3  -3  -3  -1  -1   0  -3  -3  -3  -1  -4   0  -1  10   2   0    3   1   6   5   0   1   1   5   1   7   1   1   0   0   1   7   3  44   6   8  1.25 0.35
  326 Q     0  -1   2  -2  -3   1  -1  -1  -1   0  -2   0  -2  -2   4   0   0  -3   2  -2   10   1  14   0   0   9   3   3   0   7   1   4   0   0  23   8   4   0  11   2  0.34 0.17
  327 G     0  -2  -1   0  -4  -2  -2   6  -3  -4  -4  -1  -4  -4  -2   1  -2  -4  -4  -4    7   2   1   5   0   1   1  63   0   0   1   3   0   0   1  13   0   0   0   0  0.96 0.31
  328 G     2   0  -2   0  -3  -2   0   5  -3  -2  -3  -1  -3  -2  -3   1  -1  -3  -3  -1   17   5   0   5   0   0   5  46   0   3   1   1   0   2   0   8   2   0   0   3  0.51 0.20
  329 S     0   0   0   0  -2   1  -1   1   0  -2  -1   0  -2  -2   0   2   3   1   0  -2    3   3   4   4   0   7   2  11   2   0   5   5   0   0   5  17  23   2   4   0  0.19 0.13
  330 G    -1  -4   0  -3  -4  -3  -3   6  -3  -5  -5  -3  -4  -4  -4   0  -2  -4   0  -4    3   0   5   0   0   0   0  78   0   0   1   0   0   0   0   5   1   0   4   0  1.38 0.39
  331 T     0   0  -1  -1  -2  -1   0  -1  -2   0   0   0   1   0  -1   2   2  -2   2  -1    4   5   2   2   0   1   6   3   0   7   6   3   7   3   3  21  16   0   8   3  0.11 0.12
  332 A     2  -4  -4  -5  -3  -4  -4  -4  -5   3  -1  -4  -1  -3  -4  -1  -2   1  -3   5   20   0   0   0   0   0   0   0   0  15   0   0   0   0   0   4   0   2   0  60  0.89 0.37
  333 K    -1   2   2  -2  -3   0   1   0   0  -4  -4   2  -3  -4  -3   3   2  -4  -2  -3    1  12   9   0   0   1   7   6   2   0   0  15   0   0   0  33  11   0   1   1  0.42 0.23
  334 N    -3  -3   6   4  -5  -2   0   1   2  -5  -5  -1   0  -5  -4  -2  -3  -6  -3  -5    0   0  51  23   0   0   5  10   5   0   0   2   3   0   0   0   0   0   1   0  1.09 0.40
  335 I    -2  -5  -5  -5  -1  -4  -5  -5  -5   5   1  -4   0  -2  -5  -4  -2  -5  -3   5    1   0   0   0   1   0   0   0   0  46   9   0   1   0   0   0   1   0   0  41  1.05 0.37
  336 K    -2   0   0  -3  -3  -2  -2  -3   2   0   0   0  -2  -3  -3   0   5  -4  -1   2    0   4   4   0   0   0   0   0   6   4   8   8   0   0   0   6  43   0   2  15  0.45 0.27
  337 F    -3  -5  -5  -6  -4  -4  -5  -5  -2  -2   0  -5   0   6  -5  -4  -4   5   7  -1    2   0   0   0   0   0   0   0   0   0   9   0   2  39   0   0   0   7  37   5  1.39 0.43
  338 Q    -2   2   1   1  -4   3   4  -3  -1  -3  -4   2  -3  -4  -3   1  -1  -4  -3  -4    0  11   7   5   0  14  30   0   1   1   1  15   0   0   0  14   2   0   0   0  0.55 0.25
  339 N    -3  -1   7   4  -5  -2  -1   1   1  -5  -4  -2  -4  -5  -4  -1  -2  -6  -4  -5    0   2  56  23   0   1   2  11   3   0   1   1   0   0   0   1   1   0   0   0  1.19 0.42
  340 I    -1  -4  -3  -5  -3  -4  -5  -5  -4   5   0  -4   3   3  -4  -2  -2  -3  -2   3    6   0   1   0   0   0   0   0   0  48   4   0   7  15   0   2   0   0   0  16  0.78 0.32
  341 R     0   2   0  -2   0   1   1  -3  -1   2  -1   0  -1  -2  -3  -1   2  -3   0   0    6  12   3   0   2   6  11   0   2  20   2   6   0   0   0   2  20   0   3   4  0.18 0.16
  342 M    -2  -4  -3  -5  -3  -3  -4   1  -4   2   3  -4   6  -1  -4  -3  -1  -4  -3   2    0   0   1   0   0   0   0  11   0  11  24   0  31   2   0   1   3   0   0  16  0.63 0.29
  343 E    -2   0   2   1  -4   1   2  -3   4  -2  -3   2  -3  -1  -3   1   0  -3   1  -3    0   4   9   7   0   7  13   0  13   2   0  15   0   3   0  15   3   0   6   1  0.32 0.18
  344 N    -3  -3   6   1  -5  -3  -3   4  -2  -5  -5  -2  -2  -5  -4   0  -1  -5  -5  -5    0   0  47   8   0   0   0  35   0   0   0   2   1   0   0   4   2   0   0   0  1.14 0.39
  345 V    -1  -3   3  -3   1  -3  -3  -2  -3   3   0  -3   0  -3  -4  -1   0  -4  -3   4    4   0  17   0   3   0   0   2   0  20   4   0   2   0   0   3   5   0   0  38  0.47 0.25
  346 K     1  -1  -1   3  -4   1   1   0  -2  -3  -3   3  -3  -4  -1   0   1  -4  -3  -2   12   0   1  24   0   5   7   6   0   0   3  25   0   0   2   6   9   0   0   1  0.37 0.20
  347 N    -1  -3   4  -3  -4  -1  -1  -4   0  -4  -1  -1  -3   1  -4  -2  -1   4   7  -3    6   0  24   0   0   3   3   0   1   0   5   3   0   4   0   1   3   6  42   0  0.90 0.36
  348 P     2  -4  -3  -3  -1  -3  -3   3  -4  -3  -4  -3  -2  -5   6   1  -3  -5  -5  -4   21   0   0   0   1   0   0  22   0   1   0   0   1   0  44  10   0   0   0   0  1.13 0.37
  349 I    -3  -5  -5  -5  -3  -5  -5  -6  -5   6   2  -5  -1   2  -1  -4  -3  -4  -2   3    0   0   0   0   0   0   0   0   0  55  19   0   0   8   3   0   0   0   0  16  0.94 0.34
  350 I    -1  -3  -1   2  -3   0  -1  -3  -3   2   1  -2  -1   0  -3   0  -1   1   0   3    2   0   2  15   0   5   4   0   0  18  10   0   0   4   0   6   2   3   3  26  0.21 0.15
  351 I    -2  -5  -5  -5  -3  -4  -5  -5  -5   6   1  -5   1   0  -5  -4  -3  -4  -3   3    2   0   0   0   0   0   0   0   0  58  10   0   3   3   0   0   0   0   0  24  1.05 0.36
  352 D    -3  -2   2   5  -5   2   2  -3  -3  -4  -5  -2  -4  -5  -3   0   2  -5  -4  -4    0   1   8  45   0  10  15   0   0   0   0   0   0   0   0   4  18   0   0   0  0.90 0.34
  353 Q    -2  -2  -2  -3  -5   7   0  -1  -2  -5  -3  -2  -1  -5  -1   1   1  -5  -4  -4    2   0   0   0   0  61   2   5   0   0   3   0   1   0   3  13  11   0   0   0  1.06 0.44
  354 D    -1  -3   2   3   6  -1   1  -3   3  -3  -3  -2  -3   1  -3   0  -2  -3   2  -2    4   0   9  22  19   1   8   1   8   0   0   1   0   6   0   7   0   0  10   3  0.50 0.24
  355 Y    -5  -5  -5  -6  -5  -4  -5  -6  -2  -4  -3  -5  -4   0  -6  -2  -3   7   9  -4    0   0   0   0   0   0   0   0   0   0   1   0   0   0   0   3   2  14  81   0  2.46 0.65
  356 C     0  -3  -2   0   7  -2   2   2  -3  -3  -1  -1  -3   0  -3   1  -1   0  -1  -3    4   0   0   4  26   0  17  15   0   0   7   3   0   4   0  15   2   1   2   0  0.48 0.24
  357 D    -2  -2   4   5  -4   1  -1  -2  -2  -4  -4   0  -4  -1   2   2  -1  -5  -4  -4    0   0  20  33   0   5   0   1   0   0   1   5   0   4   8  21   1   0   0   0  0.65 0.29
  358 K     1  -1   0  -1  -2   1  -1   2   0  -1  -2   1   2  -2  -1   0  -1   2   0  -1   12   2   5   3   0   6   2  18   2   3   1  12  10   1   2   8   3   3   4   3  0.13 0.10
  359 D    -1  -2   4   2  -4  -1   1   1  -2  -4  -4   2  -3  -4  -3   2  -1  -4  -3  -4    1   0  25  14   0   0   8  12   0   0   0  14   0   0   0  21   3   0   0   0  0.51 0.23
  360 K     1  -2   0  -1  -3   1  -1   1   0  -2  -2   0  -1  -3   4  -1   1  -3   0  -1   17   0   5   1   0   8   3  14   2   0   4   5   1   0  20   2   8   0   5   5  0.29 0.14
  361 C    -2  -3  -2  -3   8  -2  -3  -3   1   0  -3  -2  -1  -4  -3   1   3  -4  -3   0    0   0   1   1  34   2   0   0   5   7   0   2   1   0   0  12  26   0   0   6  0.85 0.32
  362 E     0   0   1   2  -3   0   1   3  -2  -1  -2   0  -2  -3   0   0  -1  -3   0  -2    9   5   9  12   0   3   8  24   0   4   4   4   0   0   4   3   3   0   5   0  0.20 0.11
  363 D    -1   0   2   2  -3   1   1   1  -1  -2  -3   2  -2  -3  -2   1   0  -3   0  -2    2   3  13  13   0   6  10  14   0   2   0  13   0   0   0   8   7   0   4   4  0.24 0.13
  364 Q    -2  -3   1   2  -1   2  -1   0   0  -4  -4  -2  -3  -2   5  -2  -2   1   3  -2    1   0   6  16   2  11   3   9   2   0   0   1   0   1  29   0   1   2  14   3  0.58 0.25
  365 E    -1  -1  -1   0  -3  -1   0  -2  -2  -2  -3   0  -2  -2   4   1   4  -3  -3  -1    2   3   1   6   0   1   7   2   0   1   1   7   0   2  21  10  31   0   0   4  0.45 0.19
  366 S     0  -2   2   0  -2  -2  -2   1  -2  -2  -3  -2  -3  -3   0   4   1   1  -3  -2    4   1  11   3   0   1   1   9   0   2   1   1   0   1   3  48  10   2   0   2  0.50 0.24
  367 A     1  -1   1  -1  -3   0  -2   4  -2  -3  -3   1  -2  -1  -2   1   0  -3  -3  -3   16   2   8   2   0   4   1  36   0   0   2   9   0   3   0  10   5   0   0   1  0.40 0.17
  368 V    -1  -4  -4  -4  -2  -3  -4  -4  -4   3   1  -3   1   1  -1  -3  -2  -3   0   5    4   0   0   0   0   0   0   0   0  13  10   0   3   6   3   0   0   0   2  56  0.66 0.27
  369 Q    -1  -1   1  -1  -3   3   1  -3  -2  -1  -2   2   1  -2   3   0   2  -3  -1  -1    1   1   8   1   0  17   7   0   0   3   0  18   4   1  13   4  14   0   2   5  0.31 0.18
  370 V    -2  -4  -4  -4  -3  -4  -4  -5  -4   5   2  -4   2   2  -4  -2  -2  -3   1   3    0   0   0   0   0   0   0   0   0  42  17   0   4   8   0   2   0   0   4  20  0.66 0.25
  371 K    -1   0  -1  -1  -3   2   2  -3   0  -4  -4   1  -3  -3  -3   4   3  -4  -3  -2    2   5   2   1   0   8  13   0   2   0   0  10   0   1   0  35  19   0   0   1  0.47 0.25
  372 N    -3  -3   6   5  -5  -2  -1   1  -2  -5  -6   0  -5  -5  -4  -1  -3  -6  -5  -5    0   0  42  39   0   0   1  12   0   0   0   5   0   0   0   1   0   0   0   0  1.19 0.40
  373 V    -3  -4  -5  -5  -3  -4  -5  -5  -5   5   2  -4  -1   2  -2  -4  -2  -4  -2   4    0   0   0   0   0   0   0   0   0  40  17   0   0   7   2   0   0   0   0  32  0.82 0.30
  374 V     0  -2   0  -3  -3  -2  -2  -2   3  -1  -1  -1  -2  -3  -3   0   5  -4  -1   2    5   1   4   0   0   0   2   1  10   1   7   2   0   0   0   7  42   0   1  17  0.46 0.26
  375 Y    -3  -4  -5  -5  -4  -4  -5  -5  -3   2   1  -4   0   6  -2  -4  -3   3   4   2    0   0   0   0   0   0   0   0   0  10  10   0   2  45   2   0   0   4  12  14  0.93 0.32
  376 K    -2   3   0   0  -4   1   3  -3  -2  -3  -3   4  -2  -4  -3   0  -1  -4  -2  -1    1  14   3   4   0   6  19   0   0   1   0  32   1   0   0   8   3   0   1   7  0.46 0.22
  377 N    -3  -3   7   4  -5  -2  -2   0  -1  -5  -6   0  -5  -5  -4  -1  -3  -6  -4  -5    0   0  56  26   0   0   0   7   1   0   0   6   0   0   0   2   0   0   0   0  1.27 0.42
  378 I    -3  -4  -4  -5  -3  -4  -4  -5  -4   5  -1  -4   2   4  -4  -2  -2   6  -1   3    0   0   0   0   0   0   0   0   0  36   1   0   5  18   0   3   0  13   0  22  0.84 0.31
  379 S    -1   1  -1  -1  -3  -1  -2  -3   4  -2  -3   2  -2  -3  -3   2   3   2   1  -1    2   9   0   2   0   1   0   0  12   2   0  17   0   0   0  14  29   3   4   3  0.41 0.23
  380 G    -1  -4  -3  -4  -5  -4  -4   7  -4  -6  -6  -4  -5  -5  -4  -3  -4  -5  -5  -5    3   0   0   0   0   0   0  93   0   0   0   0   0   0   0   0   0   0   0   0  1.97 0.50
  381 T    -1  -3   0  -3  -3  -3  -1  -3  -3  -3  -4  -3  -3  -4  -3   3   6   0  -2  -2    1   0   3   0   0   0   4   0   0   0   0   0   0   0   0  19  67   1   1   1  1.12 0.44
  382 S     0  -2   1  -1   2  -2   0   0  -2  -1  -2  -1   0  -3  -1   3   2  -4  -3   1    7   0   6   1   4   0   8   5   0   3   2   1   3   0   3  29  16   0   0  13  0.24 0.17
  383 A     2  -2   1   0  -3  -1   1  -1  -2  -2  -2  -1  -2  -1   0   3   0  -4  -3  -1   24   1   7   6   0   1  10   1   0   1   3   2   0   3   3  31   4   0   0   4  0.29 0.19
  384 T     0  -1   1   2  -3  -2  -2   2  -3  -3  -3  -1  -3  -4  -3   3   3  -4  -2  -2    6   2   5  13   0   0   0  15   0   0   1   1   0   0   0  33  21   0   1   3  0.46 0.24
  385 D     0   1   0   2  -3   0   1   2  -2  -3  -3   3  -3  -4   1   0   0  -4  -3  -3    7   8   4  11   0   1   8  17   0   0   1  22   0   0   6   6   8   0   0   0  0.29 0.14
  386 V     1  -2  -1   0  -3  -1   1  -1  -2   0  -2   0   0  -3   3  -1   1  -3  -1   2   14   0   3   7   0   0  11   4   1   6   0   4   3   0  17   1   8   0   3  18  0.21 0.13
  387 A     3  -3   0   1  -3  -1   0  -1  -3   0  -2  -2  -2  -3   3   0  -1  -4  -3   2   31   0   4   7   0   1   7   2   0   4   0   1   0   0  15   4   2   0   0  21  0.33 0.19
  388 I     1  -3  -4  -3  -3  -4  -4   0  -4   4   0  -3  -1  -2  -4  -3  -2  -4   0   4   12   1   0   2   0   0   0   7   0  36   2   0   0   0   0   0   0   0   3  36  0.59 0.27
  389 T    -1   2   1   0  -3   0  -1  -3   0  -1  -2   2  -2  -1  -3   0   1   0   3   0    3  11   8   5   0   5   2   0   1   3   2  16   0   0   0   5  12   1  17   9  0.21 0.15
  390 L    -3  -4  -4  -5  -3  -4  -4  -2  -4   4   3  -3   1   2  -4  -4  -2  -3  -1   2    0   0   0   0   0   0   0   3   0  32  36   1   1  11   0   0   0   0   1  14  0.62 0.24
  391 N    -1  -2   2   1  -2   0   1  -3  -2   2   2  -1   1  -2  -3  -1  -1  -3  -2   1    4   1  12   8   0   3   9   0   0  16  21   2   3   0   0   4   2   0   0  13  0.16 0.12
  392 C    -3  -4  -5  -6  11  -5  -6  -1  -6  -4  -2  -5  -4  -5  -5  -2  -4  -5  -5  -4    0   1   0   0  85   0   0   6   0   0   3   0   0   0   0   3   0   0   0   0  2.84 0.65
  393 S     0  -3   0  -1   0  -2  -1   3  -1  -2  -4  -2  -3  -4   1   4  -1  -4  -3  -2    6   0   3   2   2   0   3  21   1   3   0   0   0   0   8  47   1   0   0   1  0.56 0.27
  394 E     0  -1   0   3  -3   0   2  -1  -1  -3  -4   2  -3  -4   2   2   1  -4  -3  -3    6   0   4  18   0   1  14   2   1   1   0  15   0   0   8  20   7   0   0   0  0.37 0.18
  395 K     1   0   1   2  -3  -1   0   3  -2  -3  -3   0  -2  -3   1   1   0  -4  -3  -1   12   3   8  14   0   0   5  22   0   0   1   7   0   0   5  13   3   0   0   5  0.26 0.13
  396 Y     2  -1   0   1  -2  -1  -1   0   1   0  -1   0   0  -1  -2   0   0  -2  -1   1   23   1   3   9   0   2   1   7   5   7   1   6   3   3   1   7   6   0   2  13  0.07 0.08
  397 P    -1  -3  -3  -3  -3  -2  -2  -3  -3  -2  -3  -1  -3  -4   6   2   0   2  -3   0    3   0   0   0   0   0   1   1   0   1   1   4   0   0  50  22   4   3   0   8  1.08 0.33
  398 C    -3  -6  -5  -6  11  -5  -6  -5   0  -4  -4  -5  -4  -1  -1  -4  -4  -5  -4  -4    0   0   0   0  88   0   0   0   3   0   0   0   0   3   3   0   0   0   0   0  3.00 0.67
  399 Q    -1   0  -1   0  -3   1   0  -2  -1  -1  -3   1  -2  -3  -2   3   3  -3   2  -2    1   3   1   4   0   6   6   0   1   3   1   7   0   0   0  31  26   0   8   0  0.40 0.23
  400 G    -3  -3   5   5  -5   0   1   3  -2  -5  -6  -2  -5  -5  -4  -2  -3  -6  -5  -5    0   0  30  37   0   3   8  23   0   0   0   0   0   0   0   0   0   0   0   0  1.03 0.36
  401 I    -3  -5  -5  -6  -4  -5  -5  -5  -5   5   0  -5   0   3  -5  -4  -3   7  -1   2    0   0   0   0   0   0   0   0   0  48   3   0   2  15   0   0   0  17   1  15  1.13 0.37
  402 V    -1  -1   0  -1   1   0   0  -3  -1   0  -2   0  -2  -2  -3   0   5  -4   0   1    2   3   3   1   3   3   7   0   2   4   2   6   0   1   0   6  45   0   4  10  0.39 0.24
  403 L    -2  -4  -4  -5  -3  -4  -4  -5  -4   3   2  -4   3   3  -4  -3   0   7   0   1    3   0   0   0   0   0   0   0   0  17  25   0   9  12   0   0   5  18   1   9  0.73 0.26
  404 E     0  -1  -1   2  -3   1   3  -1  -2  -3  -4   1  -3  -4  -2   3   1  -4  -3  -1    5   1   1  11   0   6  24   4   0   0   0   8   0   0   0  30   7   0   0   4  0.43 0.22
  405 N    -2  -2   5   5  -5  -1  -1   3  -2  -5  -5  -2  -4  -5  -4  -1  -3  -6  -5  -5    2   1  34  36   0   2   2  21   0   0   0   1   0   0   0   1   0   0   0   0  1.02 0.36
  406 V    -3  -5  -1  -5  -3  -4  -5  -5  -5   4  -1  -4   1   2  -5  -4  -2  -4  -2   5    0   0   3   0   0   0   0   0   0  29   0   0   4   9   0   0   0   0   1  54  0.96 0.36
  407 K     0  -1   3   3  -3   1   1  -2  -1  -4  -3   2  -3  -3  -3   2   0  -4  -3  -3    8   1  17  23   0   4   7   1   1   0   1  12   0   1   0  19   4   0   0   1  0.41 0.20
  408 I    -3  -4  -5  -5  -3  -4  -5  -5  -5   4   4  -4   2   0  -5  -4  -3  -4  -3   3    0   0   0   0   0   0   0   0   0  28  46   0   5   2   0   0   0   0   0  19  0.86 0.30
  409 K    -2   0  -2  -3  -3  -1   0  -3  -1  -3  -3   2  -3  -3  -3   1   4   6   0  -1    0   5   0   0   0   1   7   0   1   0   1  17   0   0   0  11  38  13   3   4  0.63 0.30
  410 G     0  -2  -1  -2  -4  -2  -3   4  -3  -4  -4   0  -4  -5   4   1   1  -5  -4  -4    7   1   2   1   0   0   0  39   0   0   0   6   0   0  19  13  11   0   0   0  0.71 0.28
  411 G     1  -2   0  -1  -3   0   1   3  -3  -3  -4  -1  -3  -4   3   0  -2  -4  -4  -1   16   0   4   2   0   4  12  30   0   0   0   4   0   0  15   5   0   0   0   7  0.44 0.21
  412 T     0  -1   0  -1  -3   0   1  -2  -1  -3  -3   2  -3  -3   0   3   2  -4   0  -2    4   1   2   2   0   3  10   1   1   1   0  17   0   0   5  30  17   0   3   3  0.36 0.22
  413 A     1  -2   0  -1  -3  -2  -2   3  -1  -3  -3   0  -1  -2  -1   0   1   4  -1   0   13   0   5   3   0   0   0  30   2   0   0   9   2   1   3   7  11   6   2   7  0.30 0.17
  414 S     0  -2  -1   3  -3   1   0  -3   0  -1  -2  -1  -2  -3  -3   3   3  -4  -2  -1    5   0   1  16   0   7   6   0   2   3   3   2   0   0   0  30  20   0   1   4  0.36 0.22
  415 C     0  -4  -3  -1   8  -3  -2   0  -4  -1  -4  -3  -3  -4  -2   3   0   2  -2  -3    8   0   0   3  37   0   1   6   0   3   0   1   0   0   1  32   4   3   1   0  0.94 0.36
  416 K    -1  -1   1   1   0   1   2  -3  -2  -2  -3   3   1  -4  -1   1   1   1  -3  -2    3   0   6   9   3   6  15   0   0   1   1  27   4   0   3  10   8   3   0   1  0.30 0.18
  417 N    -3  -3   6   0   8  -3  -1  -3   0  -2  -4  -2  -4  -5  -4  -1  -1  -5  -4  -2    0   0  45   3  34   0   3   0   2   3   0   1   0   0   0   3   3   0   0   3  1.26 0.42
  418 A     2  -2  -2  -3  -1  -1   0  -2  -2   0   0   1  -1  -1  -3  -1   0  -3   1   3   24   0   1   0   1   1   8   1   0   3   8  12   0   2   0   2   5   0   6  27  0.19 0.17
  419 N    -3  -1   5   0   4  -1   0  -2   0  -4  -2   1  -3  -3  -4  -1   2  -4   1  -3    0   1  42   2  12   1   7   2   1   0   5   8   0   0   0   0  12   0   6   0  0.62 0.29
  420 V     1  -3  -3  -2   3  -3  -2   2  -3   0  -1  -3   0  -1   2  -2  -2  -4  -1   3   15   0   0   3   8   0   2  15   0   2   4   0   1   2   9   0   0   0   2  35  0.32 0.20
  421 K    -1  -1   2   0  -3  -1   1  -2  -2   0  -3   1  -2   0   4   0   0  -3   2  -2    3   1  12   5   0   0   8   2   0   7   0  12   0   5  23   6   6   0   9   1  0.33 0.16
  422 N     0  -2   2  -1  -2  -1  -1   1  -2  -1   0  -2  -1   0  -1   2   1  -3   0  -2    7   0  12   2   0   2   3  11   0   3  15   0   0   4   3  25  12   0   4   0  0.16 0.14
  423 Q     1  -1   1   1  -3   0   0   2  -2  -3  -2   0  -1  -3   0   2   1  -4  -3  -1    8   1   8   7   0   3   4  18   0   0   1   8   2   0   5  21   8   0   0   5  0.23 0.12
  424 G     2  -3  -1  -2  -3  -3  -1   5  -3  -2  -4  -3  -3  -4   0   0  -1  -4  -1  -2   18   0   1   1   0   0   3  54   0   2   0   0   0   0   5   7   2   0   2   3  0.73 0.26
  425 T     1   0   1   0  -2   0  -1  -1   0  -2  -2   1  -2  -3  -1   3   1  -4  -1   0   13   3   5   5   0   2   2   2   3   0   2  11   0   0   1  31   7   0   2  11  0.20 0.14
  426 V    -2  -3  -3  -1   8   1  -2  -4  -4   0   2  -3  -1  -3  -4  -1   0  -4  -3   2    0   0   0   3  35  10   2   0   0   4  20   0   0   0   0   2   8   0   0  16  0.70 0.27
  427 S     0  -2   3  -1  -3  -1  -2   3  -2   0  -2  -1  -2  -3   1   2   0  -3  -1  -1    5   0  17   0   0   2   0  30   0   9   2   3   0   0   6  17   2   0   2   4  0.30 0.13
  428 P    -2  -4  -4  -3  -4  -3  -3  -4  -4  -2  -1  -3  -2   3   7  -2   0  -4  -2   1    0   0   0   0   0   0   0   0   0   0   7   0   0  14  58   0   6   0   0  14  1.24 0.26
  429 K     0   0   1   1  -2   0   1  -2   1  -2  -1   1   0  -3   2   0   2  -3  -2   0    6   3   8   8   0   2   8   0   5   0   3   9   3   0  11   6  19   0   0   7  0.18 0.06
  430 C    -2  -5  -5  -5  11  -5  -6  -4  -5  -3  -3  -5  -3  -4  -5  -3  -3  -4  -4  -3    0   0   0   0 100   0   0   0   0   0   0   0   0   0   0   0   0   0   0   0  2.83 0.41
  431 S     0  -2   3  -1  -2  -1  -1  -2  -2  -2  -3  -1  -2  -3  -2   3   4  -4  -2  -2    0   0  17   0   0   0   0   0   0   0   0   0   0   0   0  37  46   0   0   0  0.57 0.13

                      K         Lambda
Standard Ungapped    0.1306     0.3129
Standard Gapped      0.0460     0.2670
PSI Ungapped         0.1502     0.3176
PSI Gapped           0.0460     0.2670
