
Last position-specific scoring matrix computed, weighted observed percentages rounded down, information per position, and relative weight of gapless real matches to pseudocounts
            A   R   N   D   C   Q   E   G   H   I   L   K   M   F   P   S   T   W   Y   V   A   R   N   D   C   Q   E   G   H   I   L   K   M   F   P   S   T   W   Y   V
    1 M    -3  -3  -4  -5  -3  -2  -4  -5  -4   1   0  -3   9  -2  -4  -3  -2  -3  -3   1    0   0   0   0   0   0   0   0   0   6   0   0  89   0   0   0   0   0   0   5  1.66 0.42
    2 E     4  -2  -2  -2  -2  -1   2   0  -2  -2  -3  -1  -2  -3  -2   2   0  -4  -3   0   47   0   0   0   0   0  18   5   0   0   0   0   0   0   0  19   6   0   0   6  0.44 0.19
    3 A     2  -3  -2  -3  -2  -2  -1  -2  -3   0   0  -2  -1   0   3   0   1  -3  -2   2   25   0   0   0   0   0   4   0   0   4  11   0   0   4  15   7   9   0   0  20  0.25 0.12
    4 K     1   1   3   0  -3   1   2  -2  -2  -3  -3   3  -2  -4  -2   0   2  -4  -3  -2   17   4  15   2   0   7  12   0   0   0   0  22   0   0   0   2  15   0   0   2  0.37 0.19
    5 L    -3  -5  -5  -5  -3  -4  -5  -5  -5   3   2  -4   3  -1  -5  -4   0  -5  -3   5    0   0   0   0   0   0   0   0   0  18  15   0   6   1   0   0   4   0   0  54  0.94 0.36
    6 E    -2   0   1   1  -1   1   3  -3   2   0  -3   1  -1  -4  -3  -1   3  -4  -3  -1    0   3   6   6   1   5  26   0   6   5   0  10   1   0   0   2  23   0   0   4  0.40 0.24
    7 V    -2   2  -3  -4  -3  -1  -3  -4  -4   4  -1   2   1   0  -4  -1  -1  -4  -3   4    0  11   0   0   0   2   0   0   0  29   1  13   3   3   0   6   2   0   0  30  0.49 0.27
    8 T    -2   0  -2  -4  -3  -1  -3  -4   2   4   2   0   1  -1  -4  -2   1  -4  -2   1    0   7   2   0   0   2   0   0   6  33  19   8   3   1   0   2  12   0   0   5  0.35 0.22
    9 G    -1   2   0   1  -4   2   3  -2  -2  -4  -3   0  -3  -5  -1   4   0  -5  -4  -4    3  10   3   5   0   8  20   2   0   0   2   5   0   0   2  38   3   0   0   0  0.52 0.28
   10 K    -2   2  -2  -2  -4   1   1  -3   0  -2  -2   3  -3  -4   0   3   1  -4  -3  -1    0  13   0   0   0   5   9   0   2   2   4  21   0   0   5  27   9   0   0   5  0.38 0.24
   11 E     0  -1  -1  -1   4   0   3  -1  -1  -3  -2   1  -2  -4  -3   1   2  -4  -2   0    4   3   1   2   9   1  28   3   2   0   2  10   0   0   0  10  13   0   1   9  0.30 0.20
   12 V    -1   0   0  -3  -3   1  -3  -4   2   1   2  -2   4  -1  -2  -1   1  -3  -2   1    4   5   5   0   0   7   0   0   5   6  23   0  18   2   1   2   8   0   0  12  0.27 0.19
   13 I    -3  -5  -6  -6  -4  -5  -5  -6  -6   4   1  -5  -1  -3  -5  -5  -3  -5  -4   6    0   0   0   0   0   0   0   0   0  25  11   0   0   0   0   0   0   0   0  64  1.34 0.47
   14 K     0   3  -1  -3  -4   0  -1   0  -1  -3  -2   4  -2  -4  -1   0   0  -4  -1   0    8  18   2   0   0   1   1   7   1   0   3  32   0   0   2   8   6   0   2   8  0.34 0.21
   15 P    -1  -6  -5  -5  -6  -5  -5  -6  -6  -6  -2  -4  -5  -7   8  -4  -1  -7  -6  -5    4   0   0   0   0   0   0   0   0   0   4   0   0   0  88   0   3   0   0   0  2.64 0.71
   16 A     4   0  -1  -3  -1  -1  -2  -2  -3  -2  -3  -2  -3  -5   2   3   0  -5  -4  -3   38   6   2   0   1   2   1   1   0   2   2   0   0   0  12  30   6   0   0   0  0.63 0.34
   17 S     1   1   1  -2  -3   0   1  -2  -1  -2  -2   1  -2  -3   2   2   0  -1  -2  -1   11   7   7   0   0   4   8   1   1   2   3   9   0   0  11  24   5   1   1   4  0.24 0.17
   18 P     2  -3  -3   0  -4   0   2   0   3  -4  -4  -3  -4  -5   6  -1  -3  -5  -4  -1   16   0   0   4   0   4  13   6   8   0   0   0   0   0  40   3   0   0   0   5  0.89 0.36
   19 S     0  -3  -3  -1  -1  -3  -1  -3  -4  -2  -2  -1  -3  -5  -4   2   6  -5  -4  -1    6   0   0   3   1   0   3   1   0   1   4   3   0   0   0  14  59   0   0   4  0.90 0.43
   20 P     1  -3  -1  -4  -4  -3  -3   0  -1  -5  -5   0  -4  -5   7   0   1  -1  -5  -3   12   1   3   0   0   0   0   9   1   0   0   5   0   0  51   7   8   1   0   1  1.15 0.42
   21 R     0   2   1   1  -1   1   1   1   2  -3  -3   1  -2  -3  -1   1   0  -4  -1  -2    7  12   7   6   1   8   8  10   5   1   2  10   0   0   2  11   7   0   2   2  0.19 0.11
   22 D    -1  -1   0   1  -4   3   4   0  -1  -3  -2   2  -3  -4  -2   0   0  -4  -3  -2    3   2   3   8   0  13  29   8   1   0   5  12   0   0   1   4   6   0   0   3  0.37 0.23
   23 R     0   1   0  -2  -3  -1  -1  -3  -2   0   0   1  -1   0   0   1   2  -3  -1   0    7   9   5   0   0   1   2   0   0   4   9  11   1   4   4  15  19   0   1   8  0.15 0.15
   24 L    -3  -2  -4  -5  -3  -3  -4  -5   2   2   3   0  -1   2  -4  -3  -1  -3   3   1    0   2   0   0   0   0   0   0   6  14  33   7   0   9   0   1   3   0  13  12  0.48 0.26
   25 Q    -2  -2   1  -1  -5   2   0  -4   2  -4  -2   0  -4  -2   5   0  -2   5  -2  -4    2   1   7   2   0  11   7   0   5   0   4   6   0   2  35   6   2   9   1   0  0.78 0.34
   26 L    -5  -5  -2  -6  -4  -5  -6  -7  -6   0   6  -5   0  -3  -2  -4  -4  -5  -4  -2    0   0   3   0   0   0   0   0   0   2  90   0   1   0   2   1   0   0   0   0  1.61 0.61
   27 S    -1  -4  -1  -4  -4  -3  -4  -4  -4  -5  -5  -3  -4  -6  -2   6   5  -6  -5  -4    3   0   2   0   0   0   0   0   0   0   0   0   0   0   2  61  31   0   0   0  1.38 0.62
   28 I     0  -3   1   0  -4  -3  -2   0   1  -1  -1  -2  -1   2   4  -1   0   3   1   0    6   0  10   6   0   0   1   7   3   3   4   1   1  12  23   2   5   4   4   7  0.32 0.20
   29 L    -4  -5  -3  -6  -4  -5  -5  -6  -5   2   4  -5   1   5  -5  -5  -2   2  -2   1    0   0   1   0   0   0   0   0   0  11  45   0   3  26   0   0   2   3   0   9  0.92 0.39
   30 D    -6  -6  -2   8  -7  -4  -2  -5  -5  -7  -7  -5  -7  -2  -5  -4  -5  -8  -7  -7    0   0   0  98   0   0   0   0   0   0   0   0   0   2   0   0   0   0   0   0  2.74 0.87
   31 L    -3   2   0  -1  -4   4  -1  -4   5   0   2   0   0  -1  -4  -3  -3  -4   0  -3    1  13   4   3   0  19   1   0  16   5  27   4   1   3   0   0   0   0   2   0  0.49 0.31
   32 Y     1  -1   0  -1  -1   1  -1  -2   0   1   0  -1  -1  -2   0   0   0   0   1   1   14   2   4   4   1   8   2   2   2   9  11   2   0   0   5   6   6   1   8  12  0.05 0.09
   33 C     0  -1   1  -3   0  -2  -3   0  -1   2   0  -3   2   0   0  -1   0   6  -1   0    8   3   9   0   2   2   0   7   1  15   5   0   7   4   4   3   7  14   1   7  0.26 0.19
   34 P    -1   0  -3  -2  -2  -2  -2  -3  -1  -1   2   0   0   1   4   0  -1  -3   1  -2    4   5   0   2   1   1   1   1   1   2  21   7   3   6  26  10   4   0   5   1  0.36 0.22
   35 G    -1   3   0   2  -3   0   0  -2   1  -2   0   1  -2  -1   1  -1  -1   1   0  -2    5  19   3  12   0   4   3   3   5   1  14   8   0   2   8   4   3   2   4   2  0.15 0.14
   36 I    -1  -1  -1  -3   2  -2  -3   0   3   1   1  -2   1   4  -3   0   0   0   1   0    4   3   2   0   6   0   0   6   8   7  13   1   3  21   0   6   8   1   2   8  0.19 0.16
   37 Y    -4  -2   0  -5   0   1  -4  -3   6  -1  -2  -4   0   0   1  -4  -4  -2   7  -4    0   1   4   0   2   6   0   2  18   3   3   0   3   2   6   0   0   0  48   0  1.27 0.53
   38 V    -2  -3  -2  -4  -3  -3  -4  -5  -1   4   1  -3   2  -1  -4  -2   2  -4   1   4    2   1   2   0   0   0   0   0   1  22   9   1   7   2   0   2  12   0   5  33  0.52 0.29
   39 S     0   2   0  -2  -4   0   0   1  -1  -4  -3   1  -3  -2   5   1   0  -5  -3  -4    7  13   4   1   0   4   7   9   1   0   2   7   0   2  27  11   5   0   0   0  0.47 0.25
   40 T     1   1  -1  -2   1  -1  -2  -3  -1   1   0  -1   1   0  -3   1   1   1   1   1   11   9   2   1   4   3   0   0   1   7   9   2   4   4   0  14  11   3   5  10  0.10 0.12
   41 I     0  -4  -2  -4  -3  -3  -4  -1  -4   3   2  -4   0   0  -4   0  -2  -4   0   4    7   0   2   0   0   0   0   4   0  18  19   0   1   4   0   8   0   0   3  33  0.42 0.25
   42 F    -4  -4  -5  -5  -4  -2  -2  -5   2  -1   3  -4  -1   5  -5  -4  -2   1   5  -3    0   0   0   0   0   2   3   0   6   1  35   0   1  23   0   0   2   1  25   0  0.95 0.41
   43 F     0  -4  -3  -5  -2  -4  -4  -5  -1   2   0  -2  -2   6  -5  -2  -1  -2   3   1    9   0   1   0   1   0   0   0   1  12   6   2   0  42   0   3   4   0   8  10  0.75 0.35
   44 Y    -3  -3  -5  -6  -5  -5  -5  -6  -2  -2  -3  -3  -1   6  -6  -5  -5   4   8  -4    2   1   0   0   0   0   0   0   0   2   0   2   1  32   0   0   0   5  53   0  1.89 0.64
   45 D    -3   3   1   1  -4   1   2  -3   3  -4  -4   2  -3  -1   4   0  -2  -4  -3  -4    0  17   5   7   0   5  12   0   9   0   1  15   0   3  19   5   0   0   0   0  0.54 0.27
   46 L     1   0   2  -2  -1  -1  -2   0   2   0   0   0  -1   0   1   0   0  -3  -2   0   12   7  11   0   1   2   0   7   7   6  10   7   0   6   6   8   5   0   0   7  0.06 0.10
   47 I     1  -1   1   0  -4  -2  -2  -3   1  -1  -2  -1  -3  -2   5   1   2  -5  -3  -1   14   4   6   5   0   1   1   1   3   3   3   3   0   1  29   8  13   0   0   4  0.48 0.26
   48 T     1   0  -1   2  -1   0   1   1  -2  -2  -1   0  -2  -3   1   1   0  -3  -2  -2   14   6   1  13   2   2  12  10   0   2   7   3   0   0   8  11   5   0   1   1  0.16 0.12
   49 E     0   1   0   2  -3  -1   0   0   2  -4  -3   1  -2  -4   3   3   0  -4  -3  -3    6   7   2  15   0   1   5   6   5   0   2   9   1   0  14  24   4   0   0   0  0.35 0.21
   50 S     1  -1   2   2  -3  -2   0   1  -2  -2  -3  -1  -3   1   1   2   0  -4  -2  -1   12   3   9  11   0   0   5   8   0   2   0   3   0   7   7  23   4   0   0   4  0.22 0.18
   51 S     0   2   3   0  -3   0  -1   0  -2  -3  -2  -1  -1  -1   1   3   1  -4  -3  -2    7  11  15   3   0   3   3   7   0   0   3   0   2   2   8  24   9   0   0   2  0.28 0.21
   52 E     1  -1   1   4  -3   1   2  -2  -2  -3  -2   0  -2   0  -2   1   0  -3   0  -1   11   3   5  25   0   6  12   2   0   0   2   3   1   5   1   9   7   0   4   3  0.26 0.18
   53 V     0   0   0   2  -3   0   0  -1   1  -1  -1   0  -1   2   1   0   1  -2  -1  -1   10   5   2  16   0   4   4   3   4   3   7   4   0  14   5   7   8   0   1   2  0.11 0.10
   54 F     1  -2  -2   1   0  -2  -2  -2  -3   1  -1  -2  -2   2   3  -1   0  -3  -2   2   12   2   0   8   2   0   1   2   0  11   3   1   0  12  18   5   6   0   0  16  0.27 0.18
   55 S     1  -1  -2  -2  -2  -1  -2  -1   1   1   0  -1  -1   1  -1   0  -1  -3  -1   3   13   4   1   2   0   3   1   4   3   7   6   2   0   7   3  10   0   0   1  31  0.16 0.17
   56 E     0   0   1   2  -3   1   2  -2   0  -4  -4   2  -1  -4   2   2   0  -4  -3  -3    9   4   7  10   0   5  13   2   2   0   0  13   2   0   9  20   4   0   0   0  0.34 0.21
   57 N     0   1   2  -1  -3   0  -1  -1   4   0  -1   1  -2  -1  -3  -1   0  -4  -2   1    9   9  13   3   0   5   1   4  12   3   7   9   0   2   0   3   5   0   0  15  0.15 0.15
   58 L    -4  -5  -6  -6  -4  -5  -6  -6  -6   4   5  -5   1  -2  -6  -5  -2  -5  -4   0    0   0   0   0   0   0   0   0   0  22  69   0   3   0   0   0   2   0   0   5  1.29 0.50
   59 K    -3   4  -3  -3  -5   3   2  -4  -3  -3  -4   5  -1  -5  -4  -1  -3  -5  -4  -5    0  21   0   0   0  11  15   0   0   1   1  45   2   0   0   3   0   0   0   0  1.03 0.46
   60 L     1   2   0   2  -3   1   2  -1   0  -3  -2   1  -1  -2  -3   0   0  -4  -3  -2   14  10   2  13   0   7  17   4   3   0   2  11   1   2   0   6   5   0   0   1  0.26 0.17
   61 S     3  -4  -3  -3  -4  -3  -3   4  -4  -5  -5  -3  -4  -5  -2   4  -1  -5  -5  -4   28   0   0   0   0   0   0  31   0   0   0   0   0   0   2  36   2   0   0   0  0.96 0.45
   62 L    -4  -5  -6  -6  -4  -5  -5  -6  -5   0   6  -5   1  -2  -5  -5  -4  -4  -4  -1    0   0   0   0   0   0   0   0   0   3  90   0   2   0   0   0   0   0   0   2  1.60 0.58
   63 S     3  -3   0  -1  -3  -1   0  -1  -3  -4  -4  -1  -3  -1  -3   4  -1   1  -1  -3   26   0   5   2   0   2   6   4   0   0   0   2   0   3   0  43   2   2   2   0  0.61 0.37
   64 E     1   3  -2  -1  -4   1   2  -2  -2  -1   0   3  -1  -4  -3   0  -1  -4  -3  -1   13  17   0   3   0   7  14   3   0   3   8  21   2   0   0   6   1   0   0   3  0.29 0.21
   65 T     3  -3  -1  -3  -2  -3  -3  -3  -3   0   0  -3  -2  -3  -3   0   3  -4  -3   3   31   0   2   0   0   0   1   1   0   3   8   0   0   0   0   5  24   0   0  22  0.49 0.29
   66 L    -4  -2  -5  -6  -4  -4  -5  -6  -5   0   6  -4   1   1  -5  -3  -2  -4  -3  -2    0   3   0   0   0   0   0   0   0   3  80   0   2   6   0   2   3   0   0   0  1.25 0.50
   67 S    -1  -2  -1   0  -3   2  -2  -2  -3   1  -2   0  -2  -3  -3   1   0  -4  -1   4    4   1   2   7   0  11   1   2   0   8   1   5   0   0   0  12   6   0   2  37  0.31 0.25
   68 R    -2   1   0   0  -4   1   1  -3   6  -2  -2   0  -3   0   2   0  -1  -3   3  -1    1   8   3   5   0   6   8   0  21   1   4   6   0   4  10   6   2   0  10   5  0.37 0.23
   69 F    -4  -5  -2  -6   0  -5  -5  -6  -2   2  -2  -3  -3   6  -6  -2  -4   1   7  -3    0   0   2   0   2   0   0   0   0  12   3   2   0  35   0   3   0   1  39   0  1.41 0.53
   70 Y    -3   0  -5  -5  -5  -4  -4  -5   0  -4   1  -4  -3   2   4  -2  -4  -2   7  -3    2   5   0   0   0   0   0   0   2   0  13   0   0   6  24   3   0   0  43   1  1.18 0.50
   71 P    -1  -4  -4  -2  -1  -1  -1  -5   2  -1  -3  -2  -4   0   7  -4  -4   3  -4  -4    4   0   0   2   2   3   4   0   5   4   2   2   0   5  62   0   0   4   0   0  1.53 0.55
   72 L    -2  -5  -5  -6  -4  -4  -5  -6  -4   1   4  -5   3   4  -5  -4  -2   1   1   1    2   0   0   0   0   0   0   0   0   5  48   0   8  22   0   0   2   2   4   8  0.86 0.38
   73 A     5  -3  -3  -2  -3  -3  -3  -1  -4  -2  -2  -1  -3  -4  -1   1   0  -4  -4  -2   63   0   0   2   0   0   0   3   0   2   3   3   0   0   3  11   6   0   0   2  0.83 0.41
   74 G    -2  -5  -3  -4  -1  -4  -5   7  -5  -6  -6  -4  -5  -5  -5  -3  -4  -5  -5  -5    2   0   0   0   2   0   0  91   0   0   1   0   0   0   0   0   0   0   0   0  2.11 0.65
   75 R    -3   7   0  -3  -5   1  -2  -4   2  -5  -4   3  -4  -5  -4  -1  -2  -5  -4  -5    0  58   4   0   0   4   0   0   6   0   1  19   0   0   0   4   2   0   0   0  1.26 0.49
   76 I    -3  -2  -5  -6  -4  -4  -5  -6  -5   3   4  -3   2   2  -2  -4  -3  -4   0   2    0   2   0   0   0   0   0   0   0  21  49   1   4   7   2   0   0   0   3  12  0.79 0.36
   77 E    -1   3   2   1  -4   0   0   2  -2  -3  -4   1  -3  -4   1   0   0  -4  -4  -1    3  21  12   7   0   3   5  18   0   1   0   8   0   0   6   5   8   0   0   5  0.31 0.20
   78 G    -1   3   1   0  -4   0   0   1   0  -2  -2   2   0  -3  -3  -1  -1   3   1  -2    2  20   9   5   0   3   6  11   3   2   2  17   3   0   0   3   2   4   5   3  0.26 0.18
   79 L    -2   2  -2  -1  -3  -2   0  -4   0   0   2  -2   1   0   2  -1  -1  -3   0   0    1  14   1   4   0   0   6   0   3   6  27   0   4   5  10   5   3   0   4   8  0.18 0.16
   80 S     0  -1  -1  -1   2   1   2  -1   1  -2  -2  -1   0  -2  -2   1   1  -3   2   1    7   2   2   2   4   7  20   4   3   0   3   3   2   0   1  11   7   0  10  11  0.16 0.16
   81 I    -2  -1  -4  -2  -3  -2  -4  -5  -4   5   1  -4  -1  -1  -4  -4  -3  -4   1   4    2   4   0   3   0   1   0   0   0  37   9   0   0   1   0   0   0   0   5  35  0.77 0.36
   82 S    -2   1   1   4  -4  -1   2  -3   2  -2  -2   0  -3  -4   1   1   0  -4  -2  -1    2   8   4  29   0   0  11   0   6   1   4   6   0   0   6  10   4   0   2   5  0.37 0.23
   83 C     0  -5  -5  -3  10  -5  -3  -2  -5  -2   0  -5  -4  -5   0  -4  -2  -5  -1  -1    6   0   0   1  63   0   2   3   0   2   8   0   0   0   6   0   3   0   2   3  1.88 0.61
   84 N    -1  -2   5   2  -4  -2  -1   0  -1  -4  -4  -1  -4  -5  -4   1   3  -5  -4  -4    4   1  35  10   0   0   3   8   1   0   1   2   0   0   0  10  24   0   0   0  0.71 0.37
   85 D    -1  -3   3   5  -5  -2   1   4  -1  -5  -5  -1  -4  -5   0  -1  -2  -5  -5  -5    5   0  13  32   0   0   7  29   1   0   0   3   0   0   4   3   2   0   0   0  0.76 0.34
   86 E    -1  -2  -1   2   1   1   5  -2   0  -4  -3  -1  -3  -5  -1   1   0  -5  -4  -2    5   1   1  12   3   6  39   2   2   0   2   3   0   0   3  13   5   0   0   3  0.53 0.31
   87 G    -1  -5  -1  -2  -5  -4  -5   7  -5  -2  -6  -2  -5  -6  -5   1  -3  -6  -6  -4    4   0   2   2   0   0   0  76   0   4   0   2   0   0   0   9   1   0   0   1  1.51 0.55
   88 A     2  -4  -2  -5  -3  -4  -4  -4   0   3   1  -4  -2  -3  -4  -3   0  -5  -3   5   23   0   2   0   0   0   0   0   2  13  13   0   0   0   0   0   5   0   0  41  0.66 0.36
   89 V    -2   2  -2  -2  -3  -2   1  -1  -1   1   0  -1   0  -2   2   0   0   2   0   1    0  13   1   1   0   0  10   6   1  10  12   1   2   0  12   6   4   4   3  13  0.14 0.14
   90 F    -4  -5  -5  -6  -4  -5  -5  -6  -4   0   1  -5   0   7  -2  -5  -4   4   2   2    0   0   0   0   0   0   0   0   0   4  13   0   2  54   2   0   0   5   6  14  1.26 0.47
   91 T     0  -4  -4  -4  -3  -4  -3  -4  -4   3   1  -2  -1  -1  -1  -1   1  -4   1   5    6   0   0   0   0   0   1   0   0  14   9   2   0   1   2   5  11   0   5  44  0.54 0.31
   92 E     0  -3   0   0  -5   0   6  -4   2  -2  -4   0  -4  -5  -4  -3  -1  -5  -4   1    7   0   4   2   0   2  60   0   5   2   0   3   0   0   0   0   4   0   0  10  0.96 0.46
   93 A     5  -4  -4  -4  -3  -3  -1  -1   0  -3  -4  -2  -3  -1  -4   1  -1  -5  -4   1   60   0   0   0   0   0   4   4   2   0   0   2   0   3   0  11   3   0   0  10  0.82 0.43
   94 R     0   3   0   3  -2   1   2  -3   2  -4  -4  -1   0  -4  -3  -1   1  -4  -1  -2   10  20   3  17   1   5  17   0   5   0   0   1   3   0   0   2  10   0   2   3  0.39 0.25
   95 T     3  -3  -3  -3   1  -1  -1  -3  -1   1  -1  -1   0  -1  -2   2   1  -4  -3   1   33   0   0   0   3   3   3   0   2   8   4   2   3   3   2  17   7   0   0  10  0.30 0.23
   96 D    -2   0   3   5   0  -1   0   0   1  -5  -5  -2  -4  -5   2   0  -1  -6  -4  -3    2   4  16  38   2   1   5   7   3   0   0   2   0   0   9   5   2   0   0   2  0.68 0.33
   97 L     0  -3  -1  -1   5  -3  -2   1   2   1   0  -3   0   2  -1   0  -1  -3  -2   2    8   0   4   3  13   0   1  10   6   6   7   0   3   9   2   5   3   0   0  19  0.19 0.17
   98 L     0   1   0   2  -1   0   0  -2  -2  -3  -1   0  -2  -2   2   1   2  -4  -1  -1    7   9   2  14   1   4   6   1   0   0   5   4   0   1   9  13  17   0   3   5  0.21 0.17
   99 L    -3  -4  -2  -3  -4  -2  -4  -5  -2   2   4  -2   5   0  -5  -2  -1  -4   1   1    0   0   2   1   0   1   0   0   1  10  44   2  15   3   0   2   4   0   4   9  0.63 0.33
  100 P     1  -3  -1   2   0   0   2  -1   1  -2   0  -1  -3  -4   0   3  -1  -5  -3  -2   10   0   2  15   3   2  16   3   4   1  11   3   0   0   5  23   1   0   0   2  0.27 0.22
  101 D    -1  -1  -1   5  -4   2   2  -3  -1  -3  -4   0  -4  -5   0   1   0  -5  -4  -3    3   2   1  40   0   8  14   0   1   1   1   4   0   0   5  11   5   0   0   2  0.70 0.33
  102 F     0  -3  -3  -1  -3  -3  -1   0  -3   1   2  -2   0   4  -1  -1  -2   2   0   1    7   0   0   5   0   0   3   8   0   7  22   1   1  22   3   5   0   3   2  11  0.25 0.19
  103 L     0   0  -1  -2  -3  -2  -2   2  -1   1   2   0   2  -1  -1   0  -1   0   0   0    7   5   2   2   0   0   1  17   1   8  22   7   6   1   2   5   1   1   4   6  0.10 0.11
  104 R     0   1  -1   2  -1   0   2   0   2  -2  -2   0  -1  -4   3   0  -1  -4  -3  -3    7   7   1  15   1   3  13   7   7   3   4   6   2   0  13   8   2   0   0   0  0.25 0.16
  105 N     0  -1   2  -1  -1   0   0  -1   1  -2   0   0  -1   3   2  -2   0  -3   0  -2    9   1  14   3   1   3   7   3   5   0  13   5   1  15   9   0   7   0   2   1  0.14 0.15
  106 L     0   2  -1   1  -3  -2   0  -3  -1   0   0   0  -1  -2   3   0   0  -4  -3   0    8  12   2   9   0   0   4   0   1   6  13   6   1   1  18   7   5   0   0   7  0.22 0.15
  107 N    -1  -2   0   4  -4   0   0  -2  -3  -2  -1  -2  -3  -2   4   1  -1  -5  -1  -1    3   2   3  23   0   3   4   2   0   1   8   1   0   2  23  14   3   0   2   5  0.46 0.26
  108 T     1   0   0   0   3  -2  -1  -3   0   0  -1  -2   0   0   1   1   3  -3  -1  -1   10   5   3   6   6   0   4   0   2   5   6   0   3   4   6  10  24   0   2   2  0.18 0.17
  109 D    -1   1   0   3  -4   0   0  -3  -1  -1  -2   0   0  -4   4   1   0  -4  -2  -3    5  10   5  19   0   3   6   0   1   4   4   5   3   0  19  11   4   0   2   0  0.36 0.21
  110 S    -2  -2   0   3   1   0   3  -2   2  -3  -3   0  -3  -1   0   1   0  -4  -3   0    2   1   3  18   4   3  21   1   6   0   1   5   0   3   5  11   6   0   0   9  0.31 0.22
  111 L    -2  -2  -4  -1   1  -3  -1  -5   0   1   4  -2   0   3  -4  -3  -1  -3  -2   1    3   2   0   4   3   0   5   0   2   4  47   3   1  14   0   0   3   0   0  10  0.49 0.28
  112 S    -2   2   1   2  -4   0   2  -2   3  -2   0   0  -2  -1  -3   1  -1  -3   1  -2    0  15   6  10   0   3  15   2   8   2   9   3   0   3   0  11   2   0   7   2  0.22 0.17
  113 G     0   1   0   1  -3   2   0   1   1  -2  -1  -1  -2  -2   3   0  -1  -4  -3  -2    7   8   5   8   0  11   6  11   3   1   9   2   0   2  15   6   3   0   0   2  0.19 0.12
  114 F    -1  -4  -4  -4  -3  -4  -4  -2  -3   0   4  -4   0   1  -1  -1  -1  -3   2   1    5   0   0   0   0   0   0   3   0   1  51   0   1   6   3   6   2   0   9  12  0.52 0.27
  115 L    -2  -3  -4  -4   1  -3  -4  -4   2   1   3  -1   1   2  -3  -3  -2   3   0   3    2   0   0   0   3   0   0   0   5   7  33   4   3   8   1   0   0   5   3  25  0.44 0.22
  116 P    -3  -2  -5  -4   2  -2  -1  -2  -4  -5  -5  -4  -5   0   8  -4  -4  -5   3  -5    1   3   0   0   4   1   4   4   0   0   0   0   0   5  67   0   0   0  10   0  1.78 0.55
  117 T     0  -1   0   2  -2   1   1   0   0  -3  -1   1  -2  -2   2   1   0  -1  -1  -1    4   1   2  15   1   8   8   5   3   0   6  10   0   1  10  14   5   1   1   5  0.18 0.12
  118 L    -1  -1  -2  -2   0   0   0  -2   3   0   2  -2   0   0   2  -2  -1  -3   0   2    4   4   2   2   2   4   5   2   9   3  21   0   2   5   9   2   2   0   2  20  0.14 0.13
  119 A     1  -1  -1   2  -3  -1   0  -1   1  -1  -2  -1  -1   1   4  -1  -1  -4  -1   0   11   3   2  11   0   2   5   4   4   4   3   2   1   6  26   3   2   0   1   8  0.34 0.17
  120 A     0  -3  -1   1  -3  -2   0   0  -1   0   0  -2  -1   2   1  -2   0   0   2   0   11   0   2  10   0   0   9   9   1   6  10   1   0  12   8   0   5   1   8   6  0.11 0.12
  121 G     0  -3   0   2  -1  -2  -1   1  -3   0  -1  -2  -1  -3   2   2   0  -4  -1  -1    9   0   3  16   1   0   2  12   0   7   5   1   1   0  12  19   6   0   3   2  0.24 0.16
  122 E     0   1  -1   2   0   0   1  -1   0  -2  -2   1   0  -2   2   1   0   0  -1  -1    8   7   1  12   2   2  10   4   2   2   1  10   4   2  11  11   4   2   2   3  0.15 0.10
  123 S     0  -1   1   3   0  -1   1   1  -1  -3  -2  -1  -3  -2   0   1   1  -4  -3  -1    7   1   7  22   3   0  11  13   1   0   2   3   0   2   4   9   9   0   0   5  0.25 0.15
  124 P    -1  -1   0   0  -2  -2   0   0  -2   2   1  -2  -1   0   2   0  -1   0   0   0    3   4   6   6   0   0   6   7   0  18  13   0   0   3  11   7   3   1   5   7  0.09 0.09
  125 A     1   0  -1   1  -3   0   2   0   0  -2   0   1  -1  -2  -1   1   0  -3  -1   0   13   6   0   8   0   3  14   7   3   0   9   9   0   0   2  10   3   0   3  10  0.09 0.09
  126 A     0  -1  -1   3  -1  -1   0   0  -2  -2  -2   0  -1   1   3   2   1  -4  -2  -1    5   3   2  18   1   1   5   6   0   1   3   4   1   7  14  17   9   0   0   4  0.23 0.15
  127 W     0   1  -2  -1   0   0   0  -1  -2   0   1   0   0   1  -1   0   0   3   1  -1    7  10   0   3   2   4   8   4   0   7  16   3   1   7   2  11   4   4   4   3  0.05 0.07
  128 P     0  -1  -4  -4  -5  -2  -1  -4   2  -2  -4  -1  -4  -6   7  -1  -4  -6  -5  -4    9   4   0   0   0   1   4   0   4   2   2   3   0   0  65   4   0   0   0   0  1.63 0.51
  129 L    -1  -4  -4  -5  -3   0  -4  -5  -4   2   4  -4  -1  -2   1  -3  -3  -4  -3   3    4   0   0   0   0   6   0   0   0  12  47   0   0   0   6   0   0   0   0  22  0.66 0.30
  130 L     0  -4  -5  -5  -3  -4  -4  -5  -4   2   4  -4   3   4  -4  -3  -1  -3  -2   2    8   0   0   0   0   0   0   0   0   9  40   0   7  18   0   0   3   0   0  14  0.64 0.28
  131 S     1   1  -1  -3   0   1  -2  -1  -2   0   1  -2   3  -1  -1   1   0   0   0   1   17   8   2   0   2   7   0   3   0   3  13   0  10   2   3  12   3   1   4  10  0.11 0.13
  132 V    -1  -4  -4  -2  -3  -4  -4  -5  -5   3   2  -4   2   2  -4  -2  -2  -4  -3   4    4   0   0   3   0   0   0   0   0  18  19   0   5   8   0   3   0   0   0  39  0.65 0.29
  133 K    -4   0  -3  -4  -6   8  -2  -5   4  -6  -6   1  -4  -6  -5  -4  -1  -5   0  -6    0   3   0   0   0  75   0   0   9   0   0   7   0   0   0   0   3   0   3   0  1.93 0.69
  134 V     1  -5  -5  -6  -3  -4  -5  -5  -5   3   2  -5   1  -3  -5  -4  -1  -5  -4   5   10   0   0   0   0   0   0   0   0  12  18   0   3   0   0   0   2   0   0  55  0.96 0.39
  135 T    -1  -4   3  -3  -4  -3  -3  -4   0  -1  -4  -3   0  -5  -4   1   6  -5  -4  -1    3   0  15   0   0   0   0   0   2   3   0   0   2   0   0   8  61   0   0   5  1.12 0.48
  136 F    -2   4   0  -3  -1   0   0  -4   2  -1   0   1   1   2  -3  -1   0  -3   1   0    2  29   4   0   1   2   5   0   5   4   7   6   4  11   0   2   7   0   6   6  0.28 0.19
  137 F    -3  -6  -6  -7  -5  -6  -6  -6  -1   0   2  -6   2   8  -6  -5  -5  -3   1  -1    2   0   0   0   0   0   0   0   1   4  15   0   5  68   0   0   0   0   2   2  1.69 0.54
  138 G     1   2  -1   1  -3  -1   0  -1  -2  -1  -3   3  -2  -3   0   1   2  -3  -3  -1   14  12   2  10   0   0   4   3   0   4   1  19   0   0   4   7  13   0   0   4  0.22 0.15
  139 S    -1  -3  -3  -3   9  -1  -2  -3  -3  -1  -3  -3  -3  -3   2   0  -1  -3  -3  -2    4   1   1   1  51   3   3   2   0   4   2   1   0   1  12   8   3   0   1   1  1.33 0.36
  140 G    -2  -1   2  -2  -3  -2   0   6  -2  -3  -3  -1  -3  -3  -3  -2  -2  -3  -3  -3    2   4   9   1   0   1   6  62   1   1   2   3   1   1   1   2   1   0   1   2  0.96 0.28
  141 S     0   0   0   3   0   1   0   1   0  -2  -2  -1  -1  -2  -1   1   0  -1  -1  -1    5   5   2  21   2   6   4  12   2   3   5   3   1   2   3  16   3   1   2   3  0.16 0.06
  142 G     0  -5  -3  -4  -5  -5  -5   7  -5  -6  -6  -4  -5  -6  -5  -3  -4  -5  -6  -6    6   0   0   0   0   0   0  90   0   0   0   0   0   0   0   0   0   0   0   0  2.08 0.60
  143 V    -2  -4  -5  -5   1  -4  -5  -5  -4   2   2  -4  -1   4  -5  -3   1  -3  -1   3    2   0   0   0   3   0   0   0   0  13  23   0   0  23   0   0   9   0   1  26  0.67 0.30
  144 A     2  -4  -4  -4   3  -4  -4  -2  -4   3   0  -4   0   1  -4   1  -1  -4  -3   3   16   0   0   0   6   0   0   3   0  20   6   0   1   5   0  11   2   0   0  28  0.43 0.25
  145 V    -3  -5  -6  -6  -4  -5  -5  -6  -5   5   4  -5   2   0  -5  -5  -3  -4  -3   3    0   0   0   0   0   0   0   0   0  31  41   0   4   4   0   0   0   0   0  20  1.00 0.37
  146 S     2  -4  -1  -1   2  -4  -4   5  -1  -4  -5  -4  -4  -2  -4   0   0  -5  -4  -1   15   0   2   2   5   0   0  54   2   0   0   0   0   2   0   8   6   0   0   4  0.90 0.36
  147 V    -1  -4  -3  -5  -3  -4  -4  -5  -4   2   2  -4   3   4  -4  -3   0  -3  -2   3    4   0   1   0   0   0   0   0   0  13  20   0   9  20   0   1   6   0   0  26  0.59 0.27
  148 S     1   1   1  -1   3  -1  -2   1  -1  -1  -3  -2  -3  -4  -3   2   2  -4  -2   0   15  10   6   3   7   1   0   9   2   3   0   0   0   0   0  19  18   0   1   6  0.29 0.21
  149 V     0  -3   0  -4  -1  -2  -3  -1  -3   1   1  -3   2   3  -4  -1   1   5   1   1    9   0   4   0   1   2   0   4   0  10  11   0   6  14   0   3  11  11   4  10  0.31 0.18
  150 S    -1  -3   4  -3   1   2  -2  -3   7  -4  -2  -3  -4  -4   0   2  -1  -5  -3  -3    6   0  22   0   3   9   1   0  27   0   5   0   0   0   5  19   2   0   0   2  0.76 0.37
  151 H    -6  -4  -1  -5  -7  -4  -4  -6  11  -8  -7  -5  -6  -5  -6  -3  -6  -7  -2  -7    0   0   3   0   0   0   0   0  95   0   0   0   0   0   0   2   0   0   0   0  3.57 0.93
  152 K     1  -2   1  -3   4  -1  -2   0   2   0  -2   0  -1  -1  -3   1   2  -4  -1   0   13   1   7   0  11   2   0   6   7   7   0   6   2   3   0  11  16   0   2   5  0.21 0.17
  153 I     0  -5  -5  -5   1  -4  -5  -5  -5   3   1  -4   4  -3  -5  -2  -3  -5  -4   5    9   0   0   0   3   0   0   0   0  20   9   0  12   0   0   3   0   0   0  44  0.83 0.36
  154 C     3  -4  -3  -4   4  -3  -3   0  -4  -1   0  -3   2   3  -4   1   0  -3  -2   0   31   0   0   0  11   0   0   7   0   2   7   0   6  14   0  10   5   0   0   8  0.40 0.25
  155 D    -6  -5  -2   8  -7  -4  -2  -5  -5  -7  -8  -5  -7  -8  -5  -4  -5  -8  -7  -7    0   0   0 100   0   0   0   0   0   0   0   0   0   0   0   0   0   0   0   0  2.83 0.81
  156 I     4  -3  -4  -4  -4  -4  -4   6  -5  -2  -4  -4   0  -5  -3  -2  -3  -5  -5   0   31   1   0   0   0   0   0  54   0   2   0   0   3   0   1   0   0   0   0   8  1.12 0.44
  157 A     0   1  -1  -3  -1   0  -2  -1   1   0   0   0   2   1   0  -1   2  -3   0   0    8   7   1   0   1   5   0   3   3   5  10   8   7   9   4   2  16   0   3   7  0.08 0.10
  158 S     0  -5  -3  -4  -1  -4  -4   5  -5  -6  -6  -4  -5  -6  -5   4   2  -6  -6  -5    8   0   0   0   1   0   0  48   0   0   0   0   0   0   0  30  13   0   0   0  1.21 0.57
  159 L     3  -3  -4  -4  -3  -1  -4  -2  -1   2   2  -3   4   1  -4  -2   1   0  -1   0   26   1   0   0   0   2   0   3   2  14  18   0  12   5   0   1   9   1   2   3  0.38 0.28
  160 V     2  -3  -2  -2  -3  -1  -1   1  -3   0   0  -3   2   2  -3   2  -1   2  -1   0   20   0   1   1   0   2   3  11   0   4   8   0   6   9   0  20   2   3   1   8  0.22 0.22
  161 T    -1  -2   1   0  -1   3   0  -1   4  -2  -2   1   0  -3  -4   0   3  -4  -1  -2    5   0   7   4   1  18   5   5  13   1   5   7   2   1   0   4  19   0   2   3  0.33 0.27
  162 F    -1  -6  -7  -7  -6  -7  -7  -7  -5   2   0  -7   0   8  -7  -6  -5  -3  -1  -2    5   0   0   0   0   0   0   0   0  13   9   0   2  70   0   0   0   0   0   1  1.96 0.72
  163 V    -1  -5  -1  -5   0  -4  -5  -5  -2   4   3  -5   5   1  -5  -4  -2   1  -2   1    4   0   3   0   2   0   0   0   1  27  28   0  14   7   0   0   2   2   1  10  0.70 0.36
  164 K    -2   2   5   1  -5   0   0  -3   0  -2  -4   3  -2  -5  -4   0   0  -5  -4  -2    2  11  28   6   0   4   5   1   2   3   1  20   1   0   0   6   7   0   0   3  0.52 0.32
  165 D     4  -4  -1   0  -3  -3  -2  -1   2  -2   0  -3   0  -4  -4   2   1  -5   0  -3   37   0   3   7   0   0   2   4   5   1  11   0   3   0   0  15  11   0   3   0  0.42 0.32
  166 W    -6  -7  -8  -8  -6  -6  -7  -7  -7  -1   2  -7   0   0  -8  -7  -6  11  -3   1    0   0   0   0   0   0   0   0   0   4  19   0   2   4   0   0   0  62   0  10  2.82 0.92
  167 A     5  -4  -2  -2  -1  -4  -4   3  -4  -4  -5  -4  -2  -5  -4   2   0  -5  -5  -2   55   0   1   2   1   0   0  19   0   0   0   0   1   0   0  13   6   0   0   2  0.95 0.49
  168 T     1   2  -2   1  -4   1   3  -2   1  -3  -3   1  -1  -4  -3   2  -1   0  -2  -4   11  13   0   7   0   6  23   2   4   2   1   9   2   0   0  15   2   2   1   0  0.38 0.27
  169 T     1  -3   0  -2   2  -3  -2  -2  -1   2   2  -3   2   0  -3  -1   1  -3  -1   0   16   0   6   2   5   0   2   2   1  16  19   0   7   3   0   3  12   0   1   3  0.22 0.19
  170 T     3  -4  -1  -4   7  -4  -4  -4  -4  -1  -1  -2   4  -2  -4   0   1  -5  -4   1   25   0   4   0  23   0   0   0   0   2   4   2  11   2   0   5  10   0   0  10  0.71 0.39
  171 A     2   6  -3  -4   3   0  -2  -2   0  -5  -5   3  -4  -6  -4  -1  -2  -6  -5  -5   16  48   0   0   5   3   1   3   3   0   0  14   0   0   0   4   2   0   0   0  1.03 0.50
  172 K    -1   2   1   0  -4   0  -1   4   2  -3  -4   0  -4  -2  -4  -1   0  -4  -2  -3    3  11   6   4   0   5   4  40   6   2   0   5   0   2   0   3   6   0   1   1  0.51 0.29
  173 G     0  -3   1   0  -4  -2   1   4  -1  -2   0  -2   0  -4   1   0  -2  -4  -4  -2    9   0   7   5   0   1  10  34   1   1  10   1   3   0   7   5   0   0   0   3  0.37 0.24
  174 K     0   0  -2   0  -3   1   2   0  -1  -2   0   1  -1  -3   2   0   0   0  -3  -2    9   4   0   5   0   8  17   6   1   2  11   9   1   0  12   9   4   1   0   2  0.20 0.17
  175 S     2  -1  -1   2  -3  -1   0  -2  -3  -1  -2   0  -2   0   2   2  -1  -4  -3  -1   21   3   2  11   0   1   7   1   0   4   2   7   1   4  12  16   2   0   0   4  0.24 0.20
  176 N    -1  -1   1  -1  -4   0  -1  -1   0   0  -1   0  -1  -3   4   0   0   0  -1  -2    5   2   8   3   0   4   3   5   2   8   7   7   1   0  25   8   7   2   2   2  0.31 0.20
  177 S     0   0  -1   1  -4  -2   1   0  -3  -3  -1  -2  -3  -3   4   2   1  -5  -4  -2    7   4   3   8   0   0   8   5   0   0   7   1   0   1  23  19  10   0   0   3  0.41 0.26
  178 T    -1   0  -2  -2   2  -1  -1  -2  -1   1   1   1  -1  -2   1   1   1  -4  -3   1    2   5   0   2   4   1   3   2   1  10  13   8   0   1   8  12  12   0   0  14  0.14 0.15
  179 I    -1  -2  -1  -2  -4   0  -1  -3  -4   0   2  -1   0  -1   5  -2   0   0  -3   0    3   2   3   2   0   4   4   2   0   4  24   3   2   2  27   1   7   1   0   8  0.42 0.26
  180 E    -1  -2  -2   0  -1   0   1  -4  -1  -2  -1  -3  -3  -2   6   1  -1   1  -4  -1    4   2   1   4   1   5   9   0   2   2   7   0   0   1  39  13   2   2   0   5  0.73 0.37
  181 F    -2  -1   0  -4  -4  -2  -3  -2   1   2   0  -3  -2   4  -3  -2  -3   1   1   3    3   5   5   0   0   1   2   3   4  10   9   0   0  24   1   3   0   2   3  25  0.39 0.27
  182 A     0  -1   0   2  -4  -1   0  -1   0   0   0  -2  -2   2  -1  -1  -2   7   1  -1    7   3   3  15   0   2   5   4   3   7  12   1   0   8   4   3   2  15   3   4  0.31 0.21
  183 E    -1   2   0   4  -2   0   2  -3   2  -1  -1  -1  -3  -4   0  -1  -1  -1  -4  -4    6  14   3  30   1   4  11   1   5   4   7   2   0   0   4   4   3   1   0   0  0.42 0.28
  184 T     0   6  -2  -2  -5  -2   0  -3  -3  -4  -2   0  -4  -3   0   0   2  -5  -4  -2    7  44   1   1   0   0   6   2   0   0   5   4   0   1   5   5  15   0   0   3  0.71 0.41
  185 T    -1  -1  -2   1  -3   0   2   0   1  -1  -1  -1  -1  -3   0   2   1   0  -1  -1    3   3   0   7   0   2  14   8   5   3   8   3   1   0   3  22  12   1   2   4  0.17 0.18
  186 I     0  -1  -2  -4  -3  -1  -2  -3  -2   2   3  -2   0   2  -3  -1  -2  -3  -1   2    8   3   2   0   0   3   2   1   1  14  31   2   2  11   1   4   0   0   1  13  0.30 0.21
  187 Y     0  -1   0  -3  -3   0  -1  -2   1   1   1  -1   0   3   0  -2  -1  -2   1   1    8   4   6   0   0   6   3   3   5  10  16   2   1  13   4   0   2   0   5  12  0.12 0.14
  188 P    -2   2   1   0  -6   0  -3  -3  -1  -3  -4   1  -5  -6   6  -1  -2  -6  -3  -2    2  10   8   6   0   5   0   1   2   1   1   8   0   0  46   3   2   0   1   4  1.03 0.47
  189 P    -1   0   1   2  -5  -3   0  -2  -4  -4  -1  -1  -4  -5   5   0   0  -5   0  -2    4   6   6  15   0   0   6   3   0   0   7   2   0   0  35   7   5   0   3   3  0.66 0.35
  190 P     0  -1   0   0  -4   1   1  -3  -3  -3  -2   1   0  -3   5  -1   0  -5  -4  -4    9   3   4   6   0   7   8   1   0   1   5   8   3   1  32   4   7   0   0   0  0.56 0.31
  191 P    -2  -1   0   3  -5  -2   0  -3  -4   1  -2  -2  -2   0   6  -1  -2  -5  -4  -1    2   4   6  15   0   1   6   1   0   9   3   1   1   5  38   4   2   0   0   3  0.72 0.36
  192 S     1   1   0   1  -3   1   1   0   1  -1  -1   1   0  -3  -1   1   1  -3  -1  -1   14   7   4  10   0   5   9   6   3   2   4   8   3   0   1   9   8   0   2   3  0.11 0.10
  193 H    -1  -1   0  -1  -1  -1   0  -3   3   1   0   0   1   2   1   0  -1   0   0   0    5   1   4   2   1   1   7   0  11  10  11   7   3   9   8   6   1   1   3   7  0.10 0.11
  194 M     0   1  -1   2   0   0   0  -2  -1   0   1   1   2  -3   1   0  -1  -4  -3  -1    9   7   1  13   2   3   4   2   2   7  14  11   7   0   7   5   3   0   0   4  0.10 0.11
  195 Y     0  -3  -1  -3  -1  -2   0  -3   6   1  -1  -2  -3   1  -1  -1  -1   1   4   0    6   0   2   0   1   1   7   2  24   8   5   1   0   7   3   5   4   2  14   7  0.44 0.29
  196 E    -1   1   0   1  -3   0   1   0   1  -1  -1   0   0  -2  -1   1   0  -3   1   0    3  10   4  10   0   2  11   8   4   3   5   5   3   1   2  12   4   0   6   8  0.08 0.10
  197 Q    -1   0   1  -2  -5   3   3  -2   6  -5  -2   1  -3  -2   2  -2  -1  -5  -1  -4    5   3   7   1   0  14  19   3  19   0   4  10   0   1   9   0   3   0   1   0  0.55 0.33
  198 F     0  -1  -2  -1  -3  -1  -2  -1   1   1   0  -2  -2   4   1  -2  -1  -2   3   0    7   3   1   3   0   2   2   4   3   8   9   2   0  26   8   1   4   0   9   8  0.27 0.20
  199 P    -2   0  -1   1  -5   1   2  -2  -3  -4  -3   1   2  -3   5   0  -2  -5  -1  -4    2   6   3   7   0   5  17   2   0   0   2   8   6   1  29   7   2   0   2   0  0.60 0.34
  200 S    -1   0  -1   1  -4  -1   1  -1   0  -1   0  -1   0  -2   4   1   0  -4   1  -2    3   4   2   8   0   1  10   5   2   3  12   2   2   2  20  12   4   0   5   1  0.24 0.19
  201 T     1  -1   0  -2   0   0   0  -2  -2   0   0   0  -1   0   1   1   2  -3  -1   1   10   1   4   0   2   3   6   2   0   3  10   5   1   4   8   9  16   0   2  13  0.11 0.13
  202 D     0   0  -1   1  -4   0   0   1   2  -3  -2   1  -1  -2   4   0   1  -4  -2  -2    6   4   2   9   0   3   4  10   5   1   5  10   1   2  21   5   9   0   1   1  0.28 0.18
  203 S     1  -1   0   1   1   0   1   1   0  -2  -2   0  -2  -4   2   2  -1   0  -3  -3   13   3   5   8   3   2  12  10   2   2   3   5   1   0   9  19   1   2   0   0  0.23 0.19
  204 D     0  -1  -1   2  -1  -1   0  -1   0   0   0  -1  -1   1   2   0   0  -1   0   0    6   4   2  16   1   2   5   4   2   5  12   1   1   6   9   9   6   1   3   5  0.08 0.09
  205 S    -1  -1  -2   0  -4   1   0   0   0  -2  -3   1  -3  -2   4   1   0   5  -1  -2    4   3   1   4   0   5   7   6   2   2   2  11   0   1  18  15   6   9   2   2  0.35 0.23
  206 N     0  -1   2  -1  -3  -1   2   1   1   0   0  -1  -1  -2   1   0   0   0  -1   1    5   2  13   1   0   0  15  10   4   5   9   1   1   1   6   7   4   2   3  12  0.10 0.13
  207 I     1   0  -1  -1  -3  -1  -1  -3  -3   1   1  -1  -1  -1   3   0   1  -4  -3   1   11   5   2   3   0   2   2   0   0   9  15   4   1   2  17   4  13   0   0   9  0.22 0.16
  208 T     0   0  -1   1  -3  -1  -1   0  -1  -1  -1   0  -2  -1   4   0   1  -3   0  -1    7   7   2   8   0   1   4   6   1   4   6   4   0   2  23   6  10   0   4   5  0.27 0.17
  209 S    -1  -2   2   2   2   0   2   0  -1  -3  -2  -1  -3  -4   3   1   1  -4  -3  -2    5   0  10  15   4   4  13   6   1   0   3   1   0   0  14  10  10   0   0   3  0.32 0.21
  210 K    -1   1   2   3  -4  -1   1  -1  -2  -4  -2   3  -3  -3   1   0   0  -4  -4  -3    4   8  11  19   0   1   7   3   0   0   4  21   0   1   8   6   4   0   0   1  0.37 0.24
  211 Y    -1  -1  -1  -2   2  -2  -3  -3  -1   2   2   0   3   1  -1  -1   1  -3   1   1    2   4   3   1   5   0   0   1   1  14  19   5  10   6   2   4   9   0   5   8  0.17 0.16
  212 V     1  -1  -2  -4  -3  -1   0  -3  -4   1  -1   1  -2  -2   0  -1   0  -5  -3   4   11   2   2   0   0   2   6   1   0   6   4   9   0   1   4   4   6   0   0  42  0.39 0.29
  213 L    -1   2  -1  -1  -3   1   0  -3   2   0   0  -2   1  -2  -3   2   2   2   0   0    2  14   2   2   0   5   4   0   5   4   8   0   5   1   0  17  14   3   4   8  0.20 0.21
  214 K     1   2   0   0  -1   0   1  -1   2  -2  -3   2  -2  -2  -1   0   0   3  -1  -1   11  13   4   4   1   2   8   3   5   3   1  17   0   1   2   6   6   5   2   5  0.17 0.15
  215 R    -1   3  -1  -3  -1  -2  -3  -2   0   1   0   0   3  -2  -2   2   3  -4   1  -2    2  16   2   0   1   0   0   3   2   8   8   6   8   1   1  14  21   0   6   1  0.27 0.26
  216 F    -1  -6  -6  -7  -5  -6  -6  -6  -5   2   1  -6   1   7  -6  -4  -3   0   2   0    6   0   0   0   0   0   0   0   0  10  10   0   4  57   0   1   1   1   5   5  1.39 0.56
  217 V    -1   1   0   0   2  -1   0  -3   3   0   0   0  -1   0  -2   0   0   2   0   1    2   9   5   5   5   0   6   0   9   6   7   7   0   5   1   7   6   3   3  14  0.10 0.13
  218 F    -5  -6  -6  -7  -5  -6  -6  -7  -5   3   3  -6   0   7  -6  -6  -4  -3   0   1    0   0   0   0   0   0   0   0   0  16  28   0   2  45   0   0   0   0   1   8  1.34 0.54
  219 E    -1   0   1   0   0  -3  -1  -1   1  -3  -5  -3  -4  -5   3   3   3  -5  -4  -4    2   6   7   5   2   0   3   5   3   1   0   0   0   0  14  28  23   0   0   0  0.57 0.38
  220 P     2   3  -1  -2  -4   0  -1  -2  -3  -4  -1   1  -1  -1   3   1  -1  -4  -3  -3   20  18   3   2   0   5   2   1   0   0   6  10   1   3  16   9   2   0   0   1  0.37 0.26
  221 S     0   0   1   2  -4   0   3  -2   1  -2  -3   0  -3  -3  -3   2   0   2  -3  -3    7   6   5  14   0   2  26   2   4   2   2   4   0   1   0  16   5   3   0   1  0.39 0.27
  222 K     0   0   0   2  -1   2   1  -3   0  -2  -3   3  -3   1  -3   0   1  -4   0  -2    9   3   4  12   1   9   8   0   3   1   2  22   0   7   0   5   9   0   3   2  0.25 0.21
  223 I    -2  -6  -6  -6  -4  -5  -6  -6  -6   6   3  -5   0  -3  -6  -5  -4  -5  -4   2    3   0   0   0   0   0   0   0   0  52  29   0   2   0   0   0   0   0   0  13  1.29 0.53
  224 A     1   0   3   1  -4   1   2   1  -1  -3  -3   1  -3  -4  -3   1   0  -5  -4  -2   13   5  15   8   0   4  13  10   1   1   3   8   0   0   0  10   7   0   0   2  0.27 0.20
  225 E     2   2  -1   0   0   0   1   0   0  -4  -3   3  -3  -4  -3   1   0  -4   0  -3   20  11   2   4   2   4   9   8   2   0   2  19   0   0   0   8   5   0   4   0  0.28 0.22
  226 L    -1  -6  -7  -7  -5  -5  -6  -7  -6   2   6  -6   1  -2  -6  -5  -4  -5  -4  -1    5   0   0   0   0   0   0   0   0  10  78   0   3   1   0   0   0   0   0   2  1.48 0.61
  227 K    -4   5  -2  -1  -6   0  -3  -5  -4  -6  -3   6  -1  -6  -5  -2  -4  -1  -5  -5    0  32   1   3   0   3   0   0   0   0   2  53   1   0   0   2   0   1   0   0  1.44 0.62
  228 H     2   1   0   1  -4   2   2  -2  -1  -2  -3   0  -3  -4  -1   1  -1  -4   0  -3   21   9   5   8   0   8  14   2   1   3   1   6   0   0   2  13   3   0   5   0  0.27 0.22
  229 K     1   2  -2  -2   1   3   0  -3   3  -2   0   3  -1  -3  -3   0  -1   1  -3  -2   11  13   0   2   3  15   4   0   7   1  10  20   1   1   0   5   3   2   0   3  0.30 0.24
  230 A     3  -4  -4  -5   4  -4  -4  -4  -4   0   1  -3   0   0  -4  -1   0  -4   1   3   32   0   0   0  10   0   0   0   0   4  14   1   2   3   0   4   5   0   5  20  0.49 0.32
  231 A     1  -1   1  -1  -3   0   0   0  -2  -3  -1   1   1  -1   3   0   1  -4  -3  -2   11   3   9   2   0   5   6   8   0   0   6   9   5   2  17   7  10   0   0   1  0.24 0.18
  232 S     2  -2   1   2  -3  -1   2   1   0  -3  -3   0  -3  -3  -1   2   1  -4  -3  -2   20   0   6  12   0   1  13  10   2   0   1   7   0   1   2  15   7   0   0   2  0.28 0.21
  233 E     0   1   2   1  -4   0   3   1   1  -3  -3   0   0  -2   0   0   0  -4   0  -3    8   7  11   6   0   3  22  12   4   1   0   3   3   1   4   5   4   0   3   1  0.24 0.18
  234 S     1   0   0  -1   3  -2  -1   2  -1  -3   0   0  -2  -1  -1   2   1   0  -3  -3   11   4   4   2   8   0   4  15   1   0  11   7   0   3   3  19   7   1   0   0  0.18 0.18
  235 V    -1   0   1   1   0   0   0   1   1  -1  -1   0  -2  -3   1   1   1  -3  -2   0    3   5   6   9   3   4   3  12   4   3   4   7   0   0   6  11   9   0   0  10  0.09 0.09
  236 P     0   1  -1   0  -3   1   2  -1   2  -1  -3   2  -2  -3   3   0   0  -4  -3  -2    7   7   2   5   0   6  13   5   6   3   2  14   0   0  15   8   5   0   0   2  0.27 0.17
  237 V    -1   3  -1  -1  -1  -1  -1  -3   0  -1  -1   0  -1   3   1   0   0   1   1   0    3  17   2   3   1   2   2   1   2   3   4   6   2  18   8   9   7   2   5   6  0.19 0.16
  238 P    -1  -2  -1  -2   5  -2  -3  -3  -3   1   1  -3  -1   1   2   0   0  -3   0   2    4   1   2   2  14   1   1   1   0   9  13   1   0   7  11   8   5   0   3  16  0.28 0.18
  239 T    -2  -4  -3  -4  -5  -4  -4  -4   0  -5  -6  -4  -5  -6  -2   6   4  -6  -5  -5    2   0   0   0   0   0   0   0   2   0   0   0   0   0   2  67  26   0   0   0  1.58 0.73
  240 R     0   3  -3  -2  -4  -3   0  -2  -4  -2  -3  -2  -4  -5  -4   3   5  -5  -4   0    5  16   0   2   0   0   6   2   0   2   2   1   0   0   0  23  36   0   0   5  0.66 0.43
  241 V    -4  -5   2   0  -5  -1  -4  -3  -4  -1  -2  -5  -3   7  -5  -1  -4  -3   2   2    0   0  10   6   0   3   0   2   0   2   3   0   0  46   0   6   0   0   7  15  0.97 0.47
  242 E    -2   0  -3   5  -6   2   5  -5  -3  -5  -5  -3  -5  -6  -4  -2   0  -6  -5   0    2   5   0  32   0   9  37   0   0   0   0   0   0   0   0   2   5   0   0   7  1.00 0.50
  243 A     2  -5  -5  -5   2  -4  -5  -4  -5   3   0  -4   1  -2  -4  -2  -1  -5  -4   4   21   0   0   0   5   0   0   0   0  19   8   0   3   1   0   1   3   0   0  38  0.75 0.39
  244 I     0  -5  -5  -6  -4  -5  -5  -5  -5   2   4  -5  -1  -3  -5  -3   0  -5  -4   4    7   0   0   0   0   0   0   0   0   9  42   0   0   0   0   1   6   0   0  33  0.88 0.43
  245 M     2  -4  -2  -4   2  -2  -3  -3  -4   0   0  -3   0  -2  -4   1   4  -4   1   1   17   0   2   0   5   2   0   1   0   4  10   0   3   1   0  12  27   0   5  12  0.38 0.29
  246 S     6  -5  -5  -5  -4  -4  -5   2  -5  -5  -5  -4  -5  -6  -5   1  -4  -6  -6  -4   73   0   0   0   0   0   0  16   0   0   0   0   0   0   0  11   0   0   0   0  1.53 0.69
  247 L    -2  -4  -4  -5   0  -3  -4  -5   6   0   2   0  -1   4  -5  -4  -4   1   4   0    3   0   0   0   2   0   0   0  19   3  25   5   1  16   0   0   0   2  14   7  0.71 0.37
  248 I     0  -4  -5  -5   2  -4  -5  -5  -5   4   3  -4   2   0  -4  -4  -1  -4  -3   3    9   0   0   0   4   0   0   0   0  25  25   0   4   3   0   0   3   0   0  24  0.67 0.33
  249 W    -2  -7  -8  -8  -7  -7  -7  -7  -2  -4  -4  -7  -6  -4  -8  -1  -1  12  -3  -4    4   0   0   0   0   0   0   0   1   1   2   0   0   0   0   4   5  81   0   2  3.78 1.16
  250 R    -3   5  -3  -2  -1   3  -2  -5  -3  -1  -1   4  -3  -5  -4  -1   1   2  -4  -2    1  30   0   1   1  11   0   0   0   4   6  26   0   0   0   4  10   3   0   3  0.69 0.40
  251 C     2  -4  -4  -4   9  -2  -4  -3   1  -4  -4  -2  -1  -5  -4   3  -1  -5  -4  -2   16   0   0   0  40   1   0   2   3   0   1   2   2   0   0  23   4   0   0   3  1.29 0.53
  252 A     1   4  -3  -4  -3  -2  -2  -2  -3   2   0  -2   3   0  -3  -2  -1  -3   0   1   14  26   0   0   0   0   2   2   0  12   6   1  10   4   0   1   3   0   4  13  0.37 0.26
  253 R     0  -2   0  -3   4  -2  -2  -3  -3   2  -2  -3   2  -3  -3   0   4  -4  -3   2    6   2   5   1   8   2   2   2   0  15   1   1   5   0   1   7  27   0   0  15  0.39 0.26
  254 N    -3   4  -1  -1  -4   0  -2  -3   0  -1   0   4   1  -4  -3  -2   0  -4  -3  -2    1  27   2   4   0   3   1   1   2   4   8  31   4   0   1   1   7   0   0   2  0.59 0.32
  255 S     4  -2  -3  -3   0  -3  -3  -3  -1  -1   0  -3   1  -3  -3   2   0  -4   0   2   38   2   0   0   2   0   1   1   2   3   7   0   3   0   0  18   4   0   3  13  0.43 0.29
  256 S     0   4  -2  -2  -1   0  -1  -1  -2  -1   1   1   0   0  -3   0   0  -3  -2  -1    8  26   0   2   1   4   2   5   0   3  16   8   2   3   1   8   7   0   0   3  0.22 0.18
  257 R     2   2  -1  -1  -3   0  -1   1   3  -1  -1   0   0  -2   0   0  -1  -3   0  -1   20  13   3   2   0   4   2  10   9   3   5   6   3   1   4   6   2   0   4   4  0.14 0.13
  258 S     2   2  -2  -1  -3   0   1   0  -1  -3  -1   0  -2  -2   2   1   0  -3  -1  -2   19  16   1   4   0   3   8   7   1   1   9   3   0   2   9  10   7   0   2   1  0.18 0.15
  259 N    -2   2   2   2  -4   0   0   3  -2  -3  -2   0  -3  -3  -1   0   0  -4  -3  -2    2  11  10  13   0   5   6  25   0   0   4   6   0   1   3   7   4   0   0   3  0.30 0.20
  260 L     0  -1  -2  -1  -3   1  -1   0   0   0   2   0   0  -1   2  -1  -1  -3   0  -1   10   3   1   3   0   7   2   7   2   4  25   5   2   2  11   5   2   0   4   4  0.10 0.12
  261 L    -1   0   1   0  -1  -1   1   1  -2   0   1   0  -2  -2   2   1   1  -4  -3  -2    2   5   8   6   2   0   9  12   0   5  15   4   0   1  10  10  10   0   0   1  0.13 0.14
  262 I     0   1   1   0  -3   1   0  -1   0  -2  -2   1  -1  -3   3   0   1  -4  -2  -1    5   9   9   3   0   7   7   5   3   2   3  10   1   0  14   5  11   0   1   4  0.21 0.14
  263 P    -2  -3  -1   3   1  -1   1  -2   2  -1  -2  -1  -3  -2   5   0   0  -4  -3  -2    2   0   3  19   3   2   7   3   5   5   3   4   0   2  27   8   5   0   0   2  0.50 0.26
  264 R    -1   2   1   1  -4   3   3  -2   0  -2  -2   0  -1  -3  -1  -1   0  -3  -2  -2    6  11   6   8   0  16  23   2   2   2   4   5   2   0   2   3   5   0   2   3  0.31 0.20
  265 Q     0   0   0   0  -1   0   2   0  -2  -2  -2   1  -1  -2   2   0   1  -3  -2  -1    8   3   3   5   1   2  19   7   0   2   2   8   1   1  11   7  11   0   1   6  0.19 0.14
  266 A    -1  -1  -1  -2  -3  -3  -1  -3   0   2  -1  -3  -1   2  -4   2   2  -3   1   3    2   3   2   1   0   0   4   2   2  10   4   0   1   9   0  15  18   0   5  21  0.26 0.24
  267 V    -1   2   0  -1   0   0  -1  -2   1   0   0   2  -1  -2  -2   1   2  -4  -3   1    4  10   4   3   2   2   1   1   4   5   8  15   1   1   1  10  16   0   0  11  0.14 0.16
  268 M    -1   0  -3  -5   1  -4  -3  -5  -4   2   4  -4   3   2  -4  -3  -3  -4  -3   3    4   7   2   0   3   0   1   0   0  10  38   0   6   7   0   1   0   0   0  19  0.54 0.30
  269 W    -1   0  -1  -3   3  -1  -1   1   0   1   0  -2   2   2  -3  -1   0   0   1   0    5   7   3   0   7   1   4  11   2  12   9   0   6  12   0   5   6   1   5   4  0.10 0.13
  270 Q    -3   1   0  -3   1   1  -3  -4   2   2   0  -3   3   4  -2  -2  -1  -3   0   1    0   8   6   1   4   8   0   0   5  16   5   0   8  18   2   1   2   0   3  12  0.32 0.25
  271 A     5  -4  -2  -4   0  -4  -4  -3  -4   0  -4  -4   0  -1   3   0   0   0  -4  -1   50   0   1   0   2   0   0   1   0   5   0   0   3   3  16   7   5   1   0   4  0.75 0.43
  272 M     1  -4  -4  -5   2  -4  -4  -3  -4   2   0  -4   4  -1  -4  -2   0  -4  -1   5   11   0   0   0   4   0   0   1   0  10   7   0  13   3   0   1   5   0   2  42  0.66 0.35
  273 D    -5  -4   6   6  -6  -4  -3  -1  -4  -6  -6  -4  -6  -6  -5  -2  -2  -7  -6  -6    0   0  39  52   0   0   0   4   0   0   0   0   0   0   0   2   2   0   0   0  1.77 0.68
  274 I     1  -4  -4  -4   4  -3  -4   2  -4   1   2  -4   3   1  -4  -2   0  -3  -3   1   11   0   0   0  10   0   0  18   0   9  18   0   9   8   0   1   6   0   0   8  0.36 0.24
  275 R    -5   8  -4  -5  -1  -2  -4  -6  -4  -7  -6  -2  -5  -6  -6  -5  -5  -6  -6  -6    0  94   0   0   1   1   0   0   0   0   0   0   0   0   0   0   0   0   0   0  2.67 0.92
  276 L     0   1   1  -1  -3   1  -1   2   2  -3  -2   1  -3  -4   1   2   0  -4  -3  -3    8  10   8   3   0   6   2  15   6   0   4   9   0   0   6  16   6   0   0   0  0.24 0.18
  277 R    -2   7  -2  -4  -2   0  -3  -5   2  -3  -2   2  -4  -5  -3  -1  -4  -5  -2   0    2  56   1   0   1   3   0   0   5   1   4  11   0   0   1   5   0   0   1   7  1.08 0.50
  278 I    -2  -4  -5  -5  -4  -4  -5  -5  -5   1   4  -2   4   2  -5  -2   0   2  -3   0    4   0   0   0   0   0   0   0   0   8  48   3  13   9   0   3   5   3   0   4  0.73 0.38
  279 P    -2   0   3   3  -4   0   1   2   2  -4  -2   2  -3  -1   0   0  -2  -4  -3  -3    1   3  13  17   0   4   7  14   6   0   5  12   0   3   4   8   0   0   0   2  0.29 0.21
  280 S    -1  -3   1  -1  -4  -3  -1  -2  -3  -3  -1  -1  -3  -4   6   1   0  -4  -4  -2    5   1   7   2   0   1   4   3   0   1   6   3   0   1  46  10   6   0   0   3  0.93 0.39
  281 S    -1  -1  -1  -3  -4   1  -2  -3  -3  -4  -3   0  -3  -2   7   1  -2  -4  -4  -3    5   3   3   1   0   5   2   1   0   1   3   6   0   2  51  11   2   0   1   1  1.10 0.43
  282 V     0  -2  -2  -1  -2  -2   0  -3  -2   1   3  -1   0   1   2  -1  -1  -2  -2   1    6   2   1   4   0   1   5   2   1   6  33   3   1   5  10   5   1   0   1  12  0.20 0.14
  283 A     0  -1   0  -1   0   0   0  -1  -2   1   2  -1   1   0   0  -1   0   1  -1   0    6   2   4   4   2   5   6   5   1   6  27   2   4   4   5   4   6   2   1   5  0.06 0.06
  284 P    -4  -2  -2   0  -5  -4  -2  -3  -4  -5  -5  -1  -5  -5   8  -1  -4   0   1  -5    1   2   2   4   0   0   3   2   0   0   1   4   0   0  68   5   1   1   4   1  1.79 0.66
  285 K     0   1   0   1  -4   0   1  -1  -1  -3  -1   2  -1  -4   3   0   1  -4  -2  -2    6   7   4   9   0   4  11   3   1   0   7  15   1   0  15   6   9   0   1   2  0.25 0.18
  286 D    -1   0   3   1  -4  -3   0   5  -1  -5  -5  -3  -4  -5  -2   1   1  -5  -3  -4    4   5  13   8   0   0   7  40   1   0   0   0   0   0   2   9   8   0   1   0  0.63 0.34
  287 V     0  -5  -6  -6   2  -5  -6  -6  -3  -4  -1  -5  -4   4  -6  -3  -1  -2   8  -2    8   0   0   0   4   0   0   0   0   0   6   0   0  13   0   2   4   0  61   2  1.78 0.73
  288 I    -4  -5  -5  -6   3  -5  -5  -6  -4   0   1  -5   4   6  -6  -2  -1   0   5   0    0   0   0   0   6   0   0   0   0   5  12   0  13  31   0   3   5   1  18   6  0.97 0.47
  289 G    -4  -1  -4  -5  -7  -3  -6   7  -6  -7  -7  -5  -6  -2  -6  -4  -3   0  -6  -4    0   3   0   0   0   1   0  89   0   0   0   0   0   2   0   0   1   1   0   1  2.21 0.82
  290 N    -4  -5   9  -1  -7  -4  -5  -5   1  -8  -8  -5  -7  -7  -6  -1  -3  -8  -6  -7    1   0  88   2   0   0   0   0   3   0   0   0   0   0   0   5   1   0   0   0  2.58 0.97
  291 L     2  -4  -4  -5   5  -4  -3  -3  -4   1   2  -4   5  -1  -2  -1  -2  -4  -3   2   20   0   0   0  15   0   2   2   0   7  16   0  15   3   1   5   1   0   0  12  0.55 0.34
  292 Q     1  -3  -2  -1   1   0  -3  -4   0   3   0  -3   2   1  -2  -1   0  -4  -2   3   11   0   1   4   3   5   0   0   2  19   8   0   6   6   1   5   5   0   0  22  0.27 0.22
  293 S    -1  -3  -3  -3   1  -1  -2  -1   0   0   2  -2   2   3  -2   0   0  -2   1   1    5   0   0   0   4   2   2   5   2   4  19   2   5  15   1  10   6   0   5  14  0.18 0.17
  294 G     0  -1   1  -2  -3  -2  -3   1   1   1  -1  -2  -1  -2   3   0   1   4   0   0    8   3   8   1   0   0   0  10   3   8   6   0   1   0  13   5  13   6   4   9  0.20 0.18
  295 F     2  -3  -3  -2   2  -3  -3  -2  -3   1   0  -3   1   2   0   0   1  -3   1   2   18   0   0   1   4   0   0   3   0   7  10   0   5   8   5   8  10   0   4  16  0.21 0.20
  296 S     0   0  -3  -3   1  -2  -1  -2  -1   0  -2  -2   0   3   1   2   1   0   1   0    9   6   0   0   3   0   5   2   1   6   1   1   2  18   6  16   8   1   4   8  0.19 0.20
  297 L     2  -1  -1  -3   1  -3  -1  -3  -4   1   0  -2  -2  -3   1   0   2  -4  -2   2   21   3   2   0   3   0   3   0   0   7  10   2   0   0   8   5  14   0   1  20  0.27 0.24
  298 K     0   2  -2  -2  -3  -1  -1  -2  -1  -1  -2   1   1  -4   1   1   2   1  -3   1    7  14   0   2   0   1   4   2   2   4   2  11   4   0   6  11  17   2   0  11  0.21 0.21
  299 K     2   0  -2  -1  -3  -2   0  -1  -1   0   0  -1   0  -2  -3   1   2  -4  -1   2   19   5   0   4   0   0   5   5   1   3   8   3   2   1   0   9  14   0   2  19  0.15 0.18
  300 D     0   0   1   1  -3   0   0   0  -1  -2  -1   1   0  -4   2   0   3  -4  -3  -1    7   6   8   8   0   4   4   5   1   2   4   8   2   0   9   6  20   0   0   3  0.19 0.17
  301 A     2   0  -1  -1   0   0   0   0  -1   0   0  -1  -2  -1   0  -1   0  -4  -3   2   25   5   3   2   2   5   5   7   1   6   7   2   0   2   4   3   7   0   0  16  0.11 0.15
  302 E     0   1  -1   0   0   0   2   2   0  -1  -1   0  -2  -3  -2   0  -1  -4  -3   1    6   9   1   4   3   5  14  19   3   3   6   6   0   0   1   4   2   0   0  13  0.14 0.15
  303 S     2  -1  -1   4   0  -1   4  -2  -3  -3  -3  -1  -4  -2  -2  -1  -1   2  -4  -1   16   3   3  22   2   2  26   3   0   1   1   2   0   2   1   3   4   3   0   6  0.43 0.30
  304 E    -1  -2  -2   0  -4  -2   3  -4  -1  -2   3  -1   1   0  -4  -1   1  -4  -2  -2    6   2   1   6   0   0  23   0   1   1  33   4   3   4   0   5   9   0   1   1  0.35 0.29
  305 F     1  -1  -1  -2   0  -2   0  -1   0   1   1   0   0   0  -3   0   0  -3  -1   1   12   2   2   1   2   0   7   3   3   9  20   7   1   3   0   9   5   0   1  12  0.08 0.12
  306 E     0  -3   0   1  -1  -2   1   2  -3  -4  -3  -2  -2  -5   2   3   2   0  -4  -1    4   0   4   9   1   0  10  16   0   0   2   1   1   0  10  24  11   1   0   4  0.35 0.28
  307 I    -1  -1  -1  -2  -3  -1  -1  -1  -1   2   3   1   1   0  -1  -1  -1  -3  -1   1    3   3   2   1   0   1   4   6   1  12  31  10   4   3   2   4   1   0   2   8  0.15 0.15
  308 P     1  -3   0  -1  -4  -2   1   2   1  -3  -2  -1   0  -4   3   2   0  -2  -4  -2   14   0   4   2   0   0  10  17   4   1   3   4   2   0  15  16   6   1   0   2  0.33 0.24
  309 E     0   0   0   2  -1   0   3   0   3  -3  -1   0  -3   0   1  -1  -2  -4  -2  -3    8   6   2  14   1   3  19   8  10   0   7   6   0   5   6   3   1   0   1   1  0.24 0.20
  310 I     1  -4  -4  -4  -3  -3  -3   0  -1   2   2  -2  -1   2  -4  -2   0  -1  -1   2   14   0   0   0   0   0   1   7   1  12  26   1   0   8   0   2   7   1   1  17  0.30 0.23
  311 V     4  -4  -2  -4  -3  -4  -2  -2  -4   2  -1  -4   0  -2  -4  -2  -1   2  -1   4   33   0   2   0   0   0   3   2   0  11   5   0   2   1   0   2   2   3   2  32  0.58 0.37
  312 A     2   0   1  -1   0   0   0   2   0  -2   0   0   1   0  -3   0   0  -3  -1  -2   18   4   8   3   2   3   5  14   2   1  11   6   4   4   0   6   6   0   2   0  0.10 0.12
  313 T     2   1  -1  -2  -3   0   0  -1   0   0   1   1   1  -1  -1  -1   0  -3  -2   0   19   8   2   1   0   4   5   3   3   5  20   8   3   1   2   2   6   0   0   7  0.09 0.13
  314 F    -1  -5  -5  -5  -3  -4  -5  -5  -5   5   2  -4   3   1  -5  -2  -3  -4  -3   3    6   0   0   0   0   0   0   0   0  41  17   0   6   5   0   3   0   0   0  19  0.85 0.40
  315 R     0   6  -2  -2  -5   2   0  -1   1  -5  -2   2  -3  -4  -4  -1  -1   0  -1  -4    7  44   1   2   0   8   7   5   3   0   3  10   0   0   0   3   4   1   2   0  0.71 0.39
  316 K    -1   3   0   1  -4   1   3  -2  -2  -1  -1   3  -3  -4  -1   0  -1  -4  -3  -2    6  15   3   8   0   5  20   2   0   5   6  18   0   0   2   4   3   0   0   3  0.31 0.23
  317 N     4  -2   0  -1  -3  -2   1   0  -3  -1  -1   0  -3  -3  -3   2  -1  -4  -4   0   38   1   4   3   0   0  11   5   0   3   5   5   0   1   0  16   3   0   0   5  0.38 0.29
  318 K     0  -1  -1  -3  -3  -2  -3  -3  -4   1   2   4  -2  -3  -3   0  -1  -4  -3   2    7   2   3   0   0   0   0   1   0   8  20  28   0   0   0   5   4   0   0  19  0.38 0.29
  319 E     2   2   1   3  -1   0   2  -1  -1  -3  -3   1   0  -3  -3   0  -2  -4  -3  -2   21  13   7  16   1   4  12   3   1   0   2   9   3   1   0   4   0   0   0   3  0.30 0.23
  320 R     1   5  -1   0  -4   0   2  -1  -3  -4  -3   1   0  -4  -3   0   0  -1  -2  -3   15  31   2   4   0   3  12   3   0   0   2   8   3   0   0   7   7   1   1   0  0.44 0.29
  321 V     1  -2  -4  -3  -3  -2  -2  -3  -2   3   2  -2   3   0  -4  -3  -1  -3  -1   3   12   2   0   2   0   2   2   2   1  21  18   2   9   3   0   0   3   0   2  20  0.35 0.23
  322 N    -1   2   3   3  -1  -1  -2  -1  -1  -2  -2   1  -3  -2   1   0   1  -4  -2  -3    5  12  18  20   1   2   0   4   1   3   3   9   0   1   6   5   8   0   1   0  0.33 0.24
  323 E     0   0   0   3  -1   0   4   1  -3  -4  -3   0  -2  -5   0   0   0  -5  -4  -3    7   5   3  19   2   4  27  11   0   0   2   4   1   0   4   4   6   0   0   1  0.40 0.26
  324 M     0   0   0   0  -2   1   2   1   2  -2   0   0   1  -2  -2   0  -1   1  -2  -2    7   4   5   5   1   7  19  13   6   1   9   4   4   2   2   6   3   2   0   1  0.14 0.14
  325 I    -2  -4  -1   0   0  -3  -2  -2   1   2   0  -4   1   2  -4  -1   0  -2   6   1    3   0   2   7   2   0   3   2   3  14   7   0   4   8   0   4   5   0  28   8  0.45 0.29
  326 K     0   0  -1  -1   0   0   1  -3   0   1   0   2   0   0  -1   0   0  -3  -1   0    5   4   1   1   3   4  12   0   3  13   6  17   2   5   3   8   4   0   1   7  0.10 0.13
  327 E     0   4   0   2  -4   2   2  -2  -1  -4  -4   1  -1  -2  -3   0  -3  -4  -3  -3   10  27   4  10   0   8  17   3   1   0   1   9   1   2   0   5   0   0   0   2  0.47 0.29
  328 S     1  -1   0  -1  -3   0  -1  -1  -2  -1  -1  -1   2  -2  -3   3   0   4   1  -2   12   3   3   3   0   3   4   4   0   4   7   3   7   1   0  28   5   5   6   0  0.23 0.22
  329 L     1  -1  -3  -2   2  -1  -2  -2  -3   1   2  -1   0   2  -3  -1  -1  -2   1   1   17   3   0   1   4   3   1   2   0   9  21   5   1  10   0   3   2   0   5  11  0.16 0.15
  330 Q     1   0   0  -1  -1   0   1  -2   0   1   0   1   1  -2  -2   0   0  -3  -1   0   12   4   5   2   1   3  14   1   3  11  11   9   5   0   0   4   4   0   2   6  0.07 0.10
  331 G    -1   0   1   3  -3   0   1   1   0  -2  -2   1  -2  -2  -1   1   1  -3   0  -2    2   4   6  21   0   4   6  11   1   2   4  11   0   2   2  10   9   0   4   2  0.22 0.16
  332 N     0   0   0   1   0   0   0  -1   1   0  -1   0   0   2  -1  -1   0  -2   2   0    9   6   3   9   2   3   6   4   3   5   4   4   4  11   1   3   6   0   7  10  0.04 0.07
  333 T     1   0  -2   0  -2  -1  -1  -2   0   1   2   0   2  -2  -3  -1   1   2  -1  -1   13   5   1   8   0   2   3   3   3   7  22   5   7   0   1   1  13   3   1   2  0.14 0.16
  334 I     0  -1   0   1  -1   2   2   1   0  -1  -1  -1  -2   0   0  -1  -1  -2   1  -1   10   2   3   8   1  10  18  10   2   4   8   2   0   4   5   3   2   0   6   3  0.11 0.12
  335 G    -1   0   0  -2  -2   1  -1   2  -2   0   1   0   1  -2  -1   0  -1   2  -1   0    4   4   5   2   0   6   2  20   0   6  15   4   5   0   2   7   3   3   1   9  0.10 0.11
  336 Q    -1   1  -1  -1  -2   2   1  -1   1  -1   1   0   0  -1  -1   0   0   0   1   1    2   7   2   2   0  10  10   4   4   2  14   4   2   2   3  10   4   1   5  11  0.07 0.10
  337 S     0   0   0   3  -3   0   2   0  -2  -3  -2   0  -1  -2   3   0   0   0  -3  -1    7   6   3  17   0   2  17   6   0   1   3   5   1   1  14   4   4   1   0   6  0.28 0.18
  338 L    -2   1   0   3  -1   0   0  -1  -2  -1   0   0  -1   0   0  -1  -1   0   0   0    1   9   4  22   2   3   6   6   0   3  11   5   2   6   4   2   3   1   3   8  0.11 0.12
  339 L     1  -1  -2  -1  -2  -1   0   0  -2   2   1   0   0   0   0   0  -1   2   0   1   13   1   0   4   0   1   5   7   0  16  11   6   2   4   4   8   3   4   2   7  0.06 0.08
  340 S     0  -2   0   2  -3  -1   0  -1   1  -1  -1   1  -2  -1   1   2   1  -4  -3  -1    9   0   3  14   0   1   5   3   4   3   5  10   0   2   6  21   8   0   0   5  0.18 0.17
  341 L    -1   1  -1  -2  -3   1  -1  -2  -2   0   0   0   2  -1   0   0   1   0   2   1    5   7   2   1   0   6   3   2   0   4   9   8   8   1   4   6  12   1   9  12  0.09 0.13
  342 M     0   0  -1  -2  -2  -1  -1   0   0   0   1   0   2   0   0   0   0   3  -1   0   10   5   2   1   0   2   2   6   3   6  16   6   8   3   4   5   6   5   1   8  0.06 0.08
  343 A     2   0   0  -2  -2  -1  -1   0  -2   0   0   0   1  -1   1  -1  -1   0   1   1   20   5   5   0   0   2   3   7   0   6   9   7   5   2   6   2   1   1   6  10  0.07 0.11
  344 E    -1   1   0   2  -3   0   1  -2  -2   0   0   1   1  -1  -3   0   0   0   0   0    4   7   5  12   0   2  11   1   0   5   8  10   6   2   0   8   6   1   4   6  0.10 0.11
  345 T     0  -2   0   1  -3  -1  -1   3  -1  -2  -2  -1  -1  -3   1   0   2   1  -1  -1    8   1   3   8   0   2   3  26   1   2   4   3   1   0   6   6  14   2   2   6  0.23 0.17
  346 V    -1   0  -2  -2  -3   0  -1   1  -2   1   1  -1   1   2  -2   0  -2  -2   1   0    3   7   1   2   0   3   3  14   0  12  11   4   4  13   2   9   1   0   4   8  0.09 0.11
  347 S     1   1  -1   0   2  -1  -1  -1  -1   0  -2   0  -1  -2   1   1   1   0  -1   0   16   8   3   5   5   2   3   3   1   5   1   6   2   2   8  10   8   1   1   9  0.10 0.11
  348 E    -1   0   1   1  -3   0   2   0   3  -2  -2   0   1  -1   2   0  -1   0  -1  -1    3   3   5  10   0   4  14   8   9   3   4   6   4   2  10   6   3   1   1   3  0.15 0.12
  349 S    -1  -1   1   1  -1   0  -1  -2  -2  -2  -1   1   1   2   2   0   2   1   0  -1    2   2   8   7   2   3   3   3   0   2   3  10   6   9  11   8  15   2   2   4  0.15 0.15
  350 T     0  -1  -2   0  -2  -1  -2  -3  -1   1   1  -1   2   2   2   0   1  -2   1   0    6   2   0   5   0   2   2   1   2   9  14   3   6  11  11   5  10   0   5   5  0.14 0.12
  351 E    -1   0   1   2  -3   1   2  -1  -1  -2  -1   1  -1  -1  -2   0   1  -3  -2   0    4   6   9  13   0   7  13   4   0   1   8   9   2   4   1   5   8   0   1   7  0.13 0.11
  352 I    -1  -1  -2  -3   3  -2  -2  -3   1   1  -1   0   1  -1  -2   1   1  -2   3   2    2   2   1   1   6   1   1   1   4   8   5   6   3   2   2  13  10   0  11  21  0.21 0.18
  353 D    -1   0   2   4  -3  -1   2   0  -2  -3  -3  -1  -1  -4   3   1   0  -4  -3  -3    4   5   9  22   0   2  12   8   0   2   2   2   2   0  15   9   6   0   0   1  0.39 0.22
  354 R    -1  -1   3   0  -1  -1  -1   0   0  -1   0  -1  -1   0  -1   1   1  -2   0   0    5   3  21   5   1   2   1   9   2   4  11   2   0   4   3  10   8   0   3   6  0.11 0.11
  355 Y    -1  -2  -3  -4  -3  -3  -3  -2  -3   2   3  -2   0   3  -3  -1  -2   0   3   1    4   2   0   1   0   0   1   3   0  11  33   3   1  13   1   4   2   1  10  12  0.38 0.22
  356 I     0  -2  -1  -2  -1  -2  -1   1   0   1   1  -2   1   1  -1   0   1   2   1   1    6   2   3   0   1   0   4  13   3   7  12   1   5   7   2   8   8   4   5  10  0.07 0.09
  357 M    -2  -3  -3  -4   2  -2  -3  -3  -3   3   1  -3   1   3  -3   0   0  -3  -1   3    1   1   1   1   5   2   2   2   0  19   9   1   3  14   1   7   4   0   2  27  0.42 0.24
  358 S    -1  -3  -1   0  -3  -1  -2  -1  -3  -2  -2  -2  -3  -4  -3   5   3  -4  -3  -1    3   1   3   4   0   2   1   4   0   2   4   1   0   1   1  48  20   0   1   4  0.69 0.38
  359 S    -2  -3   2   4  -4  -3  -2   1  -3  -4  -5  -3  -4  -4  -3   5  -1  -5  -4  -4    1   1   9  24   0   0   1   8   0   1   1   1   0   0   1  47   3   0   0   1  0.95 0.47
  360 W    -4  -3  -5  -5  -4  -2  -4  -5  -4  -1   0  -4   2  -3  -5   0  -3  11  -2   0    1   1   1   1   0   2   1   1   0   3   9   1   5   0   1   8   2  55   0   8  2.13 0.70
  361 C     0   3  -1  -3   4  -1  -2  -2   0  -2   0  -1  -2  -3   1   1   2  -4  -3   0    7  16   2   0  10   1   1   3   3   1  12   3   0   0   6  13  16   0   0   6  0.26 0.22
  362 R    -3   5   2  -1  -5  -1  -1   0   3  -5  -3   3  -4  -5  -4  -3  -1   1  -3  -4    0  35   9   4   0   1   3   7   8   0   2  22   0   0   0   0   4   2   0   0  0.77 0.40
  363 K     0  -4  -4  -5  -3  -4  -3  -4  -4   2   3  -2   2   4  -4  -3  -1  -3  -2   1    9   0   0   0   0   0   2   1   0  14  33   2   5  23   0   0   3   0   0   7  0.60 0.32
  364 P    -2   1  -1   3  -5  -3  -2   5  -4  -6  -6  -1  -5  -6   4  -1  -4  -5  -5  -5    1   8   3  18   0   0   1  38   0   0   0   4   0   0  21   3   0   0   0   0  0.94 0.45
  365 F    -4  -5  -5  -6  -1  -2  -5  -6  -4   2   2  -5   3   6  -6  -3  -2  -3   0   1    0   0   0   0   1   2   0   0   0  10  22   0   8  39   0   1   2   0   2  11  0.99 0.46
  366 Y    -2  -3  -2  -1  -1  -2  -3   0   4  -5  -3  -5  -4   2  -6  -3  -5   1   8  -5    3   1   2   4   2   2   1   7  11   0   3   0   0   6   0   2   0   1  54   0  1.43 0.63
  367 E    -1  -3  -2   4  -1  -2   5   1  -4  -6  -6   0  -5  -6  -2  -2  -1  -1  -5  -5    5   0   1  24   1   0  46   9   0   0   0   4   0   0   2   2   4   1   0   0  0.98 0.50
  368 V     2  -4  -2  -4   0  -2  -4  -4  -4   1   2  -3   4  -3  -2  -2  -1  -4  -2   3   22   0   3   0   2   2   0   0   0   8  17   1  10   0   1   2   2   0   1  28  0.48 0.32
  369 D    -5  -5  -3   8  -7  -4  -1  -2  -5  -6  -7   0  -6  -7  -5  -4  -3  -7  -6  -6    0   0   0  85   0   0   3   3   0   0   0   5   0   0   0   0   2   0   0   0  2.25 0.83
  370 F    -6  -6  -7  -7  -6  -7  -7  -7  -5  -1  -2  -4  -4   9  -7  -6  -6   1   2  -1    0   0   0   0   0   0   0   0   0   4   2   2   0  82   0   0   0   1   5   3  2.45 0.85
  371 G    -3  -5  -1  -5  -6  -5  -5   7  -1  -6  -6  -5   1  -6  -5  -2  -5  -6  -6  -6    0   0   3   0   0   0   0  86   1   0   0   0   3   0   0   3   0   0   0   0  2.09 0.76
  372 S    -3  -4  -3  -6  -6  -5  -6   2  -5  -6  -2  -5  -5   0   0  -1   0  11  -1  -6    2   1   1   0   0   0   0  17   0   0   5   0   0   3   4   5   5  54   1   0  2.16 0.78
  373 G    -1  -5  -2  -3  -6  -5  -5   7  -5  -6  -6  -1  -6  -6  -5  -4  -5  -6  -6  -6    4   0   1   1   0   0   0  86   0   0   0   4   0   0   0   0   0   0   0   0  2.04 0.73
  374 S    -2   3  -1  -3  -2  -1   0  -2   1  -2  -4   5  -3  -2   2   1  -1  -5  -4  -2    1  17   3   0   1   1   6   3   3   3   0  37   0   2   9   9   2   0   0   2  0.59 0.35
  375 P     2  -2  -6  -5  -6  -5  -3  -5  -6  -6  -6  -5  -6  -7   8  -4  -3  -7  -6  -6   15   2   0   0   0   0   1   0   0   0   0   0   0   0  78   0   2   0   0   0  2.40 0.87
  376 V     1  -1  -1   1   3  -2   1  -2  -3   2  -1  -1  -1  -1  -3   0   0  -4  -3   3   10   3   3   8   6   0  10   3   0  14   5   3   1   2   0   6   4   0   0  23  0.17 0.17
  377 W     1   0   0  -2  -4  -2  -2  -2   2  -3  -2   1  -3   4  -4   1  -1   4   3  -2   11   6   5   1   0   0   1   3   4   0   2  12   0  18   0  12   3   6  13   3  0.36 0.26
  378 V     0  -4  -4  -5  -3  -2  -4   1  -4   1   1  -4   4   2  -4  -2  -1  -4  -1   4    6   0   0   0   0   1   0  10   0   6  10   0  14  10   0   3   3   0   1  35  0.53 0.33
  379 G    -2   3   0   0   2  -2   1   3  -3  -2  -2  -2  -1  -2  -3   0  -1  -4   0  -1    2  19   5   6   5   0   9  29   0   2   4   0   2   1   0   5   4   0   3   4  0.35 0.25
  380 Y    -1   0  -4  -4   1  -3  -3  -2  -3   2   0  -3   2  -2   5  -1   1  -4   1   1    3   6   0   0   3   0   0   3   0  11  11   0   7   1  26   4   9   0   6   9  0.46 0.28
  381 A     1  -4  -1  -4  -3  -2  -3   1  -4  -2   0  -3   1   0   3  -2   1   0  -1   3   12   0   3   0   0   2   0  13   0   0  11   0   3   3  17   0   9   1   2  23  0.35 0.27
  382 S     0   0   0   1   1   1  -2   0   0  -1  -2   0  -3  -4   2   2   2  -4  -1   0    5   4   3   9   4   9   0   6   2   3   2   5   0   0  10  19  12   0   2   7  0.20 0.19
  383 H    -1  -1   1   0  -3   2   0   0   3  -1  -1  -1  -1   0   2  -1  -1  -2   1   0    5   2   8   6   0  10   5   6  10   4   5   2   2   4  11   4   2   0   6  10  0.13 0.12
  384 T    -1   1   0   0   0   0  -1   2  -2   2  -1  -2   1   1   1   0  -1  -3   1  -1    2   9   5   5   2   3   2  15   0  16   5   0   5   6   7   7   3   0   5   1  0.09 0.13
  385 I     0  -1  -1   1  -1  -1   0  -1  -2   1   0  -1   1   0   3  -1  -2   0   0   0    8   2   1   9   1   2   7   6   0  14   8   3   4   4  15   4   0   2   5   5  0.13 0.12
  386 Y    -1  -2   1  -1  -3  -1  -1   0  -2   0  -1   0  -2   2   2  -1   0  -2   4  -1    3   1   9   2   0   1   4   8   0   7   7   6   0  12  10   4   7   0  15   3  0.18 0.17
  387 D    -2  -3   1   4  -5  -2   3   1   0  -1  -4  -1  -1  -5   1   2  -2  -5  -4  -4    1   0   6  23   0   0  19  13   3   6   1   2   2   0   8  15   1   0   0   0  0.47 0.32
  388 N     0   0   1   0  -3  -1   0   3  -1  -3  -2   0   0   1  -3   0  -2  -3   1  -1    7   6   9   4   0   2   5  28   1   0   3   7   3   8   0   7   0   0   4   4  0.23 0.18
  389 M    -1   0   0  -2  -3   0  -1   1   0   0   1   0   3   1  -2   0   1  -3  -2   0    1   4   3   1   0   5   4  10   3   4  13   6  13   7   1   8  10   0   0   5  0.09 0.13
  390 V     0   0   0  -2   1  -1  -1  -2  -2   1   0  -1   2  -1   1   1   0  -2   0   1    7   5   7   1   3   2   4   1   0   7  10   2   9   3   6  13   5   0   3  14  0.07 0.10
  391 G     1  -2  -1  -2   1  -2  -3   0  -2   2   0  -2   1   3  -3   0  -1  -2   3   1   11   2   3   2   4   0   1   7   0  12   9   1   4  12   1   8   1   0  14   9  0.18 0.15
  392 V    -1  -3  -4  -4   1  -1  -3  -4  -3   2   3  -3   2   1  -4  -2  -2  -3   2   3    5   0   0   0   4   3   1   1   0  12  27   1   5   4   0   3   1   0   8  26  0.44 0.26
  393 V    -1  -4  -4  -4  -3  -4  -4  -2  -3   2   1  -4   2   4  -4   0  -2  -3   2   2    3   0   0   0   0   0   0   3   0  15  15   0   6  23   0   9   1   0   7  17  0.50 0.29
  394 L    -1  -3  -3  -5  -1  -2  -4  -5  -4  -2   3  -2   5   2   3  -3  -3  -4   0   1    5   1   1   0   2   1   0   0   0   0  31   2  18   8  17   1   0   0   3   8  0.60 0.35
  395 I     0   0   0  -2   2  -1  -2  -2  -3   1   0  -1   2   2   2   1  -1  -3  -2   0    9   7   4   2   5   2   0   2   0   7   7   3   8  11  13  13   3   0   0   6  0.16 0.16
  396 D    -2   2   0   1   2  -1   0  -2  -2  -5  -5   2  -4  -3   5  -1  -3  -1  -4  -4    2  12   3  10   4   2   6   3   1   0   0  15   0   2  33   4   0   1   0   1  0.74 0.39
  397 S     2   0   1  -2  -3   1  -1   1  -3  -3  -2   0   0  -4  -1   3   1  -4  -2  -2   17   3   8   1   0   6   3  12   0   0   4   7   2   0   3  24   8   0   1   1  0.27 0.23
  398 K    -2   3   1   1  -4   1   0   0  -1  -2  -4   3  -3  -2   3   0  -2  -4  -1  -3    3  18   5   7   0   4   6   6   1   3   0  23   0   2  13   5   2   0   2   2  0.38 0.25
  399 E     0   0   1   4   0   0   2  -1  -3  -4  -2   2  -3  -1  -2   0  -1  -5  -4  -2    8   3   6  25   2   4  11   5   0   0   5  15   0   3   1   7   4   0   0   2  0.32 0.23
  400 G    -1  -2   0   1  -5  -1   1   5   0  -3  -5  -1  -2  -2  -1   0  -1  -5  -4  -2    2   2   4   8   0   2  11  45   2   1   0   2   1   2   3   6   3   0   0   3  0.60 0.33
  401 D    -1  -2  -1   4  -5  -1   3   3  -3  -3  -5  -1  -4  -2  -1  -1  -3  -5  -4  -4    3   1   2  27   0   2  23  27   0   2   1   3   0   2   2   4   0   0   0   0  0.70 0.36
  402 G     0  -2  -1  -2   1  -3  -1   6  -1  -5  -5  -3  -4  -5  -4   1   0  -5  -5  -2    7   2   2   2   3   0   3  57   1   0   0   0   0   0   0  12   5   0   0   4  0.94 0.43
  403 V    -3   1  -5  -5   0  -3  -4  -5  -5   4   1  -4   2   0  -5  -3   0   3  -3   4    0  10   0   0   2   1   0   0   0  23  13   0   5   4   0   1   5   5   0  31  0.62 0.35
  404 E    -2  -3   0   3  -4   0   4  -4  -3   0  -1   0   0  -2  -3  -1  -1  -4   0   1    3   0   3  16   0   3  35   0   0   5   5   5   2   2   0   3   4   0   4  11  0.43 0.30
  405 A     1  -5  -5  -5  -3  -4  -5  -5  -5   4   2  -4   3   0  -5  -2  -3  -5  -3   4   15   0   0   0   0   0   0   0   0  20  16   0   7   3   0   2   0   0   0  37  0.77 0.40
  406 W     1  -1  -1  -3   1  -1  -2   1   1   0   1  -2  -1   1  -1   0   0   4   1  -1   13   3   1   0   3   3   1  12   5   4  14   0   0   7   3   8   7   8   3   4  0.14 0.14
  407 I    -1  -4  -4  -3  -3  -1  -4  -5  -5   4   2  -4   3   0  -4  -2   0  -4  -3   4    5   0   0   2   0   4   0   0   0  26  16   0   9   3   0   3   4   0   0  27  0.60 0.33
  408 S     0  -4  -1  -4   7  -2  -2   0  -1  -4  -2  -2  -1   0   0   3   2   2  -3  -2    6   0   3   0  23   2   2   6   1   0   3   1   2   4   5  22  16   3   0   2  0.58 0.36
  409 L    -4  -5  -6  -6   0  -5  -6  -6  -5   1   5  -5   3   1  -6  -3  -2  -4  -4   1    0   0   0   0   2   0   0   0   0   5  67   0   8   5   0   2   2   0   0   9  1.14 0.51
  410 P    -1  -1   0   0  -5   0   2  -4   2  -4  -2   0  -3   0   5  -1   1  -5  -3  -4    5   3   3   6   0   4  14   0   6   0   5   6   0   6  32   3   9   0   0   0  0.61 0.33
  411 E     0   1  -1   2  -4   1   2  -2  -3  -3  -3   3  -3  -4   2   0  -1  -5  -4   0   10   7   2  12   0   5  14   2   0   0   1  19   0   0  11   7   3   0   0   8  0.33 0.23
  412 E    -1   0  -2   4  -1   1   3  -3   2  -2  -3   1  -1  -3  -1   1   0  -5  -4  -2    4   3   0  22   1   5  25   0   5   2   1   7   1   1   3  12   4   0   0   2  0.44 0.29
  413 D     2   0  -1   4  -1  -1   2  -3   5  -3  -4   0  -2  -4  -4  -1   0  -5  -3  -1   18   4   2  22   1   1  14   0  17   1   0   5   1   0   0   4   5   0   0   5  0.51 0.33
  414 M    -1  -5  -6  -7  -5  -4  -6  -6  -5   0   2  -5   9  -4  -6  -2  -4   2  -4   1    5   0   0   0   0   0   0   0   0   3  17   0  58   0   0   3   0   3   0  11  1.70 0.71
  415 S     0  -2   0   3  -5   0   4  -4  -3  -2  -3   2  -4  -5  -2   0  -1  -5  -4  -1    9   0   5  17   0   3  33   0   0   3   1  14   0   0   1   7   2   0   0   5  0.53 0.33
  416 V     3   3  -3  -2  -1  -1  -1  -1  -3  -2  -1   2   1  -4  -2   0   0  -4  -4   0   28  18   0   1   1   1   4   3   0   1   4  16   4   0   1   4   5   0   0   8  0.32 0.26
  417 F    -5  -6  -7  -7  -5  -6  -7  -7  -5   0   3  -6  -2   8  -7  -6  -5  -3  -1  -1    0   0   0   0   0   0   0   0   0   3  29   0   0  63   0   0   0   0   0   5  1.83 0.69
  418 V     0   1   0  -2  -4   2   2  -4  -1  -1  -2   4  -1  -2  -2  -1  -2  -4  -1   2    9   5   4   0   0   8  13   0   1   2   1  30   2   2   1   3   0   0   2  16  0.37 0.29
  419 D     1   0  -1   1  -1   3   3  -3   1  -1  -3   3  -3  -3  -3   0  -1   1  -3  -3   11   3   2   8   1  13  17   0   3   4   2  24   0   1   0   6   2   2   0   0  0.37 0.26
  420 D    -2  -2   1   5  -5  -1   4  -2   4  -5  -5  -2  -4  -5  -4  -2  -3  -5  -4  -2    2   2   6  39   0   2  29   2  10   0   0   0   0   0   0   2   0   0   0   4  0.96 0.42
  421 Q     0  -2  -3  -3  -3   1   1  -4   0   0   1   0   5  -1   0  -1  -2  -4  -3   1    7   0   0   0   0   7  13   0   2   4  10   7  26   3   5   4   0   0   0  11  0.32 0.25
  422 E     1   0  -2   1  -5   1   6  -4  -2  -4  -4   2  -4  -5  -3  -2  -1  -5  -4  -2   16   3   0   4   0   5  55   0   0   0   0  10   0   0   0   0   3   0   0   3  0.85 0.38
  423 L     1  -1  -3  -2  -3  -3  -3  -2  -3   1   2  -1  -1   4  -4  -2   0   5  -1   0   19   3   0   3   0   0   0   2   0   8  22   3   0  20   0   0   5  10   0   5  0.33 0.20
  424 L    -1  -3  -1  -4  -3  -2  -3  -4  -3  -1   4   0   4   0  -3   0   2  -3  -2  -1    4   0   3   0   0   0   0   0   0   0  46   7  13   3   0   8  15   0   0   0  0.43 0.26
  425 A     0   2   0  -1  -3   1   2  -3  -2   2  -1   1  -1  -3  -2   1   0  -4  -3  -1    7  14   4   0   0   7  19   0   0  22   4   9   0   0   0  11   4   0   0   0  0.20 0.15
  426 Y    -3  -3   0  -4  -4  -3  -4  -4  -1  -2  -2  -3   2   5  -4  -3   0   0   7  -2    0   0   6   0   0   0   0   0   0   0   0   0   7  30   0   0   6   0  52   0  1.11 0.30
  427 A     4  -2  -2  -2  -2  -2  -2   1  -3  -1  -2   0  -1  -3  -2   1   1  -3  -2   2   48   0   0   0   0   0   0   8   0   0   0   7   0   0   0   7   8   0   0  21  0.32 0.14
  428 V     1   1  -1  -2  -2  -1  -2  -2  -2  -1   0  -1   1  -1  -2   3   1  -2   1   1    9   9   0   0   0   0   0   0   0   0   9   0   7   0   0  36   9   0   8  14  0.18 0.11
  429 L    -1   1  -2  -2  -2  -1  -2  -3  -2   2   2  -1   2  -1  -2   0  -1  -2  -1   1    1  11   0   1   0   0   1   1   0  22  26   1  12   0   1  12   1   0   0  10  0.16 0.05
  430 N     1   0   3   0  -2   0  -1   2  -1  -2  -2   1  -1  -2  -1   0   1  -3  -2  -1   17   1  23   1   0   1   1  17   0   1   1  17   0   1   1   1  16   0   0   1  0.21 0.03
  431 P    -1  -1  -2  -1  -3  -1  -1  -2  -2  -3  -3   1  -2  -3   7  -1  -1  -3  -3  -2    1   1   1   1   0   1   1   1   0   1   1  16   0   1  71   1   1   0   0   1  1.36 0.08
  432 P     0  -2  -1  -1  -3  -1  -1  -2  -2  -3  -3  -1  -3  -4   7   2  -1  -4  -3  -3    0   0   0   0   0   0   0   0   0   0   0   0   0   0  76  24   0   0   0   0  1.51 0.06
  433 V     0  -2  -2  -2  -1  -2  -2  -2  -3   2   0  -2   0  -1  -2   2   0  -3  -2   3    0   0   0   0   0   0   0   0   0   0   0   0   0   0   0  30   0   0   0  70  0.22 0.02
  434 V    -1  -3  -3  -4  -1  -2  -3  -4  -3   2   3  -3   1   0  -3  -2  -1  -2  -1   3    0   0   0   0   0   0   0   0   0   0  52   0   0   0   0   0   0   0   0  48  0.35 0.02
  435 A     4  -1  -2  -2   0  -1  -1   0  -2  -1  -1  -1  -1  -2  -1   1   0  -2  -2   0    0   0   0   0   0   0   0   0   0   0   0   0   0   0   0   0   0   0   0   0  0.00     0.00

                      K         Lambda
Standard Ungapped    0.1317     0.3160
Standard Gapped      0.0398     0.2670
PSI Ungapped         0.1301     0.3174
PSI Gapped           0.0398     0.2670
