
Last position-specific scoring matrix computed, weighted observed percentages rounded down, information per position, and relative weight of gapless real matches to pseudocounts
            A   R   N   D   C   Q   E   G   H   I   L   K   M   F   P   S   T   W   Y   V   A   R   N   D   C   Q   E   G   H   I   L   K   M   F   P   S   T   W   Y   V
    1 M    -2  -2  -3  -4  -2  -1  -3  -4  -2   2   1  -2   8  -1  -3  -2  -1  -2  -2   0    0   0   0   0   0   0   0   0   0  13   0   0  87   0   0   0   0   0   0   0  0.76 0.16
    2 E    -2   2  -1  -1  -3   1   3  -3  -1  -1  -2   3   3  -3  -2  -1   0  -3  -2  -2    0   9   0   0   0   5  30   0   0   6   0  30  15   0   0   0   5   0   0   0  0.39 0.15
    3 V    -2  -3  -4  -4  -2  -3  -4  -4  -4   3   2  -3   3   3  -4  -2  -2  -3  -1   3    0   0   0   0   0   0   0   0   0  16  24   0  11  15   0   3   0   0   0  31  0.50 0.19
    4 K     0   1  -2  -2  -2   0  -1  -3  -2   1   1   1   0   1  -3   0   1  -2   1   0    8  11   0   0   0   3   3   0   0  15  20  12   0   6   0   5  11   0   7   0  0.11 0.11
    5 A     4  -4  -4  -4   2  -3  -3  -3  -4   0  -2  -3  -2  -3  -3   0  -1  -4  -1   4   40   0   0   0   4   0   0   0   0   2   0   0   0   0   0   5   3   0   2  43  0.66 0.32
    6 R    -2   5  -2  -3  -4   1  -2  -2  -2  -4  -4   2  -3  -1  -3   4  -2  -4  -1  -4    0  35   0   0   0   7   0   2   0   0   0  14   0   3   0  37   0   0   2   0  0.75 0.36
    7 A     6  -4  -3  -4  -3  -3  -3  -3  -4  -4  -4  -3  -4  -5  -3   4  -2  -5  -4  -2   68   0   0   0   0   0   0   0   0   0   0   0   0   0   0  30   0   0   0   2  1.27 0.54
    8 P    -4  -6  -6  -5  -6  -5  -5  -6  -6  -6  -7  -5  -6  -7   9  -4  -5  -7  -7  -6    0   0   0   0   0   0   0   0   0   0   0   0   0   0 100   0   0   0   0   0  3.25 0.88
    9 G     0  -5  -3  -4  -5  -5  -5   7  -5  -6  -2  -4  -5  -6  -5  -2  -4  -5  -6  -5    6   0   0   0   0   0   0  88   0   0   4   0   0   0   0   2   0   0   0   0  1.90 0.60
   10 K    -4   7  -3  -4  -6  -2  -3  -5  -3  -6  -5   5  -4  -6  -5  -3  -4  -6  -5  -5    0  68   0   0   0   0   0   0   0   0   0  32   0   0   0   0   0   0   0   0  1.85 0.63
   11 I    -2  -5  -5  -6  -3  -5  -5  -6  -6   4   1  -5  -1  -3  -5  -4  -2  -5  -4   6    2   0   0   0   0   0   0   0   0  26   9   0   0   0   0   0   2   0   0  61  1.20 0.47
   12 I    -4  -4   7  -1  -5  -3  -3  -2  -3   3  -1  -3  -3  -1  -5  -3  -2  -6  -4  -3    0   0  64   2   0   0   0   2   0  22   6   0   0   2   0   0   2   0   0   0  1.32 0.55
   13 L    -4  -5  -6  -6  -4  -5  -5  -6  -5   3   5  -5   0   0  -5  -5  -3   2  -3   1    0   0   0   0   0   0   0   0   0  20  67   0   0   2   0   0   0   3   0   8  1.13 0.44
   14 A     0  -5  -5  -6  -4  -5  -5  -6   2   7  -1  -5   1   3  -5  -4  -3  -4  -2   0    9   0   0   0   0   0   0   0   5  67   0   0   2  15   0   0   0   0   0   2  1.23 0.51
   15 G    -3  -6  -4  -5  -6  -5  -5   7  -5  -7  -7  -5  -6  -6  -5  -3  -5  -6  -6  -6    0   0   0   0   0   0   0 100   0   0   0   0   0   0   0   0   0   0   0   0  2.43 0.73
   16 E    -4  -3  -3   1  -7  -1   7   0  -3  -6  -6  -2  -5  -6  -4  -1  -4  -6  -5  -6    0   0   0   4   0   0  85   8   0   0   0   0   0   0   0   3   0   0   0   0  1.79 0.67
   17 H    -5  -4  -3  -5  -6  -3  -4  -3  11  -2  -6  -4  -5  -4  -6  -4  -5  -5   3  -6    0   0   0   0   0   0   0   2  86   2   0   0   0   0   0   0   0   0   9   0  2.94 0.86
   18 A     2  -4  -3  -4  -3  -3  -3  -4  -4   3  -3  -3  -2  -2  -4   1   5  -5  -4  -1   21   0   0   0   0   0   0   0   0  22   0   0   0   2   0   9  46   0   0   1  0.82 0.43
   19 V    -3  -5  -2   7  -5  -4  -2  -5  -4  -3  -4  -4  -4  -5  -5  -3  -4  -7  -5   4    2   0   0  69   0   0   0   0   0   0   0   0   0   0   0   0   0   0   0  30  1.62 0.61
   20 V    -4  -5  -5  -6  -5  -5  -5  -6  -2  -2  -2  -5  -3   0  -6  -5  -4  -2   8   4    0   0   0   0   0   0   0   0   0   0   3   0   0   1   0   0   0   0  65  31  1.91 0.67
   21 H    -4  -2   6  -1   4  -3  -2  -4   3  -5  -3  -3  -4   0  -5   0  -2  -3   4  -4    0   2  49   2  10   0   1   0   6   0   2   0   0   3   0   5   2   0  19   0  1.09 0.48
   22 G    -3  -3  -1   4  -5   0  -2   5  -3  -5  -4  -3  -4  -1  -4  -1  -3  -4   1  -5    0   1   2  24   0   4   2  54   0   0   2   0   0   3   0   4   0   0   5   0  0.98 0.41
   23 S    -2  -1  -1  -3  -5  -3  -3   5  -3  -5  -4   2  -4   2  -4   0  -3  -3   2  -4    2   3   2   0   0   0   0  53   0   0   0  14   0  11   0   5   0   0   9   0  0.89 0.39
   24 T    -2  -2  -2  -4  -1  -3  -3  -4   4  -1   0  -3  -2   4   3   1   0  -2   3  -1    0   2   1   0   1   0   0   0  14   3  11   0   0  19  16  13   4   0  10   5  0.46 0.27
   25 A     3  -5  -5  -5  -3  -4  -5  -4  -5  -1  -2  -4  -2  -4  -5  -2  -3  -6  -4   6   27   0   0   0   0   0   0   0   0   0   0   0   0   0   0   3   0   0   0  70  1.28 0.55
   26 V    -4  -4  -5  -5  -4  -4  -5  -6   0   3   4  -5   3   4  -5  -4  -3  -3  -2   0    0   0   0   0   0   0   0   0   3  20  43   0   8  21   0   0   0   0   0   4  0.87 0.37
   27 A     2  -5  -2  -4  -5  -1  -4  -2  -5  -4  -3  -4  -4  -6   7  -2  -3  -6  -5  -1   19   0   2   0   0   2   0   3   0   0   2   0   0   0  64   1   0   0   0   6  1.63 0.56
   28 A     3  -4  -4  -5   6  -4  -4  -3  -4   0  -1  -4   6   0  -4  -1  -1  -4  -3   1   24   0   0   0  22   0   0   1   0   4   4   0  26   5   0   5   3   0   0   8  0.84 0.43
   29 A     7  -4  -4  -5  -4  -4  -4  -3  -5  -4  -5  -4  -4  -5   0   0  -1  -6  -5  -3   89   0   0   0   0   0   0   0   0   0   0   0   0   0   4   4   3   0   0   0  1.61 0.68
   30 I    -4  -5  -6  -6  -4  -5  -5  -6  -6   6   3  -2  -1  -3  -5  -5  -3  -5  -4   3    0   0   0   0   0   0   0   0   0  59  22   3   0   0   0   0   0   0   0  16  1.23 0.50
   31 D    -2   0   4   4  -4  -1   3  -1  -2  -4  -5  -2  -4  -5   0   2   1  -5  -4  -4    0   4  19  27   0   0  18   4   0   0   0   0   0   0   3  13   9   0   0   0  0.64 0.33
   32 L    -2   2  -1  -3  -3   1  -1  -4   2   0   3  -1   1   1  -4  -3  -2  -2   3   0    2  13   3   0   0   8   2   0   5   4  33   2   4   5   0   0   0   0  14   5  0.33 0.24
   33 Y     0   4  -2   3  -4   1  -1   3   0  -4  -4  -1  -2  -2  -3  -2  -2  -3   1  -2    8  25   0  18   0   6   2  25   2   0   0   0   1   1   0   0   2   0   7   3  0.47 0.29
   34 T    -1  -3  -3  -4   1  -3  -3  -4  -4  -1  -1  -3   4  -4  -4   1   6  -4  -4   2    3   0   0   0   3   0   0   0   0   2   3   0  12   0   0   9  52   0   0  12  0.85 0.45
   35 Y    -1  -1  -3  -4  -1  -3  -3  -4   1   1   0  -2   0   3  -4  -1   1  -1   5   2    5   3   0   0   1   0   1   0   3   7   9   1   2  12   0   5   8   0  27  14  0.42 0.25
   36 V     1  -3  -3  -3   4  -3  -3  -1  -3   3   1  -3   1  -2  -3  -2  -1  -3  -2   3   12   1   1   1   9   1   1   6   0  16  14   1   2   0   1   1   3   0   0  31  0.37 0.21
   37 T     3   1  -2  -2  -2  -1   0  -2  -2  -2  -1  -1  -2  -3  -2   2   3   0  -2   0   28   8   1   1   0   1   5   1   0   1   6   3   0   1   1  17  21   1   0   5  0.32 0.22
   38 L     1  -2  -3  -3   0  -2  -2  -2  -2   2   2  -2   1   1  -2  -2  -1  -2  -1   3   15   1   1   1   2   1   3   2   0  15  20   1   3   7   1   2   1   0   1  23  0.22 0.14
   39 R    -1   3  -1   0  -2   3   1   0  -1  -2  -2   1  -2  -2  -1   1   0  -2  -2  -2    2  22   1   4   1  14  10   7   1   2   3   8   1   1   2  15   5   0   1   2  0.29 0.15
   40 F    -1   0  -1   0  -1   0   0  -1  -1   0   1   0   0   1   0   0   0  -1   0   0    4   6   2   8   1   3   7   4   1   4  19   5   1  11   4   5   6   1   2   7  0.02 0.03
   41 P     1   1   1   0  -1   0   0   1  -1   0   0   0   0  -1   0   0   0  -1  -1   0   11  10   7   3   1   2   5  10   1   5  10   7   1   2   4   9   5   1   2   5  0.04 0.02
   42 L     0  -1   1   1   1   0   0   1   0   0   0   0  -1  -1  -1   0   0  -1  -1   1    5   3   7   8   4   2   6  11   3   4   8   7   1   2   3   6   3   1   2  16  0.02 0.02
   43 P     0   0   0   0  -1   0   0   0  -1  -1   0   0  -1  -1   1   0   1  -1   1  -1    8   4   5   7   1   2   7   9   1   3  10   6   1   2   6   5  10   1   9   4  0.04 0.02
   44 S     1  -1   0   1   1   0   0   1  -1  -1  -1   0  -1  -1   1   1   1  -1  -1  -1   13   3   5  10   4   2   5  12   1   2   4   5   1   3   5   9   8   1   2   6  0.07 0.03
   45 A     1  -1  -1   0  -1  -1   0  -1  -2  -2  -2   0  -2  -2   4   1   1  -2  -2   0   14   1   2   6   1   1   6   3   1   2   2   6   1   1  23  13   8   0   1   6  0.32 0.14
   46 E     0   2   2   0  -3   0   1  -1   1  -2  -1   2  -2  -1   0   0   0  -3  -2  -1    6  12  11   4   0   3   8   3   5   1   7  19   0   4   3   4   5   0   1   3  0.15 0.11
   47 N     0   4   2   1  -1   0   0  -2  -1  -3  -2   1  -2  -2  -1   1   0  -3   1  -1    5  26  11   7   2   2   6   2   1   1   2   7   0   0   3   9   5   0   6   5  0.25 0.17
   48 N    -1  -1   3   4  -3  -1   0  -2   1  -2  -2   0  -3  -3   2   1  -1  -4  -3  -3    3   2  19  32   0   1   6   1   3   2   4   4   0   1   9   9   2   0   0   2  0.50 0.25
   49 D    -1  -1   2   5  -3  -1   0   2  -2  -2  -4   0  -3  -4  -1   0  -1  -4  -3  -3    5   2  10  41   0   1   3  16   0   2   1   5   0   1   3   6   2   0   0   1  0.59 0.27
   50 R    -1   2   2  -1  -2   1   1  -2   0  -1  -1   2   0   0   0   0   0  -2  -1  -1    4  16  11   1   0   8   7   2   2   4   7  12   2   4   3   5   7   0   1   3  0.13 0.09
   51 L    -1  -2  -2  -3  -2  -1  -2  -3  -2   3   1  -1   0   2  -2  -2   0  -2   1   3    4   2   1   1   0   3   1   2   1  22  12   4   1  10   1   2   5   0   4  24  0.23 0.14
   52 T    -1   1   0  -1   0   0   0  -1   0   1   0   0  -1   0  -2   2   0  -2  -1   1    2   9   5   2   2   3   4   3   3   9   9   5   0   4   1  21   6   0   1  11  0.06 0.08
   53 L    -1   0  -2  -2  -1  -1  -2  -2  -2   2   2  -2   0   0  -1  -1   0  -2   0   1    4   5   1   1   1   3   2   2   1  17  28   2   1   3   3   4   7   0   4  11  0.14 0.10
   54 Q    -1   0   2   1  -2   1   1   0   0  -1  -1  -1   0   0  -1   1   1  -2   1  -1    4   5  16   7   1   6   8   5   2   2   4   2   3   6   2   9  11   0   5   5  0.10 0.07
   55 L     2  -2  -1  -2  -1  -1  -2   0  -2   1   1  -2   0   2  -1   0  -1  -1   0   0   20   1   3   2   1   1   2   5   1  11  14   2   2  14   3   8   3   0   2   6  0.09 0.08
   56 K     0   1   1   0  -2   0   0   1   2  -2  -2   1  -2  -2   3   1   0  -2  -2  -2   10   9   8   6   1   1   7   9   6   1   2   9   1   1  14   8   3   0   1   2  0.21 0.10
   57 D    -1  -2   4   3  -2  -1   0  -1   0  -2  -1  -1  -2  -2   0   0   0   1  -2   0    2   1  21  21   1   1   6   4   2   1   5   3   1   1   5   5   7   3   1   9  0.27 0.15
   58 I    -1  -1  -1  -2   0   0  -1  -2  -2   3   1  -1   0   0  -1  -1  -1  -2  -1   1    4   3   3   2   2   5   4   2   1  29  15   3   2   4   3   4   2   0   1  10  0.14 0.11
   59 S     1  -1   1   0   2  -1  -1   3  -1  -1  -2  -1  -1  -1  -1   1  -1  -2  -2  -1   12   2   6   4   6   1   4  22   1   4   3   4   1   3   2  15   2   0   1   5  0.15 0.09
   60 L     0  -2  -2  -1  -2  -1   0  -1  -2   2   1   0   0   0  -1  -1   0  -2   0   1   11   1   1   3   1   1   6   4   1  18  17   6   1   4   3   2   4   0   3  14  0.08 0.07
   61 E    -1   0   1   2  -2   0   1   1  -1   0  -2   1  -1  -2  -1   0   2  -2  -2  -1    2   4   7  16   1   3   9  10   1   7   3   9   1   1   2   5  14   0   1   4  0.14 0.09
   62 F    -1   1  -1  -1  -2   0  -1  -2   2   0   0   0  -1   2  -1  -1  -1   2   3   0    4   9   1   3   1   4   3   2   6   7   7   7   1  10   3   2   3   3  14  10  0.12 0.09
   63 S     0   1   0   2  -2   0   0   1   0  -2  -2   0  -1  -2   0   1   1  -2  -2   0    8   7   2  12   1   4   6  10   3   1   3   7   1   1   3  13  11   0   1   7  0.11 0.07
   64 W    -1  -1   2  -1  -2   0  -1   0  -2  -1   0  -1  -1   2  -1   0   0   7   0  -1    4   3  11   3   1   4   3   6   1   2   8   4   1  11   3   7   7  16   1   5  0.28 0.13
   65 S     0  -1   2   3  -2   1   0  -1   1  -2  -1   0  -2   0   1   1   0  -2  -1  -2    7   3  10  17   0   6   4   2   4   1   6   3   1   4   6  15   4   0   2   2  0.17 0.11
   66 L     0  -1  -1  -1  -2  -1   0   0  -2   1   1  -1   0   0  -1  -1   0   2   0   2    5   4   3   4   1   2   6   7   1   7  20   3   1   3   2   4   3   4   3  19  0.05 0.06
   67 A     2  -2   1   2  -2   0  -1   0  -1   0  -2  -1  -2  -1   0   1  -1   4  -1  -1   21   2   8  16   1   3   3   7   1   6   3   2   1   2   3   9   2   7   2   4  0.18 0.12
   68 R     0   1   0   1  -2   1   2  -1   2  -2  -1   0  -1  -1   1   0   0  -2  -1  -1    8  10   2   8   1   8  13   4   8   1   5   4   2   3   7   9   3   0   1   3  0.14 0.08
   69 I    -1  -1   0  -1  -2  -2  -2  -1  -2   2   1  -2   1   3  -1  -1  -1  -1   0   1    5   5   6   5   1   1   2   4   1  19  14   2   3  14   3   2   2   0   3  10  0.10 0.08
   70 K    -1   1   0   1  -2   1   0   0  -1  -1  -2   2  -1  -1  -1   1  -1  -1   3  -1    4   7   4   8   1   7   5   5   1   3   3  17   1   1   2  12   2   0  13   5  0.15 0.11
   71 E     0   0   0  -1  -2   0   0   0  -1   0   0   0  -1   2   0   0  -1  -1   0   0    7   6   6   3   1   3   7   7   1   4  11   3   1  15   6   8   2   0   1   8  0.04 0.05
   72 A     0   0   0   1  -1   0   2  -1   0   0   0  -1  -1  -1  -1   1   0  -2   0   0    5   5   3   7   1   2  16   5   3   9  12   2   1   1   3  11   5   0   3   5  0.04 0.04
   73 I     0  -1   0   2   2   0  -1  -1  -1   1   0  -1  -1  -1   1   0   0  -2  -1   0    5   2   6  15   6   4   2   4   1  10  12   2   1   3   6   7   6   1   1   5  0.06 0.05
   74 P    -1  -1   0   1  -2   0   0   1   0   0  -1  -1  -1  -1   3   1   0  -2  -1  -1    4   2   5   8   1   3   4  12   2   6   7   3   1   3  17  10   7   1   1   4  0.16 0.06
   75 Y    -1  -1   0   1  -2  -1   0   0  -1   0   1  -1   0   2  -1   0   0   1   2  -1    3   2   3   8   1   2   7   6   1   9  14   3   1  11   2   5   8   2   9   2  0.05 0.05
   76 D    -1   0   0   4  -2   1   1  -1   1  -2  -1   1  -1  -1   0  -1   0  -2  -1  -1    4   4   3  29   1   5   9   3   4   2   7   7   1   3   4   3   5   1   1   3  0.22 0.10
   77 S     0   0   1   0  -1   0   0   1   1   0   0   0   0  -1   0   0   1  -1  -1   0    6   3   7   4   1   4   4  14   4   3  13   4   1   2   4   8   9   1   1   8  0.04 0.02
   78 S     0  -1   0   0   1  -1   0   1   0   0  -1  -1  -1  -1   0   1   0  -1  -1   1    6   3   6   7   3   2   4  10   2   9   4   3   1   2   4  15   6   1   1  12  0.04 0.04
   79 T    -1  -1   0   1  -1   2   1  -1  -1   0   0   0   0   0   0   0   1  -1   0   0    4   2   5   8   1  12   7   3   1   9   8   4   4   6   4   6   9   1   3   4  0.04 0.03
   80 L    -1   0  -1   0  -1   0   0  -1  -1   1   1   0   0   1  -1   0   0   1   0   0    4   4   2   4   1   4   8   6   1   9  17   7   3   7   2   6   3   2   2   8  0.01 0.02
   81 C     0   0   0   2  -1   0   2   1   2  -1  -1   0   0  -2   1   0   0  -1  -1  -1    5   3   2  11   2   3  16  12   6   2   4   5   2   2   7   4   4   1   2   6  0.11 0.05
   82 R    -1   0   1   0   0   1   0  -1   2   0   0   1   0   1  -1   0   0   1   0   0    5   4   7   5   2   9   4   3   7   7   7   9   4   8   3   5   3   2   2   5  0.03 0.03
   83 S     0   0   0   1  -1  -1   0   2   1  -1  -1  -1  -1  -1   0   0   0  -2   0  -1    5   4   4   9   1   2   8  17   5   5   6   2   1   3   5   7   8   0   3   4  0.07 0.04
   84 T    -1   1   0   1  -1   0   0  -1   0  -1   0   1  -1   0   2   0   0  -1   0  -1    3   7   3   9   2   2   5   4   2   3  12  12   1   6   9   5   7   1   3   4  0.06 0.03
   85 P     1  -1   0   0  -1   0   0  -1   1  -1  -1  -1  -1   0   2   1   0   1   0   0   15   3   4   5   1   3   6   3   4   4   4   2   2   4  10  15   5   2   3   7  0.09 0.05
   86 A     1  -1   0   0   0   0   0   0  -1   0  -1   0  -1   0   2   0   0  -1   1  -1   13   3   5   7   2   6   2   7   1   7   3   6   1   4   9   8   3   1   7   4  0.06 0.04
   87 S     0  -1   0   0  -1   0   1  -1  -1  -1   1   0  -1   1  -1   2   0  -1  -1  -1    8   2   3   5   1   4  10   3   1   2  15   4   1   9   2  20   3   1   1   4  0.07 0.07
   88 C     1  -1  -1  -1   2  -1   1  -1  -1  -1   0  -1   1  -1   3   0   0  -2   0   1   11   3   3   2   5   2  10   3   1   2   7   3   4   3  16   4   3   1   3  15  0.13 0.07
   89 S     0  -1   2   0  -2   1   0   2  -1  -1   0   0  -1  -1   0   1   0  -2  -1  -1    4   2  10   5   1   8   4  16   1   3  15   3   1   2   4  10   6   1   1   3  0.08 0.06
   90 E     0  -1  -1   1  -2   1   1  -1  -1  -1   0   0   1   2   0   0  -1  -1   0   0    5   2   2   8   1   7  13   5   1   2  11   4   6  14   3   6   3   0   1   7  0.07 0.06
   91 E     0  -1   1   1  -2   1   2   0   1  -2  -1  -1  -1   0   0   0   1   1   1  -1    6   2   7   6   1   5  18   7   4   2   5   2   1   5   4   7   8   2   6   2  0.10 0.06
   92 T     0  -1   0  -1   2   0   0  -1   0   0   0   0   0   0   0   1   1  -1  -1   0   10   2   3   3   6   4   6   3   2   4  12   6   1   5   3  10   9   0   1  10  0.03 0.03
   93 L     0   1   0  -1  -1   0  -1   0  -1   1   2   0   0   0   0  -1  -1  -1  -1   0    9  10   4   2   1   4   4   6   1   8  26   6   1   4   4   4   3   1   1   4  0.04 0.05
   94 K     0   0  -1   1  -2   2   1   0   0  -1  -1   1  -1  -1  -1   0   0   0   1   0    5   3   2   7   1  12  10   9   2   3   3   9   1   1   3   6   4   1   8   8  0.08 0.06
   95 S     1   0  -1   1   0   0   0  -1   1   0  -1   0  -1   1   0   1   0  -2  -1   0   14   4   2  11   2   2   6   4   5   5   4   6   1   7   4  10   3   0   1   9  0.04 0.04
   96 I    -1  -1  -2  -2  -2  -2  -2   0  -2   3   2  -1   0   0   0  -2  -1  -2  -1   2    3   3   1   2   1   1   2  10   1  21  23   3   1   3   6   2   2   0   2  14  0.15 0.10
   97 A     0   1   2   0  -1   0   2  -1   0  -1  -1   0  -1   0  -1   0  -1  -2  -1  -1    7   8  13   4   2   2  20   5   1   4   8   5   1   4   2   7   3   0   2   3  0.10 0.08
   98 V    -1   0   0  -1  -2   0   0  -1   0   0   0   1  -1   2   0   0  -1   0   1   0    2   4   4   3   1   3   6   5   3   9   8  13   1  12   4   9   2   1   5   6  0.03 0.05
   99 L    -1   0  -1  -1  -2  -1  -1  -2  -2   1   1  -1   0   1   1   0   0  -2   0   1    4   6   2   3   0   2   2   2   1   7  19   2   2   9   9   8   5   0   2  15  0.09 0.07
  100 V    -1   0  -2   0  -2  -1  -1  -1  -2   0   2   0   0   0   2  -1   0  -2  -1   1    3   5   1   5   0   1   3   5   0   4  26   5   1   5  13   5   5   0   1  10  0.12 0.09
  101 E     0  -1  -1   3  -3   3   3  -2  -2  -3  -2   1  -2  -3  -1   0  -1  -3  -3  -2    9   1   2  20   0  13  22   1   0   1   3  10   0   1   2   7   4   0   1   2  0.38 0.20
  102 E    -1   0   2   2  -2   0   1  -1   1  -2  -1   0   0  -1   2   0  -1   1  -2  -1    4   6  10  14   0   2  13   3   3   1   8   3   2   2  12   7   1   2   1   4  0.17 0.10
  103 Q     0  -1  -1  -1  -1   0   1   0  -1   1   1  -1   0   0   0  -1  -1  -2  -1   0    7   2   3   3   1   4  12   8   2  12  22   3   1   5   5   4   1   0   1   3  0.04 0.07
  104 N     0   1   2   1  -1   1   1   0   0  -1   0   1  -1  -1  -1   0   0  -2  -1  -1    7   7  13   6   2   5  10   6   3   4  10   7   0   2   2   5   4   0   1   5  0.06 0.04
  105 L     0  -1  -2  -1  -2   0  -1  -2   1   0   0   0  -1   2   0   0  -1   1   3   0    5   3   1   3   0   4   4   2   4   4   8   5   0  13   6   8   2   2  16  10  0.13 0.10
  106 P    -1   0   1   1  -2   1   1   0   1  -2  -2   0  -2   0   2   0   0  -2   1  -2    4   4   8  10   1   7   8   7   4   1   3   5   0   4  13   8   5   0   5   1  0.17 0.09
  107 K    -1   0   1   1  -3   1   1   0  -2  -3  -1   3  -2  -3   0   1  -1   2  -2  -3    3   2   6   8   0   8   9   9   0   1   6  23   0   1   5   9   3   4   0   1  0.22 0.15
  108 E     0   0   0   1   0   1   3   0   0  -2  -2   1  -1  -2   0   1   0  -3  -1  -2    8   3   3  10   2   6  21   7   2   1   3   9   2   2   5  10   4   0   2   1  0.17 0.11
  109 K     0   1   2   1  -1   1   1   0   2  -2  -2   2  -2   0   0  -1  -1  -3  -1  -1    6   6  13  10   2   5   6   7   7   3   1  14   0   4   3   3   1   0   1   6  0.14 0.10
  110 M    -1   1   1   0  -2   0  -1   0  -1   0   1   1   1   0  -2   0  -1  -2   1  -1    2  11   7   7   0   4   3   8   1   8  15   8   4   4   1   7   1   0   7   2  0.04 0.07
  111 W    -2  -4  -1  -3   1  -3  -3  -1   0  -1   0  -4  -3   2  -4  -3  -3  10  -1   1    3   1   4   2   3   1   2   4   2   4   8   1   0   7   1   2   1  44   0  12  1.38 0.46
  112 L     2  -2  -2  -1   2  -2  -2  -1   0   1   0  -1  -1  -1  -1   0   1  -2   2   1   26   1   1   2   5   1   1   2   3   9   8   4   0   2   2   6  12   0   8   8  0.15 0.14
  113 S    -1  -2   5   2   4   0  -1  -2   1  -1  -1  -1   0  -3  -3  -1  -2  -4   1  -3    3   0  35  11  10   4   3   2   3   4   7   4   3   0   0   3   1   0   5   1  0.46 0.27
  114 S     2  -2  -3  -1   1  -3  -3  -2   2  -2  -2  -2  -3  -1  -4   1  -3  -2   7  -3   21   2   0   4   3   0   1   3   4   2   3   2   0   0   0  11   1   0  43   1  0.81 0.40
  115 G     0  -3  -3  -3  -1  -3  -2   0   0   2  -1  -3  -1   1   2  -2  -2   2   2   3    9   0   0   0   1   0   2  10   2  14   4   0   0   7  12   1   0   2  10  23  0.27 0.20
  116 I    -1   2  -2  -3   1   0  -1  -3  -2   1   1   3   0  -2  -3  -1  -2   0  -1   1    4  14   0   0   3   4   2   1   0   9  14  28   1   0   0   4   0   1   2   9  0.26 0.20
  117 S     0  -3  -1  -3  -3  -1  -3   4   0  -2   0   1  -2  -2   0  -1  -1  -3   0   0    5   0   3   0   0   2   0  43   3   0  11   9   0   2   4   1   2   0   3  10  0.43 0.24
  118 T     0  -2  -2  -4   1   0  -3  -4  -3   0   0  -2   3   1  -3  -2   2  -3  -2   4    7   2   2   0   3   4   1   1   0   3   4   2   9   8   0   1  13   0   0  41  0.41 0.27
  119 F     0  -3  -3  -3   0  -2  -3  -2  -1   3   2  -2   1   2  -3  -1   0   0   1   1    7   1   1   1   2   1   1   3   2  20  19   2   3  12   1   6   4   1   5  12  0.20 0.13
  120 L    -1   2   0  -1  -3   0   0  -1   0  -2   1   3  -1  -2  -2  -1   0   2  -1  -1    5  12   3   4   0   4   6   3   3   1  18  25   0   1   1   1   7   3   2   3  0.19 0.16
  121 W     0  -1  -1  -2  -1  -1   1  -1   2   0  -1  -1  -1   2   0   0  -1   0   4   1    6   3   3   1   2   2  10   3   7   4   3   2   1   9   5   7   4   1  17  11  0.14 0.12
  122 L    -2  -3  -3  -2  -3  -3  -1  -4  -3   2   4  -3   1   2  -3  -3  -2  -2   1   1    3   1   1   3   0   1   4   1   0   9  52   1   3   7   1   1   1   0   4   7  0.50 0.24
  123 Y    -1   1  -1   0   2   3   0   0  -1  -1  -1   2   1   1  -2  -1  -2  -2   1  -2    5   8   1   4   6  20   6   8   0   4   4  12   4   6   2   2   1   0   4   1  0.16 0.14
  124 T     0   0  -1   0  -1   1   3  -1   0  -1   0   1   0  -1  -2  -1   1  -3  -1  -1    6   4   2   4   2   6  23   4   2   2  10  12   4   2   1   2   8   0   2   3  0.14 0.12
  125 R     1   4   1  -2  -1   0   1  -1   0  -3  -2   2  -2  -3  -1   0  -1  -3  -3  -3   13  29   6   1   1   1   9   3   2   1   3  16   0   0   2   8   2   0   0   1  0.38 0.22
  126 I     0  -2   2   0   1   0  -2   4  -1  -1   0  -1  -2   0  -1  -1  -2  -3   0  -2    6   1  12   4   4   4   1  36   1   4  11   2   0   4   2   2   1   0   4   1  0.32 0.19
  127 I     0   0  -1  -1   0  -1  -1  -1   3   0   0  -1  -1   0   1   0   0  -2   3   0   10   5   2   2   3   2   2   3   9   8   7   1   0   2   8   7   6   0  15   7  0.11 0.11
  128 G    -1   0   1   1  -3   1   2  -1   1  -3  -3   3  -2  -2   2   0   0  -4  -3  -2    4   2   7  10   0   6  13   4   4   0   1  20   0   2  10   8   6   0   0   2  0.29 0.17
  129 F    -1  -2  -3  -4   0  -3  -2  -4  -3   2   3  -2   0   3  -2  -1  -2  -2  -1   2    5   1   0   0   2   0   2   1   0  14  30   2   0  17   2   4   1   0   0  17  0.37 0.21
  130 N    -1   1   0   0  -3   1   0   0   0  -3  -3   3  -2  -4   2   1   2  -4  -3  -1    1   5   4   5   0   5   5   8   3   0   1  21   0   0  12   9  14   0   0   5  0.28 0.19
  131 P    -1  -2  -2  -3  -4  -1  -4   6  -4  -5  -2  -2  -4  -2   3   0  -3  -4  -4  -4    2   2   1   0   0   3   0  60   0   0   6   2   0   2  15   6   0   0   0   0  1.03 0.42
  132 A     3  -3  -4  -4   0  -3  -4  -3  -1   1   3  -3   3   3  -4  -2  -2  -3  -2   1   26   0   0   0   2   0   0   1   1   6  28   0   9  14   0   0   0   0   0   9  0.45 0.27
  133 T    -1   0   3   4  -4   0   2  -3  -1  -4  -4   1  -3  -4  -3   0   1  -4  -3  -4    4   4  18  28   0   3  13   0   1   0   0  11   0   0   0   6  10   0   0   0  0.55 0.26
  134 V    -2  -4  -4  -5   2  -4  -4  -3  -4   4   3  -4   3   1  -4  -3  -2  -3  -2   2    3   0   0   0   5   0   0   2   0  34  28   0   9   5   0   0   0   0   0  12  0.65 0.29
  135 V    -1  -1  -1  -3   2  -2  -2  -3   0  -1   1   0   0   1  -3   1   2  -2   2   1    4   3   2   0   6   0   2   0   2   1  12   5   1   5   0  14  20   0   9  14  0.17 0.17
  136 I     0  -4  -4  -4   1  -4  -4  -4  -4   4   2  -4   1   2  -4  -3   0  -3   0   3    6   0   0   0   3   0   0   0   0  31  15   0   3   8   0   0   4   0   3  24  0.51 0.24
  137 N    -1  -2   1   1  -2   0   2  -2   0  -3  -2   1  -2  -1  -2   2   1   4   1  -2    3   0   7   7   1   2  15   1   2   0   3   9   0   2   0  20   9   6   7   3  0.25 0.18
  138 S     0  -3  -2  -3  -4  -3  -3   4  -3  -4  -4   1  -1  -5  -3   4   0  -5  -4  -4    4   0   0   0   0   0   0  36   0   0   0   8   2   0   0  44   5   0   0   0  0.87 0.40
  139 E    -2  -1   6   3  -4   2   2  -2  -2  -3  -5  -1  -4  -4  -3   0   0  -5  -4  -4    1   2  43  14   0   9  13   2   0   1   0   2   0   1   0   5   7   0   0   0  0.79 0.35
  140 L    -2   0  -4  -4  -3  -3  -4  -5  -4   4   2  -3   3  -2  -4  -3  -2  -4  -3   4    2   6   0   0   0   0   0   0   0  31  16   0   8   0   0   0   0   0   0  33  0.70 0.31
  141 P    -3  -4  -4  -4  -5  -4  -2  -5   0  -5  -5  -4  -5  -5   8  -3  -4  -5   1  -5    1   0   0   0   0   0   3   1   2   0   1   0   0   0  83   0   0   0   6   0  2.36 0.65
  142 Y    -1   1   1  -1  -2   0  -1  -3   0   2   0  -1   1  -2   2   0   1  -3  -1   0    4   9   9   4   0   6   4   1   2  19   8   1   4   0  11   4   9   0   2   4  0.12 0.11
  143 G    -2  -2  -2   0  -4   0  -3   6  -3  -5  -5  -1  -4  -4  -3   0  -3  -4  -4  -4    2   2   0   5   0   5   1  72   0   1   1   3   0   0   1   6   1   0   0   1  1.25 0.41
  144 S     4  -2  -2  -2   0  -2  -2   1  -3  -3  -3  -1  -3  -3  -2   3   2  -4  -3  -1   37   1   0   1   2   0   1  11   0   1   1   3   0   0   1  26  13   0   0   2  0.53 0.28
  145 G    -2  -4  -3  -4  -5  -4  -4   7  -4  -5  -5  -4  -5  -5  -4  -2  -4  -4  -5  -5    1   0   0   0   0   0   0  91   0   0   1   0   0   0   0   2   0   0   0   1  1.97 0.57
  146 L    -3  -4  -4  -5  -3  -4  -4  -5  -4  -1   6  -4   3  -2  -4  -4  -3  -3  -3  -1    1   1   0   1   0   0   1   1   0   1  83   1   6   0   1   1   1   0   0   3  1.23 0.44
  147 G    -1  -3  -2   1  -3  -3  -3   5  -3  -4  -4  -3  -4  -4  -3   4  -2  -4  -4  -4    1   1   0   7   0   0   1  45   0   1   1   1   0   0   1  40   1   0   0   1  0.98 0.39
  148 S    -1  -3  -2  -3  -3   1  -2  -3  -3  -4  -4  -2  -3  -4  -3   6   1  -4  -4  -3    1   1   0   1   0   6   1   1   0   1   1   1   0   0   1  77   8   0   0   1  1.26 0.51
  149 S    -1  -3  -2  -3  -3  -3  -3  -3  -3  -4  -4  -3  -4  -4  -1   7  -1  -4  -4  -4    3   1   0   1   0   0   1   1   0   1   1   1   0   0   3  86   1   0   0   1  1.47 0.56
  150 A     6  -3  -1  -3  -2  -3  -3  -1  -3   0  -3  -2  -3  -4  -3   1  -2  -4  -3  -2   71   1   3   1   0   1   1   3   0   7   1   1   0   0   1   8   1   0   0   1  0.91 0.39
  151 A     4  -3  -2  -3   3  -2  -2  -2  -3   0  -3  -2  -2  -3  -2   3   0  -3  -3  -2   40   1   1   1   8   1   1   1   0   8   1   1   0   1   1  31   3   0   0   1  0.60 0.30
  152 L    -1  -3  -3  -3  -2  -2  -3  -3  -3   2   3  -3   2   3  -3   0  -2  -2   1   1    5   1   1   1   0   1   1   1   0  12  29   1   5  16   1  11   1   0   4  12  0.31 0.17
  153 C     0  -2  -1  -1   2  -1   3  -2  -2   2   0  -1   0  -3  -2   1   0  -3  -3   0    6   0   3   0   6   0  29   1   0  16   7   3   1   0   0  13   7   0   0   6  0.24 0.19
  154 V     1  -4  -4  -4   2  -3  -3  -1  -4   1   0  -3   2  -3  -3  -2  -1  -4  -3   5   15   0   0   0   4   0   1   6   0   3   4   0   7   0   0   1   3   0   0  54  0.64 0.32
  155 A     4  -3  -3  -3   2  -2   0   0  -3  -2   0  -2  -2  -1  -3   1  -2  -4  -3   0   49   0   0   0   4   0   7   5   0   0  10   0   0   2   0  12   0   0   0   6  0.46 0.27
  156 L     0  -2  -2  -3  -2  -2   0  -1  -3   1   1  -2   2  -2  -3   1   2  -3  -1   2    8   0   0   0   0   0   6   5   0   8  18   0   6   0   0  10  18   0   1  17  0.19 0.16
  157 T     1  -3  -1  -3   1  -2  -3   3  -3   1   1  -2   0  -2  -1   0   1  -3  -1   0   16   0   2   0   3   0   0  23   0  10  19   0   2   0   2   5   8   0   2   5  0.21 0.16
  158 A     1  -2  -1  -1   2   0  -1   0  -2  -1   0   0  -1  -2  -2   1   1   0   1   0   13   0   1   4   5   4   2   8   0   3  12   8   0   0   0  11  13   2   6   8  0.07 0.10
  159 A     4  -3  -3  -3   0  -3  -3   1  -3   0  -1  -3  -1  -1  -3   1   0  -4  -3   0   50   0   0   0   2   0   0   8   0   5   7   0   1   3   0  10   5   0   0   7  0.46 0.28
  160 L    -1  -3  -4  -4  -3  -3  -3  -4  -3   2   4   0   0   1  -4   0  -2  -3  -1   1    6   0   0   0   0   0   0   0   0  10  46   6   1   7   0   9   0   0   2  12  0.42 0.23
  161 L     0  -1   2   0  -2   0  -1   0  -1  -1   2   0   0  -2  -2   1  -1  -2  -1  -1    9   2  12   6   0   6   1   6   1   3  26   6   2   1   1  10   2   0   3   4  0.08 0.10
  162 A     1   0  -1   0  -2   2   1  -1   0   0  -1   1  -1   0  -2   1   1  -2   1  -1   11   5   1   4   0  12  10   3   2   7   5   7   1   5   1  10   8   0   7   2  0.08 0.07
  163 S     1  -2  -1  -1   0  -1   0  -2  -2   1   2  -2   0   1  -2   0  -1  -2   1   0   19   1   2   3   2   1   9   2   0   7  24   1   0   6   1   7   3   0   7   5  0.10 0.10
  164 S    -1   0   2  -1   1  -1   0  -2   1   0  -1  -1  -1   4  -1   0  -1  -1   2  -1    5   5  12   1   4   1   7   2   4   5   5   1   0  21   2   9   3   0   9   2  0.17 0.12
  165 I     0   0   2   0  -2  -1   0   1  -1   0   0  -1   0  -1   0   1   0  -2  -1   0   10   6  13   6   1   2   5  10   1   4  10   2   4   2   4  12   2   0   2   7  0.05 0.05
  166 S     0   0   0  -1  -2  -1   0   1   1   0   1   0   0  -1   2   0   0  -2  -1   0    9   6   4   2   1   1   6  12   6   4  18   6   1   2   9   3   4   0   1   6  0.05 0.04
  167 E     0   0   1   1  -1   0   0   0   0   0   0   0   0  -1   1   0   0  -1  -1   0    7   5   7   8   1   4   5   9   3   8  10   4   2   2   7   4   8   1   3   3  0.04 0.01
  168 K     0   1  -1   0  -1  -1   0   1  -1   0   0   0   0   1   0   0   0  -1  -1   0    6  10   2   5   1   2   6  11   1  10  12   4   3   9   4   5   4   1   1   4  0.01 0.02
  169 T     0  -1   0   1   1  -1   0   0  -1   0   0  -1  -1   0   1   0   0  -1  -1   0   10   3   4  10   5   2   5   6   1  11   6   3   1   4   7   8   6   1   2   6  0.04 0.02
  170 R     0   1   0  -1   1   1   0   0   1  -1  -1   1   0  -2   1   0   1  -2  -1  -1    4   9   4   3   4   6   2   9   3   5   3  14   4   1   7   4  10   1   2   4  0.07 0.04
  171 G     0  -1   0   0  -1   0   0   1  -1   0   0   0   1  -1  -1   0   0   0  -1   0    6   2   7   5   2   3   8  14   1   7  11   4   5   2   2   5   4   1   1  10  0.02 0.02
  172 N     0  -1   2   0  -2   1   1  -1  -1  -1   0   0   0   0   0   1   0  -2  -1   0    5   2  15   5   1   6  12   4   1   2  11   3   2   4   3  11   4   0   1   9  0.08 0.06
  173 G    -1   1   0   1  -2   1   1   1   0  -1  -1   1  -1  -2  -1   0  -1  -2  -1   0    4   7   4  11   1   7   7  11   2   5   6  14   1   1   2   4   2   0   1  10  0.08 0.04
  174 W     0   0  -1  -1  -2  -1  -1  -2   1   1   2  -1   0   1  -2  -1  -1   2   0   0    7   6   3   3   1   3   4   2   5   8  31   2   1   6   2   4   2   4   3   7  0.09 0.07
  175 S    -1  -1  -1  -2  -2  -1   0  -1   1  -1   1  -1  -1   1   2   1   0  -1   2  -1    2   4   1   1   0   2   5   6   4   3  20   1   1   8  12  12   7   0   8   2  0.12 0.09
  176 S     0   0   2   0  -2   1  -1   1  -1  -1  -1   1   0  -2   1   1   0  -2  -2  -2    6   4  15   5   0   5   1   9   0   4   8  13   3   1   7  11   3   0   1   1  0.12 0.08
  177 L    -1  -2  -2   0  -2   0  -2  -2  -2   2   3  -1   2  -1  -2  -2  -1   2  -1   1    5   1   2   5   0   5   1   2   1  17  31   5   4   1   1   2   1   3   1  10  0.19 0.12
  178 D     0  -1   1   3  -1  -1   1   0   0   0  -2   0  -2  -2   2   0   0  -3  -2  -1    6   3   5  24   2   1   8   5   3   7   3   6   1   1  11   7   4   0   1   4  0.20 0.10
  179 E    -1   0   1   0  -1  -1   1  -1   1   0   2  -1   0  -1   0   0  -1  -2  -2   0    5   4  10   3   1   1  15   3   4   6  26   3   0   2   4   5   2   0   1   5  0.08 0.09
  180 T     0  -1   1   0  -2  -1   1  -1  -2  -1   1  -1   0   1  -1   1   1  -2  -1  -1    7   3   9   6   0   1   9   3   0   2  19   2   2   7   3  12  10   0   0   4  0.07 0.08
  181 N     0   2   1   2   1   1   2  -1  -1  -2  -2   0  -1  -3  -2   1   0  -3  -2  -1    8  15   8  11   3   5  14   4   0   1   2   4   2   0   1  12   6   0   0   3  0.20 0.12
  182 L    -1  -1  -2  -1   1  -1   1  -1  -2   2   2   1   1  -2  -2  -2  -1   0  -2   1    4   1   1   4   3   1  11   5   0  15  24  13   4   0   2   1   1   1   0   8  0.11 0.11
  183 E     1   1  -1   2  -3   1   4  -3   1  -3  -3   1   0  -3  -2  -1  -1  -3  -1  -1   16   6   2   9   0   3  33   1   4   0   2   8   3   0   0   1   4   0   2   4  0.36 0.21
  184 L     0  -2  -1   0  -3   0   3  -3  -2   1   2  -1   2  -2  -3  -1  -2  -3   0   0    6   1   2   6   0   3  24   1   0   8  27   3   7   0   1   3   1   0   4   4  0.22 0.17
  185 L    -3  -2   0  -4  -3  -3  -4  -5  -4   3   4  -3   1  -2  -4  -2  -2  -4  -3   3    0   2   6   0   0   0   0   0   0  22  43   0   3   0   0   3   0   0   0  19  0.61 0.29
  186 N     3  -2   2  -2  -1  -2  -1   2   0  -1  -2  -1   1  -2  -2  -1  -1  -3  -1   0   37   1  10   1   1   1   4  17   2   3   1   4   4   2   1   2   2   0   2   7  0.28 0.18
  187 K    -1   1  -1  -2  -3   3  -1  -1   0  -1   0   4  -1  -3  -3   0   0  -4  -3  -2    4   4   2   0   0  19   0   3   2   5  13  33   1   0   0   6   5   0   0   0  0.37 0.24
  188 W    -2  -2  -1  -3  -2  -1  -2  -3   0   2   2  -2   3   0  -3  -2   0   5  -1   1    1   1   4   1   0   2   1   1   3  17  22   1  11   2   1   1   7   9   1  11  0.30 0.15
  189 A     3  -3  -2  -2   3  -2  -2   4   1  -3  -3  -2  -3  -3  -2   1   0  -3  -3  -2   35   1   1   1   7   1   1  30   3   1   1   1   0   1   1  11   4   0   0   1  0.56 0.25
  190 F     0   0  -1  -2  -1   4  -1   0   4  -1  -2   0   0   1  -2  -1  -2  -2   2   0    6   4   1   1   2  25   1   9  12   2   3   6   3   6   1   2   1   0   8   6  0.25 0.16
  191 E    -2   2  -1   0  -3   2   3  -1  -1  -1  -1   2   0  -1  -2  -1  -1  -3  -2  -1    1  14   2   4   0  12  21   6   1   3   7  15   2   3   1   1   4   0   0   5  0.23 0.15
  192 G     3  -2   1  -2   1   0  -2   1  -3   0  -2  -2   2  -3  -3   0   1   2  -3   1   32   0   8   0   3   5   0   9   0   4   2   0   6   0   0   5   8   3   0  14  0.24 0.19
  193 E    -4  -3  -3   1  -6   0   7  -5   2  -5  -5  -2  -4  -5  -4  -3  -4  -5  -1  -1    0   0   0   7   0   3  76   0   5   0   0   0   0   0   0   0   0   0   2   6  1.47 0.57
  194 K    -2   2   5   0   1  -2  -2  -1   3  -1  -1   1  -3  -1  -3  -2  -2  -4  -2  -1    2  15  36   3   3   0   0   4  10   4   7   8   0   3   0   0   0   0   0   3  0.48 0.28
  195 I    -2   0   1   2   0   2   1  -3   1   0  -1   1  -1  -2  -2   0  -1  -3   1   1    0   4   6  13   2  11   8   0   5   5   6  10   1   0   0   6   2   0   6  14  0.13 0.12
  196 I     0  -4  -4  -3   1  -2  -4  -4  -3   3  -1  -4   1   5  -2  -3  -2  -2   2   2    8   0   0   2   3   2   0   0   0  17   0   0   4  32   2   0   0   0   8  19  0.57 0.28
  197 H    -1  -1  -2  -3  -3   3  -1   1   3   2  -2   0  -1  -2  -2  -1  -2  -4  -2   3    3   3   0   0   0  15   3  11   9  13   0   4   1   1   2   5   0   0   0  27  0.26 0.22
  198 G    -1  -4  -2  -3  -4  -3  -3   6  -4  -3  -4  -3  -3  -4  -3  -2  -2  -4  -4   1    3   1   1   1   0   1   1  73   0   1   1   1   0   0   1   1   2   0   0  13  1.30 0.42
  199 K     1  -1   2  -2   2  -1  -1  -2  -2   0   0   0   1  -2  -2  -1   0  -3  -1   2   17   2  12   1   6   2   2   1   0   4  10   6   4   1   1   1   4   0   3  24  0.15 0.14
  200 P     0  -1   5  -1  -3  -1  -1   0  -1  -4  -4  -1  -3  -3   4   1  -1  -4   0  -3    8   2  32   1   0   2   4   7   1   1   1   2   0   0  21  10   3   0   3   1  0.57 0.25
  201 S    -2  -4  -3  -3   8  -3  -3   2  -4  -4  -3  -3  -3  -4  -1   4  -1  -4  -4  -2    1   0   0   0  32   0   0  16   0   0   2   0   0   0   3  38   3   0   0   2  1.05 0.42
  202 G    -2   1  -3  -4  -5  -4  -4   7  -1  -3  -5  -3  -5  -5  -2  -3  -4  -5  -5  -5    0   8   0   0   0   0   0  83   1   2   0   0   0   0   2   0   0   0   0   0  1.68 0.53
  203 I    -3  -4  -4  -4  -3  -2  -4  -3  -4   5   2  -4   5   1  -4  -3  -2  -3  -1   2    0   0   0   0   0   2   0   2   0  44  13   0  17   4   0   0   2   0   1  12  0.74 0.32
  204 D    -1  -4  -2   7  -5   0  -1  -4  -4  -5  -5  -1  -5  -5  -4  -3  -2  -6  -5  -3    6   0   0  79   0   4   0   0   0   0   0   3   0   0   0   0   2   0   0   3  1.65 0.55
  205 N     0  -2   2  -3  -4   6  -1  -3   1  -2  -1  -2  -2   0   0  -2   0  -4  -3  -1    6   0  11   0   0  50   0   0   3   2   5   0   0   4   4   0   7   0   0   4  0.76 0.40
  206 T     2  -3  -3  -4   1  -3  -3  -2  -3  -1   1   0   3   4  -3  -1   1  -2   1  -1   18   0   0   0   4   0   0   2   0   0  15   6  10  24   0   4  10   0   3   4  0.32 0.22
  207 V     3  -3  -3  -2  -2  -3  -3  -3  -4   3  -2  -3   0  -1  -3   0   1  -4  -3   3   36   0   0   2   0   0   0   0   0  19   0   0   2   3   0   5  11   0   0  21  0.47 0.29
  208 S     2  -3  -2  -3   0   0  -2  -3  -3   2   0  -2  -2  -1   0   4  -1  -4  -3   1   18   0   0   0   2   4   2   0   0  12   8   0   0   2   4  40   0   0   0   8  0.39 0.28
  209 A     3  -3  -2  -3   1  -2  -2   1  -3   0  -1  -1  -2  -1  -3   1   2  -4  -1   1   26   0   0   0   4   0   1  13   0   5   3   3   0   3   0   8  18   0   2  14  0.27 0.21
  210 Y    -3  -1  -3  -5   2  -1  -3  -5  -3  -1   1  -2   5   3  -1  -3  -3   6   4  -2    1   3   1   0   5   3   1   0   0   3  16   2  17  14   3   1   0  14  17   0  0.68 0.32
  211 G    -2  -5  -3   0  -5  -4  -2   7  -5  -6  -3  -2  -5  -6  -5  -3  -4  -5  -6  -6    1   0   0   6   0   0   2  85   0   0   3   2   0   0   0   1   0   0   0   0  1.74 0.57
  212 N    -1   1   2  -2  -4   2   2   3   1  -5  -4   3  -3  -5  -3   0  -2  -4  -3  -4    5   5  11   0   0   9  14  26   4   0   0  20   0   0   0   7   0   0   0   0  0.49 0.26
  213 M     2  -3  -3  -4   2  -2  -2  -2  -2   2   2  -2   2   1  -3  -2  -2   1  -2   1   20   0   0   0   5   1   3   3   1  17  24   2   6   8   0   1   0   2   0   7  0.24 0.18
  214 I    -2  -4  -1   0  -3  -1  -3  -4  -4   3   4  -3   2   0  -4  -3  -2   0  -2   1    1   0   3   8   0   3   0   0   0  22  42   0   4   2   0   0   0   1   1  10  0.53 0.27
  215 K    -1   2  -2  -1  -3   0  -1  -4   3   1   2   0   0   1  -3  -2  -2  -2   3  -1    5  12   0   5   0   5   2   0   9  10  21   5   1   7   0   0   1   0  13   3  0.21 0.17
  216 F    -1  -3  -2   4  -4  -3  -2  -4  -2   0   2  -2  -2   4  -4  -2  -2  -2   3   0    5   0   1  26   0   0   1   0   0   4  21   2   0  18   0   1   2   0  12   5  0.44 0.26
  217 C    -2   0  -1   2   6   1   1  -2   1  -3  -1   0   0  -4   1  -1   0  -4  -3  -2    0   6   2  15  22   8  11   3   4   0   6   4   3   0   7   2   5   0   0   2  0.40 0.24
  218 S    -1   3   2  -1  -2   1   1  -3  -1  -2  -1   1  -1   0   0   0   1  -3   1  -1    5  18  10   2   1   8   7   0   0   0   6   7   2   5   5   3  13   0   5   3  0.17 0.15
  219 G    -1  -1   1  -1  -2   0   0   1  -2   0   0   0   0  -1  -1   1   1  -3  -1   0    2   3   8   2   0   3   4  14   0   3   8   8   3   3   2  10  13   0   2  11  0.07 0.08
  220 E    -1   0   0   2  -3   1   1  -2   0  -1   1   2  -1  -3  -2  -1   1  -3  -3  -2    3   3   4  11   0   7  11   2   2   4  20  15   1   0   0   3  13   0   0   0  0.17 0.15
  221 I    -1  -1  -2  -1   2   0   0  -1  -1   1   1  -1   1   2  -2   0  -1  -2   2   0    3   2   0   2   5   4   8   4   1   8  15   3   5  14   1   9   3   0   8   4  0.09 0.11
  222 T    -1   1  -2   2  -4   1   3  -1  -2  -4  -4   1  -3  -3  -1   1   2  -3   3  -2    3   9   0  10   0   4  23   4   0   0   0   7   0   0   3   8  16   0  11   2  0.34 0.24
  223 R    -2   2  -2  -1  -4   2   1  -3   0   0  -1   2  -2   0   2   1  -1  -3   3  -2    1  10   0   2   0  10   8   0   2   7   6  18   0   3  10  10   2   0  13   0  0.27 0.21
  224 L    -1   0  -3  -2  -3   0  -1  -1  -1   1   3  -1   2   0  -2  -2  -1  -2   1   1    5   4   0   2   0   3   4   6   1  10  32   3   6   2   2   2   3   0   7   6  0.14 0.13
  225 Q    -1  -2  -2   1   0  -1  -1  -3  -2   1   1   1  -1   0   3   0  -1  -3   1   1    3   0   0   8   3   3   3   0   0  10  12  10   1   3  17   6   1   0   7  11  0.19 0.14
  226 S     0  -1  -2  -1  -3   0  -1  -1  -3   0  -1   0   0   2   3   1   0  -3  -2   1    5   3   0   2   0   6   4   3   0   5   2   5   3  10  19  12   5   0   0  15  0.22 0.16
  227 N    -1  -3   1  -1  -4  -2   1  -4  -3  -2   1  -2   1   2   5  -2  -3  -4  -1  -1    6   0   8   4   0   1  10   0   0   1  15   2   4  12  31   1   0   0   2   4  0.53 0.28
  228 M    -2  -3  -2   2  -4  -2   1  -4   0  -1   1  -1   2   1   4  -2   0  -3  -1   0    1   0   1  11   0   1   9   0   2   1  13   4   8   8  23   1   8   0   2   8  0.34 0.22
  229 P    -1  -2   1   3  -5  -1   4   1  -3  -4  -2   0  -3  -5   3  -1  -2  -5  -4  -3    3   1   5  19   0   0  28  12   0   0   6   6   0   0  15   4   1   0   0   1  0.51 0.28
  230 L    -2  -3  -1  -2   1  -1   0  -1  -3   1   3  -3   3   0  -1  -3  -2   3   2   1    2   0   3   2   3   3   6   6   0   9  32   0   8   3   2   0   0   5   9   8  0.25 0.19
  231 R     1   1  -1   0  -1   0   0  -1  -2  -3  -1   1  -2   0   1   1   1  -3   1  -2   13   9   2   5   1   5   4   4   0   0   5  10   0   5   7  15   8   0   6   1  0.13 0.12
  232 M    -3  -4  -4  -3  -3  -4  -4  -3  -4   4   3  -4   2   2  -4  -4  -3   5   0   3    0   0   0   1   0   0   0   2   0  25  25   0   6   9   0   0   0   8   2  19  0.63 0.29
  233 L    -1  -4  -4  -4  -3  -3  -2  -4   0   2   2  -4   2  -1  -2  -3  -2  -4  -1   5    3   0   0   0   0   0   3   0   3   7  20   0   5   2   1   1   0   0   2  49  0.63 0.31
  234 I    -2  -4  -5  -5  -3  -4  -3  -5  -5   5   2  -4   2  -2  -4  -4   0  -4  -3   3    2   0   0   0   0   0   2   0   0  45  19   0   4   0   0   0   5   0   0  22  0.85 0.37
  235 T     2  -3  -3  -3   0  -2   0   0  -3   3  -1  -2   3  -1  -3  -1   2  -4  -1   1   20   0   0   0   2   0   6   9   0  19   2   2  12   2   0   0  16   0   2   8  0.26 0.23
  236 N    -3  -3   6   3  -5  -3  -3  -4   1  -3  -3  -3  -4   1  -4  -2  -3   1   5  -3    2   0  45  15   0   0   0   0   4   1   1   0   0   5   0   1   0   2  21   2  1.07 0.47
  237 T     1  -3  -2  -3  -3  -3  -3  -3  -4  -1  -1  -3  -1  -2   2   3   5  -5  -4  -2   10   0   0   0   0   0   0   0   0   4   5   0   1   1  10  23  45   0   0   0  0.75 0.41
  238 R    -2   1   5   0  -4  -2   0   3   1  -4  -1   0  -1  -4  -1  -1  -2  -4  -4  -2    0   9  31   4   0   0   5  26   3   0   8   6   1   0   3   1   0   0   0   2  0.50 0.28
  239 V    -2  -1   1  -1  -3   0  -1  -3   0   2  -2   2  -1   0  -3  -1  -1  -3   1   3    0   2   6   4   0   4   2   0   3  13   0  20   0   4   0   4   2   0   4  31  0.26 0.23
  240 G    -2   3  -1  -2  -4   0   0  -2  -3  -4  -4   3  -3  -4   4   2  -2  -5  -4  -1    1  17   1   0   0   3   5   1   0   0   0  23   0   0  22  21   1   0   0   4  0.62 0.32
  241 R    -2   5  -1  -3  -4  -1  -1  -1   4  -2  -3   1  -1  -4  -4   1  -1  -4  -3   0    2  45   2   0   0   0   3   5  12   2   0   5   2   0   0  10   2   0   0   8  0.65 0.34
  242 N    -1  -1   4   1  -4  -1   2  -2  -2  -4  -2  -2  -3  -1   0   3  -1  -4  -3  -2    3   3  26   5   0   0  18   1   0   0   3   0   0   3   5  28   2   0   0   3  0.49 0.30
  243 T    -1  -2  -2  -3   3  -2   0  -3  -1  -1   1   0  -2  -3  -3   1   5  -4  -3  -1    3   2   0   0   7   1   6   0   1   3  15   6   0   0   0  11  42   0   0   1  0.48 0.30
  244 K     3   4  -2  -1  -4  -1  -1  -1   3  -4  -4   2  -3  -4  -3  -1  -2  -4  -3  -2   30  31   1   2   0   0   2   5   8   0   0  15   0   0   0   2   0   0   0   2  0.60 0.33
  245 A    -1   4  -2   2   0   1   3  -2  -2  -4  -3   2  -3  -2  -3  -1  -1  -4  -3  -3    4  27   0  13   3   4  26   2   0   0   1   9   0   2   0   3   3   0   0   1  0.52 0.28
  246 L     1   1  -2  -2  -2   1   1  -3  -1   0   2  -2   1  -2  -3   0  -1  -3  -1   1   16   7   0   0   0   9   9   0   2   4  28   0   3   0   0   8   1   0   2  11  0.18 0.17
  247 V    -1   1  -2  -2  -1   2   1  -1   1   1   0   0  -1  -2  -3  -1  -2  -3  -2   3    4   9   0   0   1  11  11   6   5   7   7   5   0   1   0   4   0   0   0  28  0.17 0.17
  248 S     1  -1  -2  -2   3   0   0  -1   1  -1  -2  -2  -2   2  -3   1   0   3   2   0   14   4   0   0   9   4   8   4   4   4   1   0   0  12   0  11   4   4   7   7  0.18 0.20
  249 G     0   1   1   0  -3   0   1   1   1   0  -2   1   0  -2  -2   0   0  -2   1  -1    4   7   7   5   0   4   9  13   4   9   1   8   4   0   0   8   5   0   7   4  0.09 0.12
  250 V     0  -3  -3  -1   2  -2   3  -4  -3   0   1  -1  -2  -2  -3  -2  -1  -4   0   3   10   0   0   2   5   0  24   0   0   2  14   4   0   1   0   1   3   0   4  27  0.34 0.30
  251 S     2   3   0  -1  -3  -1   0   0   0  -2  -1   0  -2  -1   0  -1  -2  -3   2  -1   19  24   4   2   0   2   5   7   2   2   8   2   0   2   5   3   0   0   8   4  0.21 0.22
  252 Q     2   1   1  -2  -3   1   2  -1  -2  -3  -1   2  -2  -4  -1   1   0  -4  -3  -1   19   9   6   0   0   6  17   2   0   0   7  12   0   0   3  10   4   0   0   5  0.24 0.23
  253 R     0   5   0  -3  -4   2   0  -4  -3  -1   1   2  -2  -4  -4  -1  -1  -5  -4  -3    7  34   5   0   0   8   5   0   0   4  15  15   0   0   0   4   3   0   0   0  0.54 0.37
  254 A     0   2  -3  -2  -3  -1  -2  -4   0   0   1   0  -1   2  -4  -1   0   2   4   0    9  15   0   2   0   2   1   0   2   6  14   6   0   9   0   4   5   2  16   5  0.24 0.22
  255 V    -2   2  -1   0  -4   1   1  -2  -2  -1   2   2  -1   1  -3  -1   0   1  -1  -2    2  11   2   5   0   7  11   3   0   2  23  14   0   8   0   2   5   2   2   2  0.18 0.20
  256 R    -1   3   0   0  -4   3   2   1   0  -4  -2   2  -3  -4  -2   0   0  -4  -1  -4    5  21   4   5   0  14  12  10   2   0   4  12   0   0   2   4   5   0   2   0  0.35 0.26
  257 H    -1  -1   0  -2   1   2   0  -1   0   0   1   0   2   1  -3  -1   0  -3   0   1    4   2   4   0   4  13   5   5   2   5  19   4   6   6   0   1   5   0   4   9  0.09 0.14
  258 P     0  -1  -1   1   3   0   0   1  -3  -4  -2   3  -3  -4   4  -1  -2  -4  -4  -3    8   1   1   8   8   3   6  11   0   0   3  21   0   0  22   3   1   0   0   2  0.45 0.28
  259 D     2  -2  -1   2  -4   0   5  -3   1  -4  -2  -1  -3  -4  -2   0   1  -5  -4  -4   16   0   2   9   0   2  45   0   4   0   5   3   0   0   1   4   7   0   0   0  0.65 0.41
  260 A     0  -1  -2  -2  -3  -2  -1  -4  -3   2   3  -1   1   0  -2  -1  -2  -3  -2   2    7   4   1   2   0   0   5   0   0  12  37   5   3   4   1   3   0   0   0  16  0.30 0.23
  261 M    -1   2  -1   0  -1  -1  -2  -2   0   2   0  -1   2   0  -1   0   0  -3   0   1    3  16   3   5   1   1   0   3   2  15   5   2   6   3   2   7   7   0   4  14  0.09 0.14
  262 K     0  -1   0   3  -3   1   2  -1  -2   0   0   0  -2   0  -1   0  -1  -3  -2   0    8   2   4  21   0   5  13   3   0   9   8   6   0   5   2   5   2   0   0   5  0.15 0.15
  263 S    -1   2  -1  -1  -3   0   2  -2   0  -2  -2   1  -2  -3   2   1  -1   0  -1   1    3  11   3   2   0   3  17   2   2   0   4  11   0   0  12  11   1   2   2  15  0.24 0.22
  264 V    -1  -1  -2  -1  -2  -1  -1  -2  -3   3   1  -2   1   0  -2   1   1  -3  -1   1    1   2   0   4   0   2   4   3   0  20  18   2   3   4   2  17   9   0   1   9  0.15 0.18
  265 F    -2  -2  -3  -4  -3  -1  -3  -2  -3   2   3  -3   2   3  -2   0  -1  -2   2   0    0   2   0   0   0   3   1   3   0  13  35   0   6  14   2   9   2   0   7   3  0.38 0.27
  266 N     0   1   2   3  -4   1   3   0  -2  -4  -3   0  -3  -4  -3  -1   0  -4  -3  -2   10   6  11  20   0   6  21   6   0   0   1   5   0   0   0   2   7   0   0   2  0.39 0.26
  267 A     2   1  -1   0  -3   1   2  -2   0  -2   0  -1  -2  -3  -2   2   0  -4  -3   0   19   7   2   3   0   7  15   0   2   0  11   2   0   0   0  19   5   0   0   6  0.21 0.21
  268 V     1  -2  -2  -3  -3  -2  -2  -3  -1   2   2   0   3   3  -3  -2   0  -2   1   0   11   2   1   0   0   0   2   0   2  12  23   6  11  13   0   2   6   0   4   4  0.23 0.20
  269 D     0  -1   1   3  -3   0   2   2  -2  -3  -4   1  -3  -2  -3   0   0  -4  -1  -3   10   3   7  21   0   3  12  20   0   1   1   9   0   2   0   4   4   0   2   1  0.33 0.22
  270 S     2  -1  -1   0  -3   0   2  -1   2  -1  -1   1  -2  -1  -1   0   0  -3   2   0   18   2   1   4   0   3  15   2   6   1   4   9   0   2   2   8   5   0   8  10  0.13 0.15
  271 I    -1   0  -3  -3   0  -2  -2  -1  -1   4   2  -1   1  -2  -3  -2  -1  -3  -1   2    5   5   0   0   2   2   2   4   2  29  21   3   2   0   0   0   3   0   2  16  0.28 0.21
  272 S     1  -1  -2  -1  -2  -1   0  -2  -2   0  -1   0   0   0  -2   2   1  -2   2   1   13   4   0   2   0   2   4   2   0   6   3   5   2   4   0  18  10   0   9  15  0.12 0.15
  273 K     0   1   0   1  -2   0   3  -3   2  -2   0   1  -2  -1  -3   1  -1  -4  -2  -2    8   7   5   7   1   3  21   0   5   2  12  11   0   3   0  12   2   0   0   0  0.20 0.20
  274 E    -2   1  -2   1  -4   1   5  -2  -2  -3  -1   3  -3  -4  -3  -1   0  -4  -3  -3    2   7   0   5   0   4  42   2   0   2   8  19   0   0   0   3   5   0   0   1  0.58 0.35
  275 L     3  -3  -1  -2   3  -1  -1  -1  -3   0   2  -2   1  -2  -3  -1  -1  -3   0  -1   29   0   2   1   6   2   3   4   0   3  30   1   3   0   0   3   4   0   4   2  0.25 0.23
  276 A     1   1   0   3  -3   0   1  -1  -2  -2  -1   1  -2  -3   1   1   0  -4  -3  -2   11   7   3  21   0   1   7   3   0   0   7  11   0   0   6  11   6   0   0   3  0.22 0.17
  277 A     0   3  -1   1  -4  -1   3  -2   1  -3  -3   2  -3  -4   2  -1   1  -4  -3  -2    6  17   1   7   0   0  25   2   3   0   1  11   0   0  11   2   9   0   0   3  0.41 0.27
  278 I     0  -2  -2  -1   1  -1   0  -2   0   2   1  -2   1  -2  -1  -2   0  -1  -2   3    9   2   1   3   3   3   7   2   2  11  13   1   4   0   2   0   4   1   0  32  0.20 0.20
  279 I     0  -2  -3  -3  -1  -2  -3  -2  -1   2   3  -1   1  -2  -2  -2  -1  -3  -3   2   10   1   0   1   1   1   0   4   2  16  38   5   3   0   1   0   3   0   0  12  0.32 0.24
  280 Q     0   1  -2  -2  -1   1   1   0  -2   0   1   0  -1   0  -2  -1   0  -2   1  -1   11   8   0   0   1   6   9   9   0   5  23   5   0   4   0   4   5   0   7   1  0.08 0.13
  281 S    -1   2   1  -2  -3  -1   0  -3  -2  -2  -2   4  -3  -1  -1   3  -1  -4  -3  -2    4  13   5   0   0   1   6   0   0   2   3  30   0   3   2  26   2   0   0   2  0.43 0.31
  282 K    -1   5   0   0  -4   0   0   0  -2  -3  -1   2   2   1  -3  -2  -1  -3  -3  -3    3  36   5   5   0   2   4   9   0   0   5  12   8   6   0   0   2   0   0   0  0.43 0.30
  283 D     3  -1  -1   2  -2   0  -2  -2  -1  -1   0   0  -2  -1  -3   0   0  -3   0   1   33   4   2  12   0   4   0   1   2   3   8   5   0   2   0   5   4   0   3  12  0.18 0.21
  284 E    -1   4  -2   2   0   1   3  -3   1  -2  -2   1  -3  -1  -3  -1  -1  -4  -3  -3    4  33   0  11   3   5  18   1   4   2   3   8   0   3   0   2   2   0   0   0  0.49 0.30
  285 T     2  -2  -1   0  -4  -2   1  -1   8  -4  -4  -1  -3  -1  -3   0  -1  -4   1  -4   20   2   1   4   0   0  10   3  40   0   0   2   0   2   0   5   3   0   5   0  0.84 0.45
  286 S     2  -2  -2   0   0  -1   0  -3   0   1   0  -2  -1  -2   0   0   0  -3  -2   3   18   0   0   6   2   2   8   1   2   8   9   2   0   0   4   6   3   0   0  26  0.16 0.18
  287 V    -1  -2  -3   0  -2  -2  -1  -3   0   2   1   0   1  -2  -1  -1   0  -4  -2   4    5   0   0   6   0   0   3   1   3  12  13   9   2   0   3   3   4   0   0  36  0.27 0.23
  288 T    -1   0   1   1  -2  -1   2   0  -1  -1  -1   0  -2  -1   2   0   2   0   0  -2    4   7   7   7   0   1  15   6   0   4   5   4   0   3   9   7  16   1   3   1  0.14 0.11
  289 E    -2   0   3   1   2   0   5  -1   2  -4  -4   0  -3  -4  -3   0  -2  -4  -3  -3    1   3  14   6   4   3  41   5   6   1   1   6   0   1   1   6   1   0   0   1  0.56 0.30
  290 K    -1   0   5   1  -4   1   1  -3   0  -1  -3   1  -3   0  -1   0  -2  -4  -3  -3    5   3  37   7   0   6   7   0   2   6   1  10   0   5   3   6   0   0   0   0  0.46 0.29
  291 E     0  -1  -1  -1  -3   1   0  -2   0   0   0   0   0   3  -3  -1  -1  -2   3   1   11   3   1   2   0   8   6   3   1   4   8   7   2  13   0   2   3   0  14  10  0.12 0.14
  292 E    -1   2  -1   1  -3   2   2  -3  -1  -2   0   1  -1  -3  -2   0   1  -3  -2   0    1  17   0   7   0  10  19   1   0   0  11   7   0   0   0   8   8   0   0   9  0.22 0.14
  293 R     0   1   2   1  -3   2   1  -1  -1  -2  -1   2  -2  -3   0  -1   1  -4  -3   0    5   7  11   7   0  10  10   5   0   0   6  13   0   0   5   0  13   0   0   8  0.17 0.12
  294 I    -1   0  -4  -4  -3  -3  -2  -5  -4   1   4   0   0   2  -4  -3  -3  -3  -2   1    5   5   0   0   0   0   3   0   0   6  58   6   1   9   0   0   0   0   0   7  0.55 0.28
  295 K     1   1  -2   0  -4   2   2   3  -1  -2  -2   2  -2  -4  -3  -1  -2  -4  -3  -2   11   6   0   4   0  11  13  30   1   3   3  17   0   0   0   0   1   0   0   2  0.37 0.21
  296 E     3  -1  -2   0  -3   0   3  -2  -2  -3  -2   0  -2  -1  -3   0  -1  -3   0  -1   39   3   0   5   0   3  26   1   0   0   4   4   0   2   0   3   2   0   5   4  0.37 0.25
  297 L     1  -1  -4  -4  -2  -1  -3  -4  -1   1   4  -2   0   0  -4  -1  -1  -3   0   1   13   3   0   0   0   3   0   0   2   7  47   1   0   3   0   3   3   0   4  11  0.35 0.21
  298 M     0  -2   0   1  -3   0   0  -4  -3   1   0   1   7  -3  -4  -1  -2  -4  -1  -1   10   0   5   8   0   4   5   0   0   7   4  11  39   0   0   2   0   0   2   3  0.50 0.32
  299 E     3   0   3   0  -3  -2  -1  -1  -2  -2  -2  -1  -2  -1  -3   0   0  -3   1   0   37   4  22   4   0   0   2   3   0   0   3   2   0   1   0   4   3   0   7   7  0.32 0.23
  300 M    -2  -1  -3  -3  -3   0   1  -4  -3   3   4  -1   3  -1  -4  -3  -1  -3  -2   0    2   3   0   0   0   3  10   0   0  17  45   4   8   1   0   0   2   0   0   4  0.41 0.23
  301 N     2   0   4   0  -3   1   1  -2  -2  -4  -4   1  -3  -4  -3   2  -1  -5  -3  -2   23   3  29   3   0   4   8   0   0   0   0  11   0   0   0  17   2   0   0   1  0.49 0.27
  302 Q     0   0  -1   1  -4   4   3  -3   6  -4  -4   0  -3   0  -3  -1  -2   1  -2  -4    8   4   1   7   0  22  18   0  23   0   0   5   0   4   0   3   1   3   0   0  0.58 0.28
  303 G    -1   1   1   0  -4   0   0   4   2  -4  -4  -1  -3  -4   0   0  -2   1  -2  -4    3   8   6   5   0   3   7  43   6   0   0   2   0   0   4   8   0   2   1   0  0.52 0.22
  304 L    -2  -2   1   5  -4  -2   0  -3   1   0   2  -2  -2  -3  -3   0  -2  -4   0  -2    3   2   6  42   0   0   4   0   4   5  23   0   0   0   0   8   0   0   4   0  0.51 0.28
  305 L    -2   0  -4  -4   3  -3  -2  -4  -3   1   4  -1   2   1  -4  -3  -1  -3  -1   1    0   6   0   0   7   0   3   0   0   5  52   4   5   4   0   0   2   0   2   7  0.47 0.24
  306 L    -1   2   0   3  -4   0   2  -1  -2  -3  -2   2  -2  -2  -2   0   0  -4  -3  -1    2  11   3  19   0   2  19   5   0   0   2  16   0   2   1   6   4   0   0   8  0.28 0.17
  307 S     2   2  -1   0   2  -1  -1  -1  -2  -2  -1   2  -2  -3   0   1   1  -4  -3   0   19  12   2   5   6   1   2   3   0   1   6  15   0   0   3  11   8   0   0   6  0.15 0.13
  308 M    -3  -3  -4  -5  -3  -3  -4  -5  -3   1   4  -1   5   3  -5  -4  -3  -2   3  -1    1   0   0   0   0   0   0   0   0   6  39   5  24  14   0   0   0   0  10   1  0.74 0.33
  309 G     0  -3   2  -2  -4  -2   0   6  -2  -4  -2  -3  -3  -3  -3  -2  -3  -3   1  -4    5   0  11   0   0   0   8  60   0   0   5   0   0   0   0   0   0   0   7   0  0.87 0.32
  310 V     1  -3  -3  -2   2   0   3  -3  -3   2  -2  -1  -2  -3  -3  -1  -2  -4  -3   3   16   0   0   1   5   3  27   0   0  11   0   2   0   0   0   2   0   0   0  33  0.41 0.26
  311 S    -1  -3  -2  -3  -3  -2  -2   0  -3  -4  -4  -2   1  -1  -3   6   1  -4  -3  -3    0   0   0   0   0   0   0   6   0   0   0   0   4   3   0  77   7   0   0   0  1.11 0.48
  312 H    -3  -3   2  -3   6  -2  -3  -2   8  -4  -2   0  -3  -4  -4   0   1  -5  -2  -4    0   0  12   0  17   0   0   3  45   0   4   5   0   0   0   5  10   0   0   0  1.14 0.44
  313 S     1  -1  -1  -1  -3  -1   1  -3  -1   1  -1   0   1  -2   4   0  -1  -4  -1   0   12   3   3   2   0   1   9   0   1  12   2   7   5   1  26   5   1   0   2   6  0.34 0.17
  314 S    -1  -2   0  -1  -4  -1   4  -2  -2  -5  -4   1  -4  -1  -3   4  -2  -4  -1  -4    1   0   4   0   0   0  35   2   0   0   0  10   0   3   0  43   0   0   3   0  0.75 0.39
  315 I    -2  -4  -5  -5  -3  -3  -1  -5  -4   2   5  -4   5   1  -4  -4  -1  -3  -3   0    2   0   0   0   0   0   5   0   0   9  59   0  16   4   0   0   3   0   0   3  0.77 0.33
  316 E    -1   4   1   5  -4  -1   3  -3   0  -4  -4   0  -3  -4  -3  -1  -1  -5  -3  -4    4  27   4  34   0   0  18   0   2   0   0   5   0   0   0   2   3   0   0   0  0.71 0.30
  317 A    -1   0   0   4  -3   1   1  -3   0  -2   0   1  -1   0  -2  -1   0   0   0  -2    5   5   2  28   0   9  10   0   2   0  11   8   1   6   0   1   5   1   3   1  0.25 0.16
  318 V    -3  -3  -2   4  -3  -3  -2  -4  -3   3   2  -3  -1   0  -3  -3  -1  -4  -3   2    0   0   0  32   0   0   0   0   0  21  25   0   0   4   0   0   2   0   0  13  0.51 0.26
  319 I    -3  -3  -4  -5   4  -3  -4  -5  -2   0  -1   1  -2   4  -5  -3  -3  -2   6   3    0   0   0   0  11   0   0   0   0   4   1  10   0  17   0   0   0   0  30  27  0.79 0.36
  320 L     1  -1  -1   1  -2   2   5  -3  -2  -1  -2   0  -3  -2  -3   0  -2  -4  -1  -3   11   2   2   8   1  11  43   0   0   5   2   5   0   2   0   6   0   0   2   0  0.49 0.26
  321 T     2   0  -4  -4  -2  -3  -2  -3  -4   3   0  -3  -1   0  -3  -2  -1  -4  -2   4   24   5   0   0   0   0   2   0   0  25   4   0   0   3   0   1   2   0   0  32  0.44 0.25
  322 T     2   0  -2  -2   1  -2   0  -2  -3  -3  -2   0   0  -4  -3   2   4  -4  -3  -2   20   6   0   0   4   0   5   2   0   0   3   4   3   0   0  15  37   0   0   0  0.45 0.27
  323 V     0   2  -1  -1  -3   2   2  -3  -2   0   0   0  -1  -3  -3  -1   0   1  -2   1    7  14   3   2   0  14  15   0   0   6  10   4   0   0   0   2   6   2   0  15  0.18 0.15
  324 K     2   1  -1   1  -3   0   2   0  -2  -3  -3   2  -3  -4   3   0  -2  -4  -3  -3   18   8   1   8   0   1  14   8   0   0   3  13   0   0  17   8   0   0   0   0  0.36 0.19
  325 H    -1  -2   1   1  -3  -2   0   4   2  -1  -2  -2  -1   0  -3  -1  -1  -3   0  -1    2   1   6   7   0   0   5  44   6   4   4   2   2   5   0   1   3   0   3   5  0.40 0.20
  326 K     2  -1  -1  -2   1   0  -1   3  -3   0  -2  -1  -2  -3  -2   0  -1  -3  -3   2   21   3   2   1   4   3   4  26   0   3   1   4   0   0   0   5   2   0   0  19  0.25 0.17
  327 L     0  -3  -3  -3  -2  -3  -3   2  -2   1   3  -3   0   1  -3  -1  -2  -2   2   0    9   0   0   0   0   0   0  16   0   8  40   0   0   6   0   4   0   0  11   4  0.32 0.19
  328 V     0  -4  -1  -3  -1  -3  -4   6   1  -4  -4  -3  -4  -4  -4  -2  -3   1  -4  -1    7   0   2   0   2   0   0  73   4   0   0   0   0   0   0   0   0   2   0   7  1.22 0.39
  329 S     5  -2  -2  -3  -3  -2  -3  -2  -3  -3  -3  -2  -3  -1  -3   4   0  -4  -3   0   50   1   0   0   0   0   0   0   0   0   0   0   0   3   0  33   4   0   0   8  0.74 0.36
  330 K    -3   7  -3  -4  -5  -1  -2  -4  -3  -4   0   4  -3  -5  -4  -3  -3  -5  -4  -4    0  60   0   0   0   0   0   0   0   0   9  31   0   0   0   0   0   0   0   0  1.34 0.47
  331 L     0  -4  -4  -5  -3  -3  -4  -4  -4   1   3  -4   7   0  -1  -1  -2  -3  -3  -1    7   0   0   0   0   0   0   0   0   8  32   0  40   4   3   5   0   0   0   1  0.82 0.36
  332 T    -2  -3  -3  -4  -3  -3  -3  -4  -4  -1  -3  -1  -3  -4   0   0   7  -5  -4   0    0   0   0   0   0   0   0   0   0   3   0   3   0   0   5   3  80   0   0   6  1.33 0.52
  333 G    -2  -4  -3  -4  -5   0  -4   7  -4  -6  -6  -4  -5  -6  -4  -3  -4  -5  -5  -6    0   0   0   0   0   5   0  95   0   0   0   0   0   0   0   0   0   0   0   0  1.96 0.49
  334 A     5  -2  -3  -3  -3  -3  -3   3  -3  -3  -1  -3  -3  -4  -3   1  -2  -4  -4  -2   60   2   0   0   0   0   0  23   0   0   5   0   0   0   0  10   0   0   0   0  0.78 0.32
  335 G    -2  -5  -3  -4  -5  -4  -5   7  -5  -6  -6  -4  -5  -6  -5  -3  -4  -5  -6  -6    0   0   0   0   0   0   0 100   0   0   0   0   0   0   0   0   0   0   0   0  2.17 0.52
  336 G    -3  -4  -3  -4  -4  -4  -4   3  -3   0  -2  -4  -2   6  -4  -1  -3   6   0  -3    0   0   0   0   0   0   0  28   0   6   0   0   0  46   0   5   0  11   0   0  0.99 0.32
  337 G    -1  -4  -2  -3  -4  -3  -4   7  -4  -5  -5   0  -4  -5  -4  -2  -3  -4  -5  -5    4   0   0   0   0   0   0  87   0   0   0   6   0   0   0   0   0   0   0   0  1.62 0.40
  338 G    -2  -5  -2   1  -5  -4  -4   7  -4  -6  -6  -4  -5  -5   0  -2  -4  -5  -5  -5    0   0   0   8   0   0   0  87   0   0   0   0   0   0   5   0   0   0   0   0  1.71 0.44
  339 C     0  -5  -4  -5  10  -4  -5  -2  -5  -4  -4  -4  -4  -1  -5   2   0  -5  -4  -3    6   0   0   0  68   0   0   2   0   0   0   0   0   3   0  16   5   0   0   0  1.93 0.49
  340 V     2  -3  -2  -3  -2  -3  -3   0  -3   3  -1  -3   1  -2  -3   0   3  -4  -3   2   17   0   0   0   0   0   0   8   0  23   0   0   5   0   0   6  21   0   0  19  0.33 0.18
  341 L    -2  -4  -5  -5  -3  -4  -4  -5  -4   5   1  -4  -1   3  -4  -4  -2  -3   2   4    0   0   0   0   0   0   0   0   0  38   7   0   0  12   0   0   0   0   7  36  0.75 0.26
  342 T     4  -3  -2  -3   0  -2  -2   0   2   0  -2  -2  -2  -3  -3   1   2  -4  -3   1   50   0   1   0   2   0   0   4   6   5   0   0   0   0   0  11  12   0   0  10  0.45 0.22
  343 L    -3  -4  -5  -5  -3  -4  -5  -5  -5   3   5  -4   1   1  -5  -4  -3  -3  -2   0    0   0   0   0   0   0   0   0   0  21  70   0   2   5   0   0   0   0   0   1  0.97 0.30
  344 L     1  -3  -3  -4   3  -3  -3  -3  -3   1   2  -3   1   0  -3  -1  -1  -3  -2   4   17   0   0   0   7   0   0   0   0   2  19   0   2   4   0   3   2   0   0  42  0.38 0.18
  345 P    -1   1   0   1  -3  -1   0  -2   1  -3  -3   3  -3  -3   5  -1  -1  -3  -3  -3    3   6   4   9   0   1   5   1   4   1   1  22   0   1  36   2   3   0   0   1  0.67 0.18
  346 T     1   0  -1   1  -2   0   3  -2   0  -2  -2   2  -2  -3   2   0   0  -3  -2  -1   11   5   1   7   0   2  22   1   3   1   2  16   0   1  12   5   6   0   1   4  0.26 0.09
  347 G     1  -2   1   4  -3   0   1   3  -2  -3  -3  -1  -2  -3  -1   0  -1  -3  -3  -3   13   1   5  29   0   3  10  23   0   1   1   3   1   0   2   3   3   0   0   1  0.40 0.14
  348 T     1   0   1   1   0   0   3  -1  -1  -2  -2   0  -1  -3   0   1   1  -3  -2  -2   16   3   8   8   2   3  23   4   1   0   4   3   1   0   3  10   8   0   0   1  0.20 0.09
  349 V     0  -1   0   0  -1   2   0  -2  -1   0  -1   2  -1   1  -2   0   0  -2   0   1    6   1   4   6   1  11   2   2   0   3   6  22   0  10   1   4   4   0   2  15  0.09 0.09
  350 V     0   0  -2  -2  -2   1   0  -3  -2   2   1  -1   0  -2  -2  -2  -1  -3  -2   3    9   5   1   1   0   8   7   1   0  11  11   2   0   0   2   1   2   0   0  38  0.22 0.13
  351 D    -2  -1   2   4  -4   0   3  -1  -1  -4  -4   2  -3  -4   0   0  -1  -4  -3  -3    2   2   8  33   0   2  21   2   1   0   0  13   0   0   4   7   3   0   0   0  0.55 0.18
  352 K     2   1   0   0  -2   1   2  -1   0  -1  -1   1  -1  -3  -2   1   0  -3  -2  -2   24   9   4   5   0   5  15   2   2   3   8  10   0   0   0  10   3   0   0   0  0.18 0.10
  353 V     0  -3  -2  -4  -2  -3  -3  -1  -3   1   2  -3   0   3  -3  -1  -1  -2  -1   3    7   0   2   0   0   0   0   5   0   4  19   0   2  19   0   3   3   0   0  35  0.33 0.16
  354 V     0   3  -2  -2  -3   0   1  -1  -2   0  -1   3   0  -2  -2  -1   0  -4  -2   1    8  18   0   0   0   1   9   3   0   7   4  25   2   1   0   3   4   0   0  14  0.21 0.13
  355 E    -1   1  -1  -1  -4   4   5  -3   0  -4  -4   2  -3  -4  -3  -1   0  -4  -2  -4    4   5   2   0   0  21  42   0   1   0   0  13   0   0   0   3   7   0   1   0  0.70 0.26
  356 E     3   0   0  -1  -3   2   2  -2   0  -2  -2   1  -2  -3  -2   1   0  -4  -3  -2   32   4   4   1   0  10  16   0   2   2   2  10   0   0   0   9   5   0   0   1  0.30 0.16
  357 L    -1  -3  -4  -4   2  -2  -2  -4  -3   2   2  -1   1   1  -4  -3  -2   4   2   3    4   0   0   0   6   2   1   0   0  10  28   4   2   4   0   0   0   6   8  24  0.35 0.16
  358 E    -1   3  -1  -1  -3   2   2  -3   1  -2  -2   1  -1  -3  -2   1   1  -4  -2   0    1  19   0   0   0  13  20   0   4   1   2   8   1   0   0  11  11   0   0   8  0.32 0.16
  359 S     1  -1   0   1  -3   0   2   0  -1  -1  -3   2  -2  -3  -2   1   1  -3  -1  -2   13   1   4  10   0   1  19   5   1   6   0  16   0   0   0   9  12   0   2   0  0.22 0.12
  360 S     2   0   1   0   2   0  -1   3   0  -3  -3   0  -2  -3  -2   1  -1  -3  -1  -2   28   6   6   4   5   3   2  22   3   0   0   5   0   0   0  15   0   0   3   0  0.29 0.13
  361 G    -1  -3  -2  -3  -3  -3  -3   4  -2   0   1  -1  -1  -2  -3   0  -2  -2   2   1    2   0   0   0   0   0   0  44   0   7  14   4   0   0   0   6   0   0  12  11  0.44 0.18
  362 F     0   0   0  -2  -3  -1  -2   1  -1  -1  -2   2  -2   3  -3   0   0  -1   3  -2    7   4   3   0   0   1   0  13   0   3   0  22   0  20   0   5   8   0  13   0  0.24 0.13
  363 Q     0   0  -1   2  -4   3   4  -3   0  -3  -3   1  -1  -4  -1   0   1  -4  -3  -3    7   5   0  12   0  15  33   0   2   0   0   8   2   0   1   3  12   0   0   0  0.46 0.16
  364 C     1  -1  -1  -1   3  -1  -1  -1   0  -1  -1  -1  -1  -2   1   1   3  -3  -2  -1   15   3   0   2   8   1   3   3   3   3   7   3   0   2   8   7  29   0   0   2  0.19 0.11
  365 F    -3  -3  -1  -4  -1   0  -3  -4  -2   0   0  -3   2   6  -5  -3  -3   4   4  -1    0   0   3   0   1   7   0   0   0   5   3   0   6  46   0   0   0   6  17   4  0.83 0.24
  366 T    -2  -3  -2  -1  -4  -1   2  -4   1   0  -3  -2  -2   0   3  -1   1  -1   5  -1    0   0   0   3   0   2  19   0   4   9   0   0   0   0  16   2   9   0  34   2  0.55 0.21
  367 A     1   0  -2   0  -2  -2  -1  -3  -3   0   0  -2  -1  -2  -3   0   3  -4  -3   3   13   6   0   6   0   0   2   0   0   0   9   0   0   0   0   6  21   0   0  37  0.27 0.18
  368 L     0   1  -2  -1   6   0   0  -3  -2  -3  -2   1  -2  -3  -3   2   1  -4  -2  -1    7  10   0   3  24   3   5   0   0   0   3  12   0   0   0  19  11   0   1   2  0.40 0.19
  369 I    -2  -2  -2  -1  -2   1  -1  -2  -3   4   1   0   0  -2  -3  -1   2  -3   0   1    0   0   0   2   0   9   2   2   0  37  12   6   0   0   0   4  18   0   3   4  0.24 0.17
  370 G     4  -3  -2  -3  -2  -2  -3   4  -3  -1  -2  -2  -2  -4   0   1  -2  -4  -3  -2   47   0   0   0   0   0   0  33   0   4   3   0   0   0   4   8   0   0   0   0  0.64 0.25
  371 G     2   0  -1   1   1   1   0   2   0  -3  -3   0  -2  -3  -2   2  -1  -3   0  -2   24   5   0   7   3   6   4  20   3   0   0   4   0   0   0  18   1   0   5   0  0.26 0.12
  372 N    -1  -2   1   3  -4   2   3  -3  -2  -4  -4  -1  -3  -5   5  -1  -1  -5  -4  -4    5   0   6  22   0  12  21   0   0   0   0   0   0   0  29   0   4   0   0   0  0.78 0.22
  373 G    -1  -3  -2  -3  -4  -3  -4   7  -4  -5  -5   0  -4  -5  -4  -2  -3  -4  -5  -5    0   0   0   0   0   0   0  93   0   0   0   7   0   0   0   0   0   0   0   0  1.66 0.36
  374 A     3  -3  -3  -4   2  -2  -3  -2   2   0   1  -3   0  -2  -3  -1  -1  -4  -2   3   39   0   0   0   4   0   0   0   7   0  11   0   2   0   0   0   0   0   0  37  0.41 0.20
  375 Q     0   3  -1  -2   1   1  -1   2   2  -4  -3   1  -2  -4  -2   3   0  -4  -2  -3    4  24   0   0   4   5   0  15   7   0   0   7   0   0   0  31   3   0   0   0  0.37 0.16
  376 I    -2  -3  -3  -3   2   0  -1  -4  -3   3   3  -3   1  -1  -3  -2  -1  -3  -2   3    0   0   0   0   5   5   4   0   0  23  31   0   3   0   0   0   1   0   0  26  0.37 0.13
  377 C    -1  -4  -3  -4   9  -3  -4  -3  -4   0   1  -4  -1  -2  -3  -2  -1  -3  -3   1    0   0   0   0  73   0   0   0   0   0  13   0   0   0   0   0   0   0   0  14  1.14 0.11
  378 Y    -2  -1  -1  -3  -3  -1  -1  -3   6  -2  -2  -2  -1   2  -3  -2  -2   1   6  -2    0   0   0   0   0   0   0   0  33   0   0   0   0   0   0   0   0   0  67   0  0.76 0.03

                      K         Lambda
Standard Ungapped    0.1302     0.3151
Standard Gapped      0.0358     0.2670
PSI Ungapped         0.1169     0.3173
PSI Gapped           0.0358     0.2670
