
Last position-specific scoring matrix computed, weighted observed percentages rounded down, information per position, and relative weight of gapless real matches to pseudocounts
            A   R   N   D   C   Q   E   G   H   I   L   K   M   F   P   S   T   W   Y   V   A   R   N   D   C   Q   E   G   H   I   L   K   M   F   P   S   T   W   Y   V
    1 M    -2  -2  -3  -4  -2  -1  -3  -4  -2   0   1  -2   8  -1  -3  -2  -1  -2  -2   0    0   0   0   0   0   0   0   0   0   0   0   0 100   0   0   0   0   0   0   0  1.02 0.14
    2 A     4  -2  -2  -2  -1  -1  -2   2  -2  -2  -2  -1  -2  -3  -1   1   0  -3  -2  -1   78   0   0   0   0   0   0  17   0   0   0   0   0   0   0   0   5   0   0   0  0.52 0.07
    3 S     4  -2  -2  -2  -1  -1  -1  -1  -2   0  -1  -1  -1  -2  -1   2   0  -3  -2   0   63   0   0   0   0   0   0   0   0   5   4   0   0   0   0  20   0   0   0   8  0.35 0.06
    4 E    -1   1   0   1  -4   5   1   1  -1  -4  -3   3  -1  -4  -2  -1  -1  -3  -2  -3    0   0   0   5   0  56   4  12   0   0   0  23   0   0   0   0   0   0   0   0  0.58 0.08
    5 S     2  -2   1  -2  -1  -1  -2  -1  -2   0  -1  -1  -1  -2  -2   1   1  -3  -2   2   30   0   9   0   0   0   0   0   0   0   0   0   0   0   0  14   9   0   0  38  0.20 0.05
    6 P     1  -2  -2  -1  -3  -1   1  -2  -2  -2  -2  -1  -2  -3   6   0   0  -4  -3  -2   14   0   0   2   0   0   9   0   0   3   4   0   0   0  58   5   5   0   0   0  1.03 0.07
    7 D    -1  -1   0   3  -3   0   4  -2  -1  -3  -3   0  -2  -3   1   0   1  -4  -3  -2    3   0   0  22   0   0  42   0   0   0   0   4   0   0   8   5  13   0   0   3  0.45 0.05
    8 V    -1  -1  -1   2  -2   0   2   2  -2   0   0   0  -1  -2  -2  -1  -1  -3  -2   1    0   0   0  12   0   0  27  19   0   0  13   3   0   0   0   0   0   0   0  25  0.15 0.03
    9 A     2  -1  -1  -1  -2   0   1   0   3  -1   1   0   0  -2  -2   0  -1  -2  -1  -1   31   0   0   3   0   3  10   6  16   0  22   4   0   0   0   0   0   0   0   3  0.11 0.03
   10 V     0   1   0   0  -2   1   1  -1  -1   0   0   1   0  -2  -2  -1   0   3  -1   1   11  11   5   6   0   5   8   2   0   3  16   8   0   0   0   0   5   5   0  14  0.06 0.01
   11 V     1   0   0  -1  -2   2   0  -2  -1  -1   0   2   1  -2   0   1   0  -3  -2  -1   13   0   5   0   0  16   0   0   0   0  13  28   5   0   4  12   0   0   0   4  0.15 0.03
   12 A     0   0   2   1  -2   0   1   2   0  -2   0   0  -1  -2  -2   0   0  -3  -2  -1    9   2  12  11   0   3   9  18   2   0  18   6   0   0   0   3   5   0   0   0  0.12 0.02
   13 P    -1   0   0   0  -2  -1  -1  -3  -2   0   2   0   0  -1   3   0  -1  -3  -2  -1    0   5   8   5   0   0   0   0   0   0  46   5   0   0  20  10   0   0   0   0  0.27 0.04
   14 V    -1   0   3   1  -2   0   0  -2   3   0   0   1  -1  -2  -2   1   0  -3  -1   0    0   0  31   5   0   3   0   0  11   5  11  13   0   0   0   9   0   0   0   8  0.17 0.03
   15 V     0  -1   0  -1  -2  -1   0   0  -2   1   1   0   0  -1  -2   0   0  -3  -2   1   10   0   8   0   0   0   9   8   0   4  16  11   0   0   0   3   6   0   0  24  0.05 0.02
   16 E     0  -1   1   2  -2   1   2   0  -1  -2  -2   0  -2  -3   0   2   0  -3  -2  -2    7   1   6  18   0   8  19   3   0   1   1   3   0   0   3  23   4   0   0   1  0.27 0.02
   17 N     0  -1   4   2  -2   0   2   0  -1  -3  -3   0  -2  -3  -2   1   0  -3  -2  -2    9   0  36  15   0   3  14   3   0   0   0   0   0   0   0  15   3   0   0   0  0.39 0.04
   18 G     1  -2  -1  -1  -2  -1  -2   4  -2  -3  -3  -1  -2  -3  -2   1   2  -3  -3  -1    7   0   0   0   0   0   0  51   0   0   0   3   0   0   0  16  20   0   0   3  0.51 0.05
   19 G     1  -1   1   1  -2   0   1   2  -1  -3  -3   0  -2  -3   0   3   0  -3  -2  -2   10   0   6   7   0   0  11  18   0   0   0   5   0   0   3  37   2   0   0   0  0.30 0.05
   20 A     2  -1  -1   0  -2   3   1   0  -1  -2  -1   0  -1  -3   0   1   1  -3  -2  -1   29   0   0   3   0  21  10   5   0   0   5   2   0   0   2   6  16   0   0   0  0.22 0.05
   21 E     1   0   0   2  -3   0   3  -2  -1  -2  -2   2  -2  -3   0   0   0  -3  -2  -2   17   0   4  10   0   0  30   0   0   0   3  23   0   0   2   0   7   0   0   2  0.28 0.05
   22 S     0  -2  -1  -2   5  -1  -1  -2  -2  -2  -3   0  -2  -3   5   1   1  -3  -3  -2    9   0   3   0  19   0   4   0   0   0   0   7   0   0  38  11   8   0   0   0  0.71 0.08
   23 S     1  -1   0   0  -2   1  -1  -1  -1  -1  -1   0  -1   2  -2   1   1  -2   0  -1   17   0   6   7   0   7   0   2   0   0   0   9   0  19   0  15  13   0   0   5  0.11 0.04
   24 N     0   0   3   2  -3   0   1  -1  -1  -2  -3   2  -2  -3   0   1   0  -3  -2  -1    5   0  28  13   0   0   7   0   0   2   0  23   0   0   4   8   5   0   0   3  0.30 0.05
   25 G     2  -1  -1  -2  -2  -2  -2   5  -2  -3  -3  -1  -2  -3   1   1  -1  -3  -3  -1   23   4   0   0   0   0   0  52   0   0   0   0   0   0   7   7   2   0   0   4  0.54 0.07
   26 K     1   0   2   0  -2   1   1  -1  -1  -2  -2   1  -2  -3   0   2   0  -3  -2  -2   17   2  17   0   0   8   8   0   0   0   3  10   0   0   4  26   2   0   0   0  0.24 0.05
   27 E     0  -2   1   0  -2   0   1  -1  -2   0  -2  -1  -1  -2   2   0   1   6  -1  -1   12   0   7   5   0   2  16   3   0   9   0   2   0   0  10   2  11  19   0   2  0.32 0.05
   28 E     2  -1   0  -1  -2   1   1   2  -1  -2  -2  -1  -1  -3   0   2   0  -3  -2  -1   32   0   4   0   0   6  14  14   0   0   0   0   3   0   2  19   0   0   0   4  0.24 0.05
   29 Q     0  -1   2   0  -2   2   0   1  -1  -2  -2   0   0  -3   0   1   2  -3  -2  -1    9   0  13   4   0  20   3   9   0   0   0   2   3   0   3   8  21   0   0   2  0.21 0.04
   30 L     1  -1  -1  -1  -2   0   1   1   4  -1   0  -1  -1  -2   1   1   0  -3  -1  -1   11   0   0   0   0   2  10  11  19   0  17   0   0   0   6  16   4   0   0   2  0.14 0.04
   31 E     1   0   0   2  -2   0   1  -1  -1  -2  -2   3  -2  -3   0   1   0  -3  -2  -1   10   0   2  14   0   0   8   2   0   0   0  31   0   0   4  19   2   0   0   6  0.24 0.05
   32 S     1  -1   0   0  -2   0   0   0   0   0   1   0   0  -2  -1   1   1  -3  -2   0   14   0   4   3   0   4   4   5   2   4  19  10   0   0   2   8  13   0   0   7  0.05 0.02
   33 E     0  -1   2   3  -3   0   1   0  -1  -2   0  -1  -1  -2  -1   0  -1  -3  -2  -1    5   0  17  28   0   3   9   8   0   0  15   2   0   0   2   6   0   0   0   3  0.23 0.05
   34 L     0  -2   0   1  -2  -1   0   0   2   1   1  -1   0  -1   0   0   0  -3  -1   0   12   0   2  14   0   0   8   5   8  11  21   0   0   0   3   6   3   0   0   4  0.06 0.03
   35 S     0   0   0   1  -2   0   1   0   4  -2  -1   0  -1  -2   0   1   1  -3  -1  -2   10   2   2   7   0   3   8   7  19   0   7   8   0   0   4  13   9   0   0   2  0.16 0.04
   36 K     0   1   0   1  -3   0   2   1   0  -3  -2   3  -2  -3  -2   0  -1  -3  -2  -3   10   5   2   9   0   0  20  10   2   0   2  40   0   0   0   0   0   0   0   0  0.34 0.07
   37 K     1   0   2   2  -2   0   1  -1   3  -2  -3   1  -2  -3  -1   1  -1  -3  -2  -1   14   2  13  12   0   2  12   3  11   3   0  15   0   0   2   8   0   0   0   3  0.21 0.04
   38 L     0   0  -1   2  -2   0   2  -1  -2  -1   1   1   0  -2  -2   0   0  -3  -2   0    8   4   0  17   0   0  17   3   0   0  26  11   0   0   0   4   4   0   0   5  0.12 0.04
   39 E    -1  -1   2   4  -3   0   1  -2   3  -2  -3   1  -2  -3  -2   1   0  -3  -2  -2    0   0   9  34   0   2   6   0  14   3   0  11   0   0   0  11   6   0   0   0  0.38 0.07
   40 I     0   1  -1   1  -2   0   2   1  -1  -1   0   0  -1  -2  -2   0  -1  -3  -2  -1    5  13   0  11   0   0  25  11   0   7  10   4   0   0   0   8   1   0   0   2  0.15 0.04
   41 A     0   1   0   3  -3   0   1   0  -1  -3  -3   2  -2  -3   3   0  -1  -3  -3  -3   11   6   0  25   0   0  11   8   0   0   0  16   0   0  17   4   0   0   0   0  0.38 0.05
   42 E     0   0   2   3  -3   0   3  -1  -1  -3  -2   1  -2  -3   3   0  -1  -4  -3  -2   10   3  13  18   0   0  25   4   0   0   2   8   0   0  13   3   0   0   0   2  0.35 0.05
   43 D    -1  -1   3   4  -3   0   1  -1  -1  -3  -3   1  -2  -3  -2   0   1  -3  -1  -2    1   0  21  29   0   2  10   2   0   0   0  15   0   0   0   5   8   0   3   3  0.37 0.07
   44 G    -1   0   1   3  -3  -1   1   3  -2  -2  -3   0  -2  -3  -2   0  -1  -4  -3   0    1   8   8  26   0   0   6  27   0   0   0   3   0   0   0   8   0   0   0  13  0.29 0.06
   45 Q    -1  -1   0   5  -4   1   3   0  -1  -3  -3   0  -3  -4  -2  -1  -1  -4  -3  -1    4   2   2  43   0   2  29   7   0   0   0   5   0   0   0   0   0   0   0   6  0.54 0.09
   46 E    -1  -1   0   3  -3   1   3   0  -1  -2  -3   1  -2  -3  -2   0  -1  -4  -3   0    3   0   1  24   0   7  28   8   0   0   0  11   0   0   0   8   0   0   0  11  0.32 0.06
   47 E     0   2   0   2  -4   2   4  -1  -1  -4  -3   0  -2  -4  -1   1  -1  -3  -3  -3    4  14   1   8   0   6  52   3   0   0   0   0   0   0   2   9   0   0   0   0  0.52 0.09
   48 N     1   0   1   2  -1   1   2   0  -1  -3  -3   2  -2  -3   0   1   0  -3  -2  -2   12   0   7  11   2   5  15   7   0   0   0  21   0   0   3  17   0   0   0   0  0.26 0.05
   49 D     1  -1   2   5  -3   0   1   0  -1  -3  -3  -1  -3  -3  -2  -1  -1   3  -2  -3   15   2  10  50   0   3   6   6   0   0   0   0   0   0   0   0   0   6   0   0  0.56 0.10
   50 G     0  -1   0  -1   2   0   1   4  -2  -3  -3   0  -1  -3   2   0   0  -3  -3  -2    7   1   5   0   5   4  10  42   0   0   0   4   3   0  10   0   7   0   0   1  0.37 0.07
   51 E    -1  -1   0   1  -2   0   3   0   0  -1   1  -1  -1  -2  -1  -1   0  -3  -2   0    4   2   3   7   0   1  35   7   2   2  20   1   0   0   1   2   5   0   0   7  0.16 0.06
   52 E     2  -1   0   2  -1   0   3   0  -1  -2  -2  -1  -2  -3  -1   0  -1  -3  -2  -1   26   0   2  12   2   0  35   7   0   0   3   0   0   0   2   3   2   0   0   4  0.28 0.08
   53 G     1  -2   1   0  -2  -1   0   4  -2  -3  -2   0  -2  -3  -2   0  -1  -3  -3  -2   17   0   6   5   0   0   9  44   0   0   3   5   0   0   0   6   0   0   0   3  0.39 0.07
   54 S     1   0   0   1  -2   1   2   0  -1  -2  -1   1  -1  -2   1   0  -1  -3  -2  -1   23   1   5   8   0   5  16   7   0   1   4  14   0   0   5   5   1   0   0   5  0.16 0.04
   55 K     1  -1   0  -1  -1  -1   0  -1  -2   1  -1   1  -1  -2   0   1   1  -3  -2   1   19   1   3   3   0   0   3   3   0  12   1  16   0   0   3   8  14   0   0  13  0.09 0.04
   56 A     3   2   2  -1  -2  -1  -1   1  -2  -2  -2   0  -2  -3  -2   0   2  -3  -2  -1   35  15  15   3   0   0   0  10   0   0   0   3   0   0   0   0  16   0   0   4  0.26 0.09
   57 E     0  -1  -1   0  -2   0   2  -1  -1   1  -2   0  -1  -1   1   0   1  -2   2  -1    9   1   0   5   0   0  21   5   0  16   0   5   0   0   8   3  16   0  11   0  0.14 0.07
   58 T     1   0   1   3  -2   0   1   0   0  -2  -3   0  -2  -3   0   1   0  -4  -2  -1   14   6   9  22   0   2  11   4   2   0   0   4   0   0   4  14   5   0   0   4  0.25 0.06
   59 S     1   0   0  -1  -3   0  -1   0  -2  -3  -3   1  -2  -4   5   1  -1  -4  -3  -2   11   2   3   3   0   4   0   7   0   0   0  15   0   0  40  13   0   0   0   2  0.68 0.12
   60 T     0  -1   0  -1  -2  -1  -2  -2  -2  -1   1   1   1   2  -2   0   1   5   0  -1   13   0   4   3   0   0   0   0   0   0  20  14   5  14   0   2  17  10   0   0  0.18 0.08
   61 K     0   2   0   0  -3   0   0  -2  -2  -2  -2   2  -2  -3   4   1   0  -4  -3   0    5  12   2   5   0   0   3   0   0   0   0  22   0   0  24  10   5   0   0  11  0.39 0.09
   62 K    -1   1   1   0  -3   1   1   2   1  -3  -3   4  -2  -4   0  -1  -1  -4  -2  -2    2   4   6   4   0   5   6  18   4   0   0  45   0   0   3   0   0   0   0   3  0.38 0.11
   63 K    -1   1  -2  -2  -3  -1   0  -1  -1  -1   0   3  -1   2  -2  -1  -2  -1   3   0    4   5   0   0   0   0   5   4   0   0   9  36   0  14   0   0   0   0  14   9  0.20 0.09
   64 K    -1   3  -1   0  -4   1   2  -2   1  -4  -3   4  -2  -4  -1   0  -1  -4  -2  -3    2  14   0   4   0   2  18   0   5   0   0  47   0   0   1   7   0   0   0   0  0.52 0.13
   65 K    -2   2  -1  -2  -3   0  -1  -2  -1  -2   0   3  -1   2  -2  -1   0   3   3  -2    0  11   0   0   0   0   0   1   0   0   9  39   0   9   0   3   9   4  15   0  0.31 0.11
   66 K     0   1   1  -1  -2   0  -1  -2  -1  -2  -2   3  -2   1  -2   1   2  -3  -1  -2    7   5   5   0   0   2   0   0   0   0   0  36   0   9   0  14  20   0   0   0  0.29 0.11
   67 N     0   1   0  -1  -3  -1  -1   3  -2  -3  -3   3  -2  -3   0   1   1  -3  -3  -3    6   5   4   0   0   0   0  32   0   0   0  27   0   0   4  13   9   0   0   0  0.38 0.10
   68 K    -1   2  -1  -1  -3   0   0  -1  -2  -3  -3   5  -2  -4   2   1   1  -4  -3  -3    2   7   0   2   0   0   0   2   0   0   0  57   0   0  10  10   9   0   0   0  0.53 0.14
   69 S    -1   1   0  -2  -2  -1  -1  -3  -1   0   2   3   0  -1   0   0  -1  -2   2   0    2   6   4   0   0   0   0   0   0   0  28  29   0   0   4   5   2   0   9  10  0.14 0.08
   70 K    -1   4   0  -1  -4   0   0  -3  -2  -4  -3   5  -2  -4  -1   0  -2  -4  -3  -3    2  25   2   1   0   0   0   0   0   0   0  63   0   0   2   5   0   0   0   0  0.76 0.18
   71 K     0   1   0  -2  -2   2   0  -1  -2  -1  -3   4  -2  -4   4  -1  -1  -4  -3  -2    7   5   4   0   1  13   0   4   0   6   0  40   0   0  20   0   1   0   0   0  0.45 0.12
   72 K    -1   1   0  -2  -3   0  -1  -1   2  -1  -2   3  -1  -2  -2   1   0  -3   1   1    2   2   4   0   0   1   0   2   7   0   0  41   0   0   0  12   7   0   6  15  0.23 0.10
   73 K    -1   2   1  -2  -3   0  -1  -1  -1  -3  -3   4  -2  -1   1   0  -1  -2   3  -3    4   9   8   0   0   0   0   4   0   0   0  42   0   0   9   5   0   0  20   0  0.38 0.12
   74 E     1  -1  -1  -2  -2   0  -1   0  -1   0  -2   2  -2  -3   4   0   0  -3  -3  -1   12   0   1   0   0   2   2   7   1  14   0  20   0   0  29   8   3   0   0   0  0.41 0.09
   75 L     1  -1  -2  -2  -2   0  -1  -2  -2   0   2   0   0  -2   2   0   0  -3  -2   0   16   0   0   0   0   7   0   1   0   2  32  10   0   0  12  10   6   0   0   3  0.17 0.07
   76 P     0   0   0  -2   3   1  -1  -1  -2  -2  -1   1  -2  -3   5  -1   1  -3  -3  -2    8   4   3   0   9   7   0   3   0   0   6  13   0   0  32   0  12   0   0   1  0.47 0.10
   77 Q     0   1   0  -1  -2   2   2  -2   0  -1  -1   2   1  -2  -1   0   0  -3  -2  -1    5  10   2   0   0  12  16   1   2   4   6  15   8   0   1   7   7   0   0   3  0.16 0.06
   78 Q    -2   4  -1  -2  -4   6   0  -1   2  -3  -3   1  -2  -4  -3  -1  -2  -4  -3  -4    0  23   2   0   0  65   0   4   4   1   0   2   0   0   0   0   0   0   0   0  0.98 0.25
   79 T     0   0  -1  -2  -2  -1  -1  -2  -2  -2  -2   1  -2  -2   2   3   3  -3   0  -1    1   4   0   0   0   0   0   1   0   0   3   8   0   0   9  33  29   0   5   5  0.33 0.13
   80 D     1  -2   0   1  -2  -1   1  -2  -2   0  -1   0  -1  -2  -2   1   1  -3  -2   2   10   0   3  11   0   0   9   1   0   0   1   4   0   0   0  18  10   0   0  31  0.17 0.09
   81 P    -2  -3  -3  -3  -3  -2  -2  -3  -3  -3  -2  -1  -3  -4   8  -1  -2  -4  -4  -3    1   0   0   1   0   0   1   1   0   0   5   2   0   0  82   4   1   0   0   1  1.91 0.28
   82 P    -1  -2  -2  -1  -3  -1   3  -3  -2  -3  -3   0  -3  -4   6   0  -2  -4  -3  -3    3   1   0   1   0   0  24   1   0   1   1   5   0   0  54   7   1   0   0   1  1.15 0.21
   83 S    -2   5   0   1  -3   0   1  -1   1  -3  -3   1  -2  -2  -2   0   0  -3   1  -3    1  50   2   8   0   0   6   4   3   1   1   2   0   0   1   7   8   0   5   1  0.48 0.15
   84 I     0   0  -3  -4  -2  -3  -3  -4  -3   4   1  -2   0  -2  -3  -2  -1  -3  -2   4   10   7   0   0   0   0   0   0   0  31   7   0   0   0   0   0   0   0   0  43  0.46 0.16
   85 P    -1  -1  -2  -2  -3   1   0   0  -2   0   1   0  -1  -3   5  -1  -2  -3  -3  -2    3   1   0   0   0   6   6  10   0   6  19   7   1   0  37   4   0   0   0   0  0.53 0.14
   86 V    -2   1  -1  -3  -2   1  -2  -4  -2   2   2   1   1  -1  -3  -2  -1  -3  -2   2    0   9   4   0   0   9   0   0   0  19  27   9   1   0   0   0   0   0   0  22  0.24 0.11
   87 V     0  -2  -1   1   0  -1   0  -2  -2  -2   0   0  -2  -3   5   2   0  -4  -3  -2    6   0   0   8   2   0   5   0   1   0  10   6   0   0  31  28   2   0   0   1  0.53 0.15
   88 E    -1  -1   1   4  -3   1   1  -1   2  -3  -2   0  -2  -1   0   0   0  -4  -2  -3    1   1   7  34   0   9   5   3   6   0   3   7   0   4   4   7   8   0   0   0  0.34 0.11
   89 L    -2  -3  -3  -3  -2  -2  -3  -3   0   2   3  -3   1   0  -3  -1  -1   5   1   0    1   0   0   0   0   1   1   1   3  16  49   1   1   2   0   4   1   9   6   2  0.42 0.13
   90 F     1  -3  -4  -4  -3  -3  -2  -3  -2   0   0  -3  -1   6   0  -2  -2  -1   4   0   14   0   0   0   0   0   3   0   0   5   6   0   0  45   4   0   0   0  17   6  0.61 0.20
   91 P     2  -1  -3  -2   1  -2  -2  -3  -1   0  -2  -1  -2  -3   6  -1   0  -4  -2  -1   25   2   0   1   4   0   0   0   2   8   1   4   0   0  45   2   5   0   1   1  0.82 0.21
   92 S    -2   0   4   3  -3   0   1   0  -1  -2  -3  -1  -3  -4  -1   1   0  -4  -3  -3    0   5  32  22   0   1   7   5   0   4   1   0   0   0   1  15   6   0   0   0  0.46 0.16
   93 G     0  -1   3  -1  -3   0  -1   4   2  -4  -4   0  -3  -4   0  -1  -1  -4  -3  -3    7   1  16   2   0   4   4  46   7   0   0   5   0   0   5   0   4   0   0   0  0.55 0.16
   94 E     0   0   0   1  -2   1   1  -2  -2   1  -1   0  -1  -1   2   1   0  -3  -2   1    3   4   5   7   0   8   8   0   0  14   1   6   0   2  10  13   3   0   0  15  0.12 0.06
   95 F    -3  -3   1  -3  -3  -3  -3  -4   0  -1   0  -3  -1   4  -4  -1  -2   0   7  -1    0   0   9   0   0   0   0   0   0   3  11   0   0  19   0   4   0   0  50   3  0.83 0.23
   96 P    -2  -2  -3  -3  -4  -3  -3   0  -3  -3  -1  -2  -3  -4   7  -1   0  -5  -4  -2    0   2   0   0   0   0   0   7   0   0   6   0   0   0  71   3   7   0   0   2  1.57 0.30
   97 E    -1   1   1   0  -3   0   3  -3  -1   0  -2   2   1  -3  -2  -1   0  -3  -2   1    1   6   7   3   0   2  25   0   1   5   0  22   7   0   0   1   7   0   0  14  0.22 0.11
   98 G    -1  -3  -1   0  -3  -2  -2   5  -3  -3  -2  -2  -3   0  -1   1  -2  -3  -3  -2    2   0   0   7   0   0   0  62   0   0   4   0   0   6   3  13   0   0   0   2  0.75 0.20
   99 E    -1   0   1   1  -3   2   5  -1  -1  -3  -3   1  -2  -3  -2   0  -1  -3  -2  -1    2   2   6   5   0   8  50   3   0   1   1   8   0   0   1   4   1   0   0   7  0.48 0.15
  100 I    -1  -2  -2  -2   0  -1   0  -3   0   2   0  -2   0   0  -1   0  -1   5   1   2    2   0   0   1   2   3   9   1   3  17   8   1   1   2   3   9   1  11   6  21  0.18 0.09
  101 Q     0  -2  -2  -2   1   2  -1  -2  -1   2   0  -1   1  -1   0   0  -1  -2  -2   2    4   1   0   1   5  19   1   1   1  17   8   1   5   2   4  10   1   0   0  21  0.15 0.10
  102 E    -1  -1   1   3  -3   1   4  -2  -1  -3  -3   0  -2   0   0   0  -1  -3  -2  -2    4   1   6  17   0   4  41   2   0   1   1   3   0   6   4   5   1   0   0   2  0.42 0.14
  103 Y    -1   0  -2  -3  -3   0   0  -2   2   0  -2  -2  -2   2  -3  -1  -2   0   6  -1    3   6   1   1   0   6   5   3   4   6   1   1   0   5   1   4   1   0  48   4  0.57 0.19
  104 K    -1   2   0  -1  -3   1   1  -2   0   0   0   1  -1  -2   3  -1  -1  -3  -2  -1    2  18   3   2   0   4  10   1   3   8  15  11   0   0  14   3   1   0   0   3  0.18 0.08
  105 D    -1   0   3   4  -3   0   0  -1   2  -3  -2   0  -2  -3   0   1  -1  -4  -2  -3    2   5  21  31   0   3   2   4   6   0   4   6   0   0   3  11   0   0   0   0  0.41 0.14
  106 D     0  -1  -1   3  -3   0   3  -2  -1  -1  -1   1  -1   0  -2   0  -1  -2   1  -2    6   0   0  23   0   0  27   2   0   6   5   9   2   3   0   4   3   0   8   1  0.26 0.13
  107 N    -2   1   5  -1  -1   1   0  -2  -1  -2   0   1  -2  -2  -1   1  -1  -3   1  -2    0   9  37   0   1   6   5   1   0   0  10   9   0   0   3   9   0   0   6   2  0.32 0.16
  108 L     1   1  -1  -2   1  -1  -1  -2  -2   0   2  -1   0  -2   0   1   1  -3  -2   0   14   9   2   0   4   0   4   0   0   2  35   1   0   0   5  12   9   0   0   2  0.15 0.11
  109 W     2   0  -1  -3  -2   0  -1  -2  -1  -2  -1   0  -1   0  -3   0  -1   6   5  -1   23   4   3   0   0   5   3   0   0   0   4   5   1   1   0   6   1  13  25   4  0.41 0.18
  110 R    -2   6   0  -2  -4   1  -1  -1  -2  -3  -3   2  -2  -2  -3   0  -2  -3   0  -1    0  56   5   0   0   6   0   3   0   0   0  12   0   2   0   5   0   0   4   5  0.73 0.26
  111 T    -1  -2  -2  -2  -2  -1  -1  -1  -2   1  -1   0  -1  -1   1   0   3  -2   1   0    3   0   0   0   0   2   2   4   0  12   4   7   0   1   8   6  35   0   8   6  0.22 0.15
  112 T    -1  -3  -1  -3  -3  -2  -2  -3  -3   0  -2  -2   0  -3   2   1   6  -4  -3   0    2   0   3   0   0   0   0   0   0   4   0   1   3   0  11   6  63   0   0   5  0.81 0.34
  113 S     1  -2   2   3  -2  -1   0  -1  -2   0  -1  -1  -2  -3   1   2  -1  -3  -3   0   15   0  10  21   0   0   5   2   0   7   4   0   0   0   6  21   1   0   0   6  0.24 0.14
  114 E     0  -1  -1   1  -3   0   4  -2   1  -2  -1   1  -2  -2  -2   0  -2  -2   2  -1    7   2   0   8   0   3  39   1   3   3   5   9   0   0   1   5   1   0  10   3  0.35 0.18
  115 E    -1  -1   0   1  -3   0   5  -3  -2  -2  -1   1  -2  -3  -2  -1   0   0  -2  -2    3   1   3   4   0   2  56   1   0   3   5   8   0   1   1   1   5   2   1   3  0.60 0.24
  116 K     0   1  -1  -2  -2   0   0  -2   0   0   2   2   1  -1  -1   0  -1  -2  -2  -1    5   8   2   1   0   4   5   1   2   5  26  21   5   2   2   5   1   0   1   3  0.13 0.11
  117 R    -2   6  -1   0  -3   1  -1  -3  -1  -3  -3   2  -1  -3  -2  -1  -2  -3  -1  -2    2  53   1   6   0   6   1   2   0   1   2  12   2   1   1   3   1   0   2   3  0.73 0.26
  118 E    -1  -1   0   0  -3   2   3  -2   3  -2   0  -1  -2  -1  -2   0  -2  -1   4  -2    5   3   4   3   0   9  21   2  10   1  11   1   0   1   1   6   1   0  18   1  0.28 0.17
  119 L    -2   1  -1  -3  -2  -1  -2  -3  -2   3   3   0   1   0  -3  -2  -2  -3  -1   1    1   9   4   1   0   2   1   1   1  26  29   6   3   3   1   1   1   0   2   8  0.28 0.17
  120 E    -2   1   2   3  -3   0   2  -2  -1  -2  -3   2   0  -3  -2   1   0  -4  -3  -3    1   6   8  20   0   3  18   1   1   3   1  17   2   0   1  12   5   0   0   1  0.38 0.19
  121 R    -2   3   0  -2  -2   0  -2  -3  -2   2   1   0   0  -1  -2  -1   0  -3  -2   1    1  23   6   2   0   4   1   1   0  18  13   3   3   2   1   2   5   0   1  14  0.19 0.13
  122 F     0  -1  -1  -2  -2   1   0  -2   1   0   1   2   3  -1   0   0   0   1  -1  -1    8   1   1   1   0   6   5   1   4   4  18  18  11   1   4   5   6   2   2   1  0.11 0.11
  123 E    -1  -1   3   3  -3   1   1  -2  -1  -3  -4  -1  -3  -4  -2   3   2  -4  -3  -3    5   1  18  17   0   6   8   1   1   1   1   3   0   0   0  24  13   0   0   1  0.46 0.25
  124 K     0  -2   1   2  -4   0   3  -3  -2  -3  -4   0  -3  -3   4   1  -2  -4  -3  -3   10   1   8  14   0   3  21   1   0   1   1   6   0   1  23   9   0   0   0   1  0.56 0.27
  125 P    -1  -1   1   3   1   1   4  -2  -2  -3  -2   0  -3  -3  -1   1   0  -3   0  -2    4   2   8  15   4   4  29   1   0   1   3   5   0   0   3  10   5   0   3   2  0.35 0.20
  126 I    -2  -1  -2   0  -3   2   4  -2   0   0  -2  -1   1   2  -3  -2  -1  -3  -2   1    1   2   1   4   0   9  35   3   2   7   2   2   5  11   0   1   2   0   0  13  0.36 0.25
  127 Y    -3  -1  -5  -5  -2  -4  -5  -5  -2   5   3  -4   0  -1  -5  -4  -2   3   0   2    0   4   0   0   1   0   0   0   1  40  30   0   1   2   0   0   2   4   4  11  0.78 0.36
  128 N     0   0   2   2  -4   3   3  -3  -2  -3  -2   1   0  -4  -2   0   0  -4  -4  -2    8   5  12  13   0  13  24   0   0   1   3   7   3   0   1   3   6   0   0   2  0.40 0.25
  129 S     0   0  -1   2   2   0   0   0  -2   0  -1   4  -1  -3  -3  -1  -2  -4  -1  -2    8   4   1  14   6   2   5   7   1   6   5  31   2   0   0   3   0   0   2   2  0.28 0.22
  130 V    -3  -5  -5  -6  -4  -4  -5  -6  -4   4   2  -5   7   1  -6  -5  -4  -1   5  -1    1   0   0   0   0   0   0   0   0  21  16   0  32   4   0   0   0   1  23   1  1.22 0.53
  131 R    -4   7  -2  -4  -6   0   0  -5  -2  -1  -3   3  -2  -6  -5  -2  -4  -6  -5  -5    0  64   1   0   0   4   5   0   1   5   2  16   1   0   0   1   0   0   0   0  1.43 0.58
  132 R    -1   2  -1  -1  -4   2   2  -3  -1  -2  -2   4  -1  -4  -3  -2  -1  -4  -2   0    4  11   3   2   0  10  15   1   1   2   4  32   2   0   0   1   2   0   1   8  0.43 0.28
  133 A     6  -4  -4  -5  -3  -4  -4   1  -5  -1  -3  -4  -4  -5  -4   1  -2  -6  -5   0   72   0   0   0   0   0   0   8   0   3   1   0   0   0   0   8   1   0   0   8  1.18 0.56
  134 A     4  -4   0  -4   6   0  -4   4  -4  -5  -5  -4  -4  -5  -4  -2  -3  -5  -5  -2   32   0   4   0  17   5   0  38   0   0   0   0   0   0   0   1   0   0   0   2  1.06 0.48
  135 E     0   1  -3  -1  -5   3   4  -3  -3  -2  -5   4  -2  -5  -4  -2  -3  -5  -1  -3    6   8   0   2   0  16  36   1   0   2   0  24   1   0   0   1   0   0   2   1  0.79 0.42
  136 V     0  -5  -5  -5  -4  -4  -1  -6  -5   6   2  -4   2  -3  -5  -4  -2  -5  -4   2    7   0   0   0   0   0   5   0   0  51  18   0   5   0   0   0   1   0   0  13  0.94 0.43
  137 H     4  -4  -3  -4   0  -3  -3  -2   6  -2  -1  -3  -3  -1  -4  -1   2  -5  -1   1   38   0   0   0   2   0   0   1  24   1   5   0   0   3   0   2  13   0   1   9  0.75 0.43
  138 R     2   4   0   2  -4   1  -1  -3  -3  -4  -4   1  -3  -5  -4   0  -2  -5  -4   0   24  31   3  12   0   7   2   1   0   0   0   5   0   0   0   5   0   0   0   9  0.55 0.34
  139 Q    -1   2   1  -1  -4   3   2  -2   0  -3  -2   2   1  -2  -3  -1   0  -4  -2  -3    5  11   8   2   0  18  13   2   3   1   4  17   5   2   0   1   6   0   1   0  0.34 0.24
  140 V     2  -4  -4  -5   2  -4  -4   1  -5   2  -1  -4   0  -4  -4  -3   0  -5  -4   5   21   0   0   0   4   0   0  13   0   8   3   0   2   0   0   0   5   0   0  44  0.67 0.38
  141 R    -2   4  -4  -5  -4  -3  -3  -4   4   0   3   0  -2   1  -5  -4  -3  -4  -3  -1    3  30   0   0   0   0   0   1  13   6  34   5   0   5   0   0   0   0   0   4  0.67 0.38
  142 K     0   2   1   2  -5   4   2  -3   3  -3  -2   2  -1  -4  -3  -1  -2  -5  -2  -2    7  10   5  13   0  20  12   1   8   1   3  12   2   0   0   2   2   0   1   2  0.42 0.29
  143 Y     1   0  -1  -3  -4  -1   1  -2   2   0  -1   1   1   0  -4  -1  -2   4   4  -1   12   5   3   0   0   1   9   3   7   7   5   9   3   3   0   3   1   6  20   4  0.29 0.24
  144 V     4  -4  -3  -5  -3  -4  -4  -1  -5   2   1  -4   1  -1  -4  -2  -1  -5  -4   3   38   0   1   0   0   0   0   5   0  14  12   0   3   3   0   1   2   0   0  22  0.58 0.38
  145 R     0   1  -2  -2   0   3   1  -1   1   1  -1   2   1   0  -2  -1   1  -4  -2   0    8   6   0   0   3  17   9   5   3   8   6  12   4   4   1   1   8   0   0   5  0.15 0.18
  146 S     0   1   0   1  -4   1   3  -2  -2  -1  -3   2  -1  -4   0   2   0  -5  -4  -2    6   9   5   6   0   4  23   2   0   4   2  13   2   0   4  16   4   0   0   2  0.31 0.24
  147 I     2  -1   0  -2  -1  -1   0  -2   1   1   1   0   2   1  -3   0   0   1   1   0   21   2   4   1   1   0   7   1   3   7  13   5   7   6   0   4   6   2   4   4  0.09 0.13
  148 V     0  -3  -4  -1   2  -4  -4  -5  -4   5   1  -3   0   1  -4  -2  -1  -4  -3   3    8   1   0   3   5   0   0   0   0  36   9   1   1   7   0   3   3   0   0  21  0.57 0.33
  149 K    -2   3  -1  -2  -5   2  -1  -4  -1  -1  -2   5  -3  -4  -4  -1  -2  -5  -2  -1    1  18   1   2   0   9   3   0   1   3   5  43   0   0   0   3   2   0   2   4  0.72 0.41
  150 P    -2  -2  -1  -1  -5  -3   1  -1  -4  -5  -3  -2  -4  -5   7   0  -1  -6  -5  -1    3   2   3   2   0   0   9   4   0   0   2   1   0   0  57   7   4   0   0   4  1.31 0.54
  151 G    -3  -4   0  -2  -5   0  -3   7  -5  -6  -6   0  -5  -4  -3  -1  -4  -5  -6  -6    0   0   4   2   0   4   1  77   0   0   0   6   0   1   1   3   0   0   0   0  1.59 0.63
  152 M     1  -1  -4  -4  -3   0  -2  -4  -4   2   0  -1   5  -1  -4  -2  -1   0   0   3   11   3   0   0   0   5   2   0   0  11   7   4  22   1   0   2   2   1   3  27  0.50 0.35
  153 L    -1  -1  -1  -3  -4  -2  -2  -2  -4  -4  -2   1  -4  -1  -1   4   5  -5  -4  -4    4   2   3   0   0   1   1   2   0   0   3   8   0   3   3  30  40   0   0   0  0.78 0.49
  154 M    -3  -4  -4  -3   0  -2   3  -5  -4   1   2  -2   3  -4  -4  -2   4  -5  -4   1    0   0   0   0   2   0  26   0   0   6  20   2   8   0   0   1  25   0   0   9  0.58 0.41
  155 T    -1   1   0  -1  -2   0   0  -1  -2   0   1   0   0   1  -2   0   1   0   1   0    4   8   3   4   0   4   4   4   0   5  16   5   1   7   1   8  12   1   6   7  0.04 0.08
  156 D    -2  -2  -3   4  -6   0   6  -5   0  -6  -6  -1  -5  -2  -4   0  -2  -6  -5  -5    3   1   0  22   0   3  57   0   2   0   0   3   0   2   0   5   1   0   0   0  1.26 0.60
  157 I    -4  -2  -5  -5  -4  -5  -5  -6  -5   5   4  -5   1  -3  -5  -5  -3  -4  -4   2    0   2   0   0   0   0   0   0   0  41  41   0   2   0   0   0   0   0   0  11  1.10 0.48
  158 C     3  -2   0   4   5  -1   0  -2  -3  -3  -3  -3  -3  -4  -3  -1  -2  -4  -4   1   31   2   5  25  12   2   5   2   0   0   2   0   0   0   0   3   0   0   0   9  0.58 0.35
  159 E     0   1   2   1  -4   2   3  -1   1  -3  -1   0  -1  -3  -3  -1  -2  -4  -3  -2    8   9  10   9   0  11  26   4   3   1   8   3   2   1   0   2   1   0   0   2  0.33 0.25
  160 T     0  -2  -2  -2  -3   1   0   1   0   2   1   0   2   0  -3  -1  -1   1   1   0    9   0   1   1   0   7   8  10   2  17  13   5   6   3   0   3   2   2   6   4  0.09 0.14
  161 L     0  -4  -4  -4   2  -4  -4  -1  -4   4   1  -4   0   0  -4  -2  -1  -3   1   2   10   0   0   0   4   0   0   6   0  34  13   0   1   4   0   3   3   0   6  15  0.46 0.28
  162 E    -1   0   0   2  -2   1   5  -4   5  -4  -2   0  -4  -4  -1  -2  -1  -5  -2  -4    4   5   4  10   1   4  43   0  13   0   4   4   0   0   3   0   3   0   1   0  0.74 0.40
  163 N    -1  -1   3   4  -4   1   2  -1   1  -4  -3  -1  -3  -2  -3   0  -2  -1   1  -2    3   3  13  26   0   5  16   3   4   0   2   3   0   1   0   8   1   1   6   4  0.41 0.27
  164 T     0  -1   0  -2  -1  -1   1   1  -2  -1   0  -1   1   3  -3   0   0   0   2  -1    8   4   4   0   1   2  10  11   0   1   7   2   5  16   0   8   8   1   8   4  0.12 0.14
  165 V    -1  -4  -2  -4   2  -3  -2  -3   0   4   1  -3   1   0  -4  -2   0  -4  -3   3    5   0   2   0   4   0   3   2   3  30  11   1   4   3   0   2   6   0   0  23  0.41 0.26
  166 R    -1   4  -1  -2  -4  -1   1  -2  -3   1  -2   3  -1  -1  -3  -2   0  -4  -3   0    5  29   2   1   0   0  10   2   0  10   2  19   1   3   0   2   5   0   0   8  0.41 0.29
  167 K     2   1  -1   0  -2   2   2  -1   0  -2  -2   2  -1  -3  -3   1  -1  -4   0  -2   19   7   1   3   1   9  17   4   2   3   3  14   2   0   0  10   2   0   3   1  0.25 0.21
  168 L    -1   1   0  -3  -1   1  -1  -4   3   0   2  -1  -1   1  -3  -2  -2   2   3  -1    4   7   4   0   2   8   3   0  10   3  30   2   1   7   0   2   2   3  10   2  0.26 0.21
  169 I     0  -2   1  -2  -2  -2  -3   3   2  -1   0  -1  -1  -2  -3  -1   2  -3   1  -1    5   1   8   1   0   1   0  30   6   3   9   3   1   0   0   2  17   0   7   5  0.30 0.22
  170 S     3   1  -2  -2   1  -2  -1   3  -3  -3  -3   1  -3  -4  -1   1   0  -4  -3  -1   35   7   1   2   3   0   4  23   0   0   1   8   0   0   2   7   4   0   0   3  0.43 0.27
  171 E    -1   0   1   0  -3  -1   1  -3   4   0  -2   2  -2  -1  -1  -1   1  -3   1   0    5   6   6   5   0   0   9   0  14   7   2  14   0   2   2   2  11   0   6   7  0.20 0.18
  172 N    -1  -2   1   0  -1   2   1   0   1  -4  -4   2  -1  -4   4   1  -2  -3  -3  -4    4   0   5   5   1  12   9   9   3   0   1  12   2   0  23  11   1   0   0   0  0.47 0.27
  173 G     2  -1   0  -1  -1  -1   0   3   1  -2  -3  -1  -2  -2  -1   1  -1  -3  -1   0   17   2   4   1   1   2   6  27   5   2   1   2   0   1   2  14   2   0   2   7  0.26 0.17
  174 L     0   1   0  -2   0  -1  -1  -2  -1   0   1  -1   1   2   2   0  -1   0   0   0    9   9   7   1   2   2   2   1   1   3  20   2   4  11  10   5   3   1   3   5  0.10 0.11
  175 Q    -2  -1   0   1  -3   0   2  -2   1  -1   1   2  -2   1  -1  -1  -1  -2   2  -1    1   2   4   8   0   4  17   2   4   2  14  18   0   6   2   2   1   0   8   5  0.18 0.17
  176 A     1   1   2   1  -3  -1  -1   2   0  -3  -3   1  -2  -1  -1   1   0  -3  -1  -2   15   7  10   7   0   1   2  19   2   1   1  13   0   2   2   8   4   0   2   3  0.19 0.13
  177 G    -1  -3  -2   0  -4  -3  -1   4  -2  -1  -3  -3  -1  -1   0   0  -2  -2   4  -3    3   0   0   7   0   0   4  41   0   4   2   1   2   1   4   8   2   0  19   1  0.61 0.32
  178 I    -2  -2  -2  -4  -3  -1  -2  -1   1   4   0  -2   4   0   0  -3  -2  -3   3   2    1   1   2   0   0   2   2   5   3  30   6   2  14   2   6   1   0   0  11  11  0.41 0.27
  179 A     3  -2   1   0  -3  -3  -3   4  -3  -4  -4  -2  -3  -3   1   1  -2   0  -2  -3   30   2   6   5   0   0   0  32   0   0   1   1   0   1   6  11   0   2   2   0  0.58 0.32
  180 F    -4  -4  -2  -5  -4  -1  -3  -5   0  -2  -2  -4  -3   8  -2  -2  -2  -2   3  -3    1   0   2   0   0   3   2   1   2   2   2   0   0  67   2   3   2   0   9   1  1.55 0.56
  181 P    -3  -4  -3   0  -4   0  -1  -4  -4   0  -4  -1  -4  -5   7   0  -2  -5  -4  -2    1   1   0   6   0   5   4   1   0   6   1   3   0   0  62   6   1   0   0   2  1.49 0.53
  182 T     0  -3   1  -3   4  -2  -3  -2  -3  -1  -3   1  -2  -4  -1   0   4  -4  -3   1    9   0   7   0  10   0   0   2   0   4   1   9   0   0   3   5  36   0   0  12  0.47 0.31
  183 G     0  -2   0  -3   6  -3  -4   3  -4   2  -3  -3   1  -4  -4   1  -1  -4  -4  -1    8   3   4   0  20   0   0  28   0  13   0   0   5   0   0  12   3   0   0   2  0.62 0.34
  184 C    -1  -4  -3  -4   0  -3  -4  -2  -4   4   2  -3   1  -2  -3   0   1  -4  -3   3    4   0   0   0   2   0   0   4   0  27  20   0   3   0   0   7   9   0   0  22  0.45 0.26
  185 S     1  -3   0  -1   3   0   0   1  -3  -4  -2  -2  -3  -4  -1   5  -2  -4  -4  -3   10   0   5   3   6   3   4  11   0   0   5   0   0   0   2  49   0   0   0   0  0.61 0.38
  186 L    -1  -3  -4  -4  -3  -3  -2  -4  -4   3   3   0   1   1   1  -2  -2  -3  -2   3    3   0   0   0   0   0   2   0   0  21  29   6   4   5   7   3   0   0   0  20  0.42 0.25
  187 N    -3   0   7   1  -4   0  -2   1   2  -4  -4  -2  -3  -4  -3  -1  -2  -4  -3  -4    1   5  63   8   0   5   0  12   4   0   1   0   0   0   0   0   0   0   0   0  1.06 0.37
  188 W     1  -1   2   1  -3   2   3   0   3  -3  -3   0  -2  -3  -2   0   0   1  -1  -3   13   0  12   6   0   9  24   6   9   0   1   4   0   0   0   5   6   2   2   0  0.29 0.15
  189 V     0   0   0   0   5  -1   0  -1   0   1  -1  -1  -1   0  -2  -1   0  -3  -2   1    8   5   6   4  21   3   5   3   3  10   4   2   1   5   0   3   4   0   0  13  0.17 0.12
  190 A     3  -2   0  -2  -2  -2  -2   0  -3   1   0  -2   0  -2  -2   0   1  -3  -2   2   32   0   5   0   0   0   0   8   0   7   7   0   2   0   0   7   9   0   0  21  0.23 0.16
  191 A     3  -3  -1  -3   3  -2  -2   1  -3   0   0  -2  -2  -1   2   0  -1  -3   0  -1   36   0   3   0  10   0   0  12   0   7   9   0   0   2  10   4   0   0   3   3  0.28 0.17
  192 H    -3  -2   2  -3  -5  -2  -2   1   9  -5  -5  -3  -4  -3  -4  -2  -3  -4  -1  -5    0   0  10   0   0   0   0  14  76   0   0   0   0   0   0   0   0   0   0   0  1.78 0.42
  193 W    -1  -3  -3  -3  -3  -1  -3   2   2  -2  -1  -3  -2   3  -3  -2  -2   6   5  -1    4   0   0   0   0   3   0  19   5   0   4   0   0  11   0   0   0  14  32   5  0.63 0.19
  194 T     1  -2   0  -2   2  -1  -2   0  -2   0   0   0  -1  -1  -2   1   3  -3  -2   1   11   0   3   0   7   0   0   6   0   7   7   5   0   2   0  14  25   0   0  10  0.15 0.09
  195 P    -1  -1  -2  -2  -3  -2  -1  -3  -3  -3  -3   0  -3  -4   7  -1  -2  -4  -3  -1    5   4   0   1   0   0   4   1   0   1   1   4   0   0  68   4   1   0   0   4  1.45 0.26
  196 N    -2  -1   5   0  -3  -1   0   0   0  -1  -1  -1  -2  -2  -1   1   0  -3  -1  -2    2   3  36   2   0   1   7   8   2   3   8   3   0   1   2  10   7   0   2   1  0.33 0.18
  197 S     1   1   0  -1  -1   0   0  -1   0   0  -1   1   0  -2   3   0   0   1  -1  -1   19   6   4   3   1   1   5   2   2   6   4  14   3   1  13   4   5   2   1   2  0.15 0.08
  198 G     0  -1   1   1  -1  -1  -1   3   0  -2  -1  -1  -2  -2  -1   1  -1   3  -1  -1    7   4  10   7   2   1   2  28   3   2   6   3   1   1   2  11   2   5   2   4  0.21 0.09
  199 D    -1  -2   2   5  -1   1   1  -2  -2  -3  -3  -1  -2  -3  -2   0   0  -3  -3  -3    4   1   9  47   1   7   6   2   1   1   2   2   1   1   1   5   6   0   1   2  0.63 0.22
  200 K    -1   0   1   2  -3   1   2  -2   1  -3  -3   3  -2  -3  -2   0   1  -3  -2  -3    3   3   8  15   0   5  11   1   4   1   1  29   0   0   1   7   8   0   0   1  0.38 0.19
  201 T    -2   4  -1   0  -3   1   0  -3  -2   0  -1   1   1  -1  -1   0   1  -3   0  -1    1  29   0   5   0   6   3   1   0   7   6   5   5   3   3   5  13   0   3   4  0.22 0.15
  202 V     0  -1  -3  -3  -3  -2  -2  -3   0   2  -1   0   0  -1   2  -1   1  -4  -2   3    8   2   0   0   0   1   2   0   3  12   2   8   2   2  13   1   8   0   0  34  0.31 0.20
  203 L    -3  -2  -4  -5  -3  -4  -4  -5  -4   2   5  -4   1   2  -1  -3  -3  -3  -2   1    0   2   0   0   0   0   0   0   0  10  62   0   1   8   3   1   0   0   0  10  0.75 0.32
  204 Q    -1   3   2  -1  -4   4   1  -2  -1  -4  -3   4  -3  -4  -2  -1  -1  -4  -3  -3    5  15   9   1   0  21   8   2   1   0   2  29   0   0   1   2   3   0   0   1  0.57 0.29
  205 Y    -1   0   0   3  -4   1   3  -2   1  -3  -3   1  -3  -2   1   0  -2  -3   1  -2    5   3   3  20   0   6  23   2   3   0   2   9   0   1   7   8   0   0   6   2  0.34 0.19
  206 D    -2  -2   1   1  -5  -2   0   6  -3  -5  -5  -2   0  -5  -4   0  -3  -5  -5  -5    0   2   5  10   0   1   6  66   0   0   0   2   3   0   0   6   0   0   0   0  1.11 0.41
  207 D    -3  -1  -1   7  -6  -1   2  -4  -1  -6  -6  -3  -5  -2  -4  -2  -4  -6  -5  -6    1   3   1  77   0   2  10   0   1   0   0   0   0   2   0   2   0   0   0   0  1.68 0.56
  208 V    -2  -3  -4  -4  -3  -2  -4  -3  -4   4   2  -2   1   1  -4  -1  -2  -3   0   3    0   0   0   0   0   2   0   2   0  29  23   3   2   5   0   5   0   0   3  26  0.49 0.25
  209 M    -2  -4  -4  -5  -1  -4  -4  -5  -4   2   2  -4   4   0  -4  -3   0  -4  -3   5    0   0   0   0   1   0   0   0   0  11  22   0  11   3   0   0   4   0   0  46  0.75 0.33
  210 K    -2  -1   3  -2  -1  -1  -2  -2  -2  -3   1   4  -2  -1  -3   1   1  -4  -3  -2    0   0  19   0   2   0   0   1   0   0  18  36   0   2   0   9   9   0   0   3  0.44 0.30
  211 L    -3  -5  -5  -5   0  -4  -5  -5  -5   5   3  -4   1   2  -5  -4  -3  -4  -2   3    0   0   0   0   2   0   0   0   0  42  24   0   2   8   0   0   0   0   0  22  0.86 0.34
  212 D    -4  -4   1   7  -6  -3   0  -4  -4  -6  -5  -3  -5  -6  -4   0  -1  -7  -6  -6    0   0   4  83   0   0   4   0   0   0   1   0   0   0   0   5   3   0   0   0  1.84 0.60
  213 F     0  -4  -4  -5   3  -4  -4  -3  -4   3   2  -4   2   3  -4  -3  -2  -3  -1   2   11   0   0   0   6   0   0   1   0  19  20   0   6  18   0   0   1   0   1  17  0.46 0.23
  214 G     0  -4  -3  -4  -4  -4  -4   6  -4  -5  -5  -4  -4   0  -4   0   1  -5  -4  -5    6   0   0   0   0   0   0  74   0   0   0   0   0   4   0   6  10   0   0   0  1.40 0.48
  215 T     2  -4  -4  -4   4  -3  -4  -1  -4   1   0  -3  -1  -3   0  -2   1  -4  -3   4   22   0   0   0  10   0   0   4   0   8   5   0   0   0   4   0  10   0   0  36  0.48 0.28
  216 H    -3  -2  -1  -2  -1  -1   2  -4   7   1  -1  -1   2  -2  -4  -2  -2  -3   3   0    0   1   1   1   1   2  14   0  33  11   4   2   7   0   0   2   1   0  12   7  0.66 0.33
  217 I    -3  -1  -4  -4  -3  -3  -3  -3   1   3   1   0  -1   1  -4  -2  -2   1   5   2    0   3   0   0   0   0   0   1   4  23  11   6   0   5   0   3   1   2  23  17  0.45 0.25
  218 D    -1  -2   5   5  -5   0   1  -1   2  -5  -5   0  -4  -1  -2  -1  -2  -5  -3  -4    6   0  31  32   0   4   6   2   6   0   0   6   0   3   1   2   0   0   0   0  0.76 0.34
  219 G    -2  -1  -1  -4   1  -4  -3   7   1  -6  -6  -2  -2  -6  -5  -3  -3  -5  -5  -5    0   3   2   0   3   0   1  84   3   0   0   2   1   0   0   0   1   0   0   0  1.66 0.54
  220 H    -5   2  -3  -6  -3  -4  -5  -6   0  -4  -4  -3  -4   3  -6  -4  -4   3   8  -3    0  13   1   0   1   0   0   0   1   0   0   1   0  11   0   0   0   4  67   1  1.84 0.61
  221 I     1  -3  -2  -4   4  -2  -3  -4   5   4  -2  -3  -2  -1  -4  -2   0  -3   3   0   15   0   1   0   9   1   0   0  20  29   1   0   0   1   0   0   7   0  13   4  0.60 0.33
  222 I     2  -3  -2  -3   2  -3  -3   3  -3  -1  -3  -3  -1  -4  -3   3   0  -4  -4   1   22   0   0   0   4   0   0  20   0   3   0   0   2   0   0  32   4   0   0  13  0.49 0.29
  223 D    -1  -4   0   7  -6   0  -1  -4  -4  -5  -3  -3  -5  -6  -2  -3  -4  -7  -5  -3    6   0   2  79   0   4   2   0   0   0   4   0   0   0   2   0   0   0   0   2  1.63 0.56
  224 C     0  -2  -2  -3   2  -2  -3  -2  -3   2   1  -3   2  -2  -3   3   2  -4  -3   1    5   1   1   0   4   0   0   1   0  15  13   0   6   0   0  27  14   0   0  13  0.32 0.23
  225 A     4  -3   0  -3   0  -2  -1  -1  -3  -3  -3  -2   0  -4  -3   3   4  -4  -4  -2   35   0   5   0   2   0   4   4   0   0   0   0   2   0   0  20  27   0   0   0  0.61 0.34
  226 F    -2   5  -3  -3  -5  -1   0  -4   3   0  -2   0  -3   4  -4  -3  -2   0  -1  -2    2  41   0   0   0   2   6   0  10   6   1   5   0  22   0   0   2   1   0   2  0.72 0.35
  227 T    -3  -4  -3  -4  -4  -4  -4  -5  -5  -4  -4  -4   2  -5  -4  -1   7  -5  -5  -3    0   0   0   0   0   0   0   0   0   0   0   0   6   0   0   2  92   0   0   0  1.94 0.71
  228 V    -2  -4  -4  -5  -3  -3  -3  -5   0   2   1  -3   3   4  -4  -3  -2   4   2   3    1   0   0   0   0   0   2   0   2  11  11   0   9  24   0   0   2   6   8  23  0.58 0.27
  229 A     2  -1  -2  -1  -2  -2  -2  -2  -1   0   0  -1   0   1   2   0   0  -2   1   1   21   2   1   3   0   0   1   2   1   4  10   2   1   8   9   8   6   0   6  16  0.13 0.12
  230 F    -1  -4  -4  -5  -3  -3  -4  -4  -4   2   1  -3  -1   4  -3  -3  -2  -1   1   4    6   0   0   0   0   1   0   0   0  14  14   1   0  24   1   0   0   1   3  35  0.61 0.29
  231 N    -2  -3   3   3  -4  -1   0   4   0  -5  -5  -2  -4  -4  -3   0  -2  -4   0  -4    0   0  15  22   0   2   6  41   2   0   0   1   0   0   0   5   2   0   5   0  0.74 0.31
  232 P    -1  -1   2   1  -4  -1   3  -1   1  -3  -4   0  -1  -5   5  -1  -1  -5  -4  -4    4   2  10   5   0   1  23   4   4   1   0   6   2   0  32   3   2   0   0   0  0.70 0.30
  233 M    -2   1   0   0   0   0   0  -2  -2  -1  -1   2   0  -3   3  -1   1  -4  -3   2    0  10   4   5   2   4   6   1   0   2   2  14   3   0  14   1  10   0   0  20  0.22 0.17
  234 F     1  -2   0   1  -3   0   0  -2  -1  -2  -2  -1   0   1   1   1   0   0   4  -2   14   0   5  11   0   3   4   1   0   1   3   2   2   7   6  15   4   1  21   0  0.25 0.19
  235 D    -1  -1  -1   5  -5   3   3  -1  -1  -4  -4   2  -4  -4  -3   0  -2  -5  -4  -3    5   2   0  35   0  13  21   4   1   0   0  11   0   1   0   5   1   0   0   1  0.67 0.31
  236 P    -2   2   2   1  -4   1   2  -2  -2  -2  -3   3  -3  -4   3  -1  -1  -4  -3  -3    2  11  11   9   0   6  12   1   0   3   1  27   0   0  13   1   2   0   0   1  0.46 0.23
  237 L    -2  -4  -5  -5  -3  -4  -3  -5  -1   2   5  -4   2   0  -4  -4  -3  -3  -1   1    2   0   0   0   0   0   1   0   2  12  65   0   4   4   0   0   0   0   2   8  0.84 0.35
  238 L    -1  -2  -4  -4   3  -3  -3  -4  -3   2   3  -3   2  -1  -4  -1   0   3   3   2    3   2   0   0   7   0   0   0   0  10  29   1   6   0   0   3   5   4  14  16  0.38 0.21
  239 A     0   1   1   2  -4   2   3   1  -2  -3  -3   1  -1  -4  -2  -1   0  -4  -2  -3   11   6   6  13   0  10  24   9   0   0   1  11   1   0   0   1   6   0   1   1  0.34 0.19
  240 A     4  -2  -1  -1   1  -2  -2  -2  -3   1  -1  -2  -2  -3   0   0   0  -4  -3   2   42   2   2   5   3   0   0   0   0  10   5   1   0   0   4   6   4   0   0  17  0.34 0.24
  241 S     2  -3   0  -3  -1  -1  -1  -2  -3   0  -1  -1   0  -3  -2   0   2   0  -2   4   16   0   4   0   1   3   4   2   0   1   1   3   2   0   2   4  17   1   1  37  0.30 0.24
  242 R     0   2   1  -2  -3   1   2  -3   0  -2   0   3  -2  -2  -3  -1  -1  -3   1  -1    9  14   7   0   0   5  13   0   1   0  10  22   0   1   0   2   3   0   6   6  0.23 0.18
  243 E     0  -1   0   4  -5   1   5  -3  -2  -4  -3   1  -1  -5  -3  -2  -1  -5  -4  -4    8   2   2  24   0   4  44   1   0   1   2   6   2   0   0   1   4   0   0   0  0.75 0.34
  244 A     5  -3  -3  -3   4  -3  -1   0  -4   0  -2  -3  -1  -4  -3   1  -1  -4  -4   0   57   0   0   0   8   0   3   6   0   4   2   0   2   0   0  10   2   0   0   6  0.67 0.35
  245 T    -2  -2  -1  -3  -3   3  -1  -4   1   1   2  -2   0   1  -3  -1   3  -3   0  -1    2   1   3   0   0  16   3   0   4   8  27   1   1   6   0   1  21   0   3   3  0.27 0.22
  246 Y    -1   1   3   0   2   0   3  -3  -1  -3  -1   0   1  -1  -3  -1  -1  -3   2  -3    5   6  16   4   5   2  28   0   0   0   7   5   5   3   0   1   4   0   9   0  0.30 0.22
  247 T     3   0   1  -2   0   0   1  -2  -1  -2  -1   1  -2  -3  -3   0   2  -4  -3   0   33   4   7   1   2   2   9   0   1   0   6  10   0   0   0   2  19   0   0   5  0.28 0.22
  248 G     4  -4  -3  -2   3  -3  -3   4  -4  -3  -1  -3  -3  -4  -3   0  -2  -4  -4  -1   36   0   0   2   6   0   0  39   0   0   6   0   0   0   0   5   0   0   0   5  0.74 0.34
  249 I    -3  -3  -5  -5  -4  -4  -4  -6   1   6   3  -4   0  -1  -5  -3  -3  -4  -1   2    0   1   0   0   0   0   1   0   4  55  24   0   1   1   0   1   0   0   2   9  0.98 0.44
  250 K     2   2   0   0  -4   0   2  -2  -2  -4  -3   3  -2  -4  -3   1   0  -4   0  -3   18  13   4   4   0   3  15   1   0   0   1  22   1   0   0  10   4   0   4   0  0.36 0.24
  251 E     2  -1  -1  -2   0   1   2  -2   0  -1   0   0   1  -3  -1   0   1  -3  -2   0   22   2   3   0   2   5  18   1   3   3  12   4   5   0   2   5   9   0   0   5  0.15 0.16
  252 A     3  -3  -4  -4   3  -1  -2  -3  -3   2   1  -3   2  -2  -3  -1  -2  -4  -1   2   29   0   0   0   7   3   2   0   0  16  12   0   6   1   0   4   0   0   2  17  0.38 0.26
  253 G    -2   3   0  -3  -5   0  -1   3  -3  -4  -4   5  -3  -3  -3  -1  -3  -5  -3  -2    0  19   4   0   0   2   3  20   0   0   1  41   0   1   0   3   0   0   1   4  0.72 0.37
  254 I     2  -2  -4  -1  -4  -3  -2  -4  -4   3  -2  -3   0  -4   6  -2  -1  -5  -4   0   19   2   0   3   0   0   1   0   0  18   2   0   2   0  42   0   4   0   0   6  0.93 0.40
  255 D     1  -4   1   3  -4  -3  -3   5  -2  -5  -5  -3  -4  -5  -1  -2  -2  -5  -5  -3   10   0   5  19   0   0   0  57   1   0   0   0   0   0   3   0   1   0   0   2  1.04 0.43
  256 V     2  -2   0  -3  -2  -1  -2  -3  -3   2   0  -1   2  -2  -3  -1   1  -4  -3   3   24   1   6   0   0   2   1   1   0  12   8   3   6   0   0   2   7   0   0  26  0.29 0.23
  257 R    -2   5   0  -3  -4   0   0  -3   0  -4  -3   1  -2  -3   1   1   2  -4  -2  -2    1  40   4   0   0   2   7   0   2   0   2   7   1   1   7  11  12   0   1   2  0.58 0.33
  258 L    -1  -3  -2  -4   3  -2  -3  -2  -3   2   3  -3   2   1  -2  -2   0  -2   2   1    6   0   2   0   6   1   0   2   0  13  29   0   6   6   2   0   6   0   9  10  0.30 0.20
  259 C     0   1   1   0   2   0   0   2  -2  -1  -1   1   0  -3  -1   2   0  -3  -1  -1    4   9   5   5   5   2   5  15   0   2   4   9   2   0   2  18   5   0   2   4  0.12 0.11
  260 D    -3  -1   1   5  -3   1   3  -2   1  -4  -4   2  -4  -5  -3  -2  -2  -5  -3  -2    1   1   7  42   0   6  20   2   3   0   0  12   0   0   0   0   1   0   0   4  0.79 0.37
  261 I    -2  -5  -5  -5  -3  -4  -5  -5  -5   5   2  -4   0  -1   2  -4  -1  -4   0   2    1   0   0   0   0   0   0   0   0  47  17   0   1   2  11   0   2   0   3  15  0.81 0.38
  262 G     1  -1  -1   1  -2  -3  -3   5   2  -5  -5  -3  -4  -4  -4   1  -1  -4  -2  -4   10   3   2   9   1   0   0  53   6   0   0   0   0   0   0  10   4   0   1   1  0.82 0.37
  263 A     1   1   2   0  -1   0   1   0   1  -1  -3   2   0  -3  -2   1   0  -4  -2  -2   14   8  12   3   1   1  11   7   3   6   1  17   2   0   0   8   6   0   0   0  0.19 0.16
  264 A     3  -1  -2  -1  -2   1   0  -2  -1   2  -1  -1   0  -2  -3   0   1  -1  -1   1   35   2   0   3   0   6   8   0   1  13   3   3   1   0   0   3   7   1   2  11  0.24 0.22
  265 I     1  -4  -2  -4  -1  -4  -4  -4  -4   5   1  -4  -1   1  -4  -1  -2  -4  -3   2   13   0   2   0   1   0   0   0   0  51   8   0   0   7   0   4   1   0   0  11  0.69 0.35
  266 Q    -3   3   1   0  -5   5   2  -2   3  -3  -4   0  -3  -4  -3  -1  -1   0   0  -3    0  15   7   4   0  35  13   3   7   1   0   3   0   0   0   3   3   1   3   2  0.63 0.35
  267 E     0   1   2   1  -4   2   4  -2   0  -3  -4   1  -3  -5  -3  -1   0  -5  -4  -4    7   6   9   6   0  10  39   2   1   1   1   9   0   0   0   3   6   0   0   0  0.57 0.32
  268 V     0  -1  -3  -4  -1  -3  -3  -3   1   3   0  -2  -1  -1  -4  -2   1  -3   3   3    9   4   0   0   1   0   1   1   4  22   8   2   0   2   0   0  11   0  11  25  0.33 0.24
  269 M     2  -3  -2  -1  -3  -3  -3  -1  -3   3   0  -3   5   0  -3  -1   1  -3  -1   1   20   0   2   4   0   0   0   3   0  17   6   0  20   5   0   2   7   0   2  11  0.33 0.25
  270 E     1   1   1   2  -3   1   4  -3  -1  -2  -2   1  -2  -4  -2   0  -1  -4  -3  -2   11   8   6  10   0   4  36   1   1   2   4   7   0   0   0   5   2   0   0   2  0.40 0.23
  271 S     1  -1   0   1  -3  -1   1  -2  -2  -2  -3   2  -2  -2  -1   3  -1  -3  -3  -1   14   2   4   7   0   1   7   1   0   3   1  19   0   1   2  31   1   0   0   5  0.31 0.22
  272 Y     0   0  -1  -2  -3   1  -1  -1   3   1  -1  -1  -2   0  -3  -1  -2   1   6  -2    8   6   3   1   0   6   3   4   8   9   4   4   0   1   1   4   2   1  33   1  0.41 0.23
  273 E     0   1   1   1  -3   0   3   2  -1  -2  -1   0  -2  -3  -2  -1  -1  -3  -2  -2    9   7   7   9   0   1  23  19   1   1   8   6   0   1   1   3   2   0   1   1  0.23 0.15
  274 V    -1  -2  -2  -2   3  -1  -1  -2   1   1   1  -1   0   2  -2  -1  -1  -1   2   2    3   2   1   2   9   2   4   2   3   7  11   4   2  12   1   4   1   0  10  22  0.17 0.14
  275 E     0  -1   0   1  -2   1   3  -1  -1  -1  -1   1  -1  -1  -2   1   0  -2  -1   0    7   2   2   6   0   8  27   4   1   2   4   7   1   3   1  13   4   0   1   7  0.20 0.14
  276 I     0  -1  -2  -2  -2  -2  -1  -2  -2   3   1   0   0   1  -2  -2  -1   1   0   2    6   2   1   1   0   1   4   4   0  26  13   6   2   7   1   1   3   2   3  16  0.17 0.13
  277 N     0   0   2   1  -2   1   0   1   2  -1  -1   0  -1  -2  -1   0   0  -2  -1  -1    8   6  15   6   1   8   3  12   8   6   5   5   1   1   2   2   8   0   2   3  0.11 0.08
  278 G     0  -1  -1  -1   1  -1  -1   4  -2  -1  -1  -1   0  -2  -1   0   0  -2   0   0    5   2   1   4   3   3   4  35   1   4   6   4   3   1   3   7   5   0   3   8  0.22 0.12
  279 K     0   2   0   1  -2   1   0  -2  -1  -1  -1   3  -1  -2  -2   0   2  -3  -2  -1    8  11   5   7   0   6   6   2   1   3   5  21   1   1   1   4  14   0   1   4  0.19 0.13
  280 V    -1  -1   0  -1  -2  -1   0   1  -1   0  -1   0   2  -1  -1   0   2  -2   0   0    3   3   4   2   0   2   8  11   1   5   5   5   9   1   2   7  17   0   5   9  0.08 0.10
  281 F    -2  -2   0  -2   0  -2  -1   0   1   0  -1  -2  -1   4  -2   0  -2   1   4   0    2   2   6   1   3   1   5  10   3   5   4   2   0  19   1   8   1   2  18   6  0.24 0.16
  282 Q     0  -2   0   0  -3   1   0   3  -2  -2  -3  -1  -3  -1   5  -1  -1  -3  -3  -2    5   1   4   4   0   6   7  28   0   3   2   2   0   2  27   1   3   0   1   2  0.55 0.25
  283 V    -1  -2  -2  -2   1  -1   0   0   1   2   0  -2   0   2  -2  -2  -1  -2   2   3    2   1   1   2   3   3   7   9   5  11   5   1   1  10   1   2   1   0   8  26  0.16 0.14
  284 K     0   1   0   0   0   0   0  -1   0  -2  -2   3  -2  -1  -1   1   0  -2   0  -1    5   7   3   4   2   3   5   5   2   1   2  27   1   3   1  14   4   0   5   6  0.17 0.13
  285 S     1   0  -1  -2   2  -1   0  -2   0  -1  -2   0   0   0   4   1  -1  -2  -2   0   15   7   1   1   4   1   6   2   3   2   2   4   4   5  20  10   2   0   1   9  0.23 0.13
  286 I    -1  -1  -3  -3   0  -2  -1  -3  -3   4   0  -3   1  -2  -3  -2  -2  -3  -1   4    3   3   1   1   2   1   5   1   0  31   7   1   2   1   1   3   1   0   2  34  0.48 0.26
  287 R    -1   5  -2  -1  -3  -1   1  -2   1  -1  -1   2  -2  -1  -2   0  -2  -3  -2  -1    4  41   1   2   0   1   9   2   4   3   6  11   0   3   2   6   1   0   1   4  0.46 0.26
  288 N    -1   2   4   2  -3   1   1   1   0  -4  -3   0  -3  -3  -2   0  -1  -3  -2  -3    4  14  25  10   0   7   9  12   2   1   1   2   0   1   1   6   3   0   1   1  0.40 0.23
  289 L    -3  -3  -4  -4  -3  -1  -3  -4  -2   2   3  -3   1   4  -4  -3  -3  -1   5   0    1   1   1   1   0   3   1   1   0  10  36   1   3  16   1   1   1   0  20   4  0.63 0.31
  290 N    -2  -2   3  -2   5  -1  -2   0  -1  -1   0  -1  -2  -1  -3   0   2  -3  -1   0    0   0  16   0  14   3   0   8   2   2  11   4   0   3   0   8  17   0   2   6  0.27 0.23
  291 G    -1  -2  -3  -4  -5  -2  -4   6  -4  -5  -3  -2  -1  -5   0   0  -4  -5  -5  -3    3   2   0   0   0   2   0  72   0   0   2   3   2   0   5   7   0   0   0   2  1.33 0.57
  292 H    -5  -4  -1  -5  -7  -1  -4  -6  11  -7  -6  -4  -5  -1  -6  -5  -2  -6   0  -7    0   0   3   0   0   3   0   0  87   0   0   0   0   2   0   0   2   0   3   0  3.07 1.03
  293 S    -1  -3   2   1  -4   1  -2   5  -1  -4  -2  -1  -3  -4  -2   1  -1  -4  -1  -3    1   0  10  10   0   7   1  43   1   0   3   2   0   0   2  11   4   0   2   1  0.58 0.32
  294 I    -3  -4  -4  -2   0  -2  -2  -5  -4   5   1  -4   1   0  -4  -4  -1  -4  -1   3    0   0   0   3   2   1   4   0   0  49  12   0   2   3   0   0   2   0   2  19  0.74 0.38
  295 G     0   0  -1  -1  -5  -1   0   6   0  -5  -2  -1  -4  -5  -4  -1  -3  -5  -5  -5    5   5   2   3   0   3   6  60   2   0   6   4   0   0   0   2   0   0   0   0  0.93 0.44
  296 P    -2   3   0   0  -3   3   0  -2   4  -3  -2   1  -2  -3   1  -1   0  -3  -2  -3    1  22   3   4   0  18   4   3  14   1   5   5   0   1   8   4   6   0   0   1  0.44 0.26
  297 Y    -2  -1  -2  -3   0  -1   0  -3   2   0   1  -2   0   3  -1  -2  -2   4   5  -1    2   3   1   1   2   2   6   1   5   5  17   1   2  11   3   1   1   6  25   2  0.41 0.22
  298 Q     0   0   0  -1  -2   1   1  -2  -1   0   0   1  -1  -1  -1   0   0  -3  -2   1    7   6   3   3   0   6  12   1   1   4  14  10   0   3   2   7   7   0   0  15  0.07 0.09
  299 I    -2  -4  -3  -4  -3  -4  -4  -5   0   4   2  -4   2   3  -1  -3  -2  -3  -2   3    3   0   1   0   0   0   0   0   3  31  18   0   5  16   3   0   0   0   0  20  0.60 0.32
  300 H    -5  -4  -1   2  -6  -3  -2  -5  10  -6  -6  -4  -5  -5  -5  -4  -5  -6   0  -6    0   0   2  13   0   0   2   0  79   0   0   0   0   0   0   0   0   0   2   0  2.72 0.93
  301 A     1  -2   0   0   1  -1   3   3  -3  -4  -4  -2  -2  -4  -3   0   1   2  -1  -3   12   1   4   5   3   1  26  27   0   0   0   0   1   0   0   4   9   3   2   0  0.46 0.31
  302 G     0  -2   0   1  -3  -1   2   3   1  -3  -4   0  -3  -2  -1   0   0   0   0  -2    7   0   4  10   0   0  14  30   4   0   0   7   0   1   3   6   5   1   4   4  0.33 0.22
  303 K    -2   0  -3  -3  -4   1   0  -2   0  -1  -1   3  -3  -4   5  -1  -1  -4  -3   0    2   3   0   0   0   7   4   3   3   4   5  24   0   0  31   4   2   0   0   7  0.61 0.32
  304 S     0   0   0   1  -3   2   1  -1   3  -2  -2  -1  -2   0  -1   2   0  -3   0  -2    6   4   5   6   0  12  10   3   7   1   3   2   0   4   1  23   5   0   4   3  0.20 0.19
  305 V    -1  -4  -4  -1  -3  -2  -2  -4  -4   4   0  -4   2  -2  -4  -2   0  -4   0   4    3   0   0   5   0   1   2   0   0  27   5   0   6   0   0   3   5   0   3  38  0.59 0.35
  306 P    -2  -4  -2  -3  -3  -1   0  -1  -4   0   0  -3  -1  -2   6  -1  -3   1   0  -2    3   0   2   0   1   2   5   4   0   6  12   0   2   2  48   5   0   2   4   3  0.91 0.42
  307 I    -1  -2   2  -2  -3   0  -1   0   4   2  -1  -2  -2   2  -3   0  -2   2   2  -1    4   1  14   0   0   4   3   6  15  14   5   0   0  11   0   9   0   2   9   3  0.27 0.23
  308 V    -2  -3  -1  -2  -1  -3  -3  -3   1   1   0  -2   0   0   0  -2   0  -1   4   3    0   0   3   2   1   0   0   1   5   7  10   1   2   3   5   1   7   1  18  31  0.36 0.27
  309 K     1   3   2   0  -4   0   0  -1  -2  -4  -4   3  -3  -3   0   0  -2  -4   1  -3   14  18   9   5   0   2   4   4   0   0   0  26   0   0   4   8   0   0   5   1  0.38 0.27
  310 G     0  -2   4   0   1   0   1   1  -1  -4  -4  -2  -3  -4   3   1   0  -5  -4  -2    7   1  28   3   3   3  10  11   1   0   0   1   0   0  17   8   4   0   0   3  0.50 0.31
  311 G    -1   1   3   2  -3   0   1   2   2  -4  -4   1  -3  -3  -1   1  -1  -4  -1  -3    3   9  15  13   0   4   7  15   7   0   1   7   0   1   2  11   1   0   1   1  0.32 0.20
  312 E    -1   0   1   5  -1  -1   2  -2  -2  -1  -3   1  -3  -2   0   1   0  -4  -2  -2    3   4   7  34   1   0  11   1   0   5   1   8   0   1   4  11   5   0   2   1  0.42 0.26
  313 Q    -1   0   2   2  -3   2   1   1  -1  -3  -2   0   0  -2  -1   0   1  -3  -3  -2    5   3  10  15   0  13   9   9   1   0   2   4   4   2   3   6  11   0   0   3  0.21 0.17
  314 T     0   0  -2  -2  -3   0  -2   0  -1   0   0  -1  -2   0   1   0   4  -3  -1  -1    5   6   0   2   0   4   1   8   1   7   9   2   0   6   7   5  32   0   2   3  0.20 0.21
  315 K    -2   3  -2  -3  -3  -1  -1  -3  -3   1   0   3  -2  -3   1  -1   0  -4  -1   2    1  16   0   0   0   1   3   1   0   9   8  21   0   0   8   2   7   0   2  18  0.29 0.24
  316 M    -4  -5  -5  -6  -4  -4  -5  -6  -5   1   5  -5   6   1  -5  -4  -1  -4  -3   1    0   0   0   0   0   0   0   0   0   6  52   0  27   6   0   0   3   0   0   7  1.15 0.53
  317 E    -1   0  -2   1   0   4   5  -4  -3  -3  -4   2  -3  -5  -3  -2  -2  -5  -4  -2    4   3   0   8   2  17  44   0   0   1   1  14   0   0   0   0   2   0   0   3  0.81 0.44
  318 E     0  -3  -3  -2  -5  -1   5  -2  -2  -2  -4  -1  -4  -6   5  -1  -3  -6  -5  -1    6   0   1   0   0   1  43   2   1   2   1   2   0   0  34   3   0   0   0   5  1.11 0.52
  319 G    -1  -3   2   0  -5  -4  -4   7  -1  -7  -6  -4  -5  -6  -5  -3  -4  -6  -6  -6    3   2   9   5   0   0   0  79   1   0   0   0   0   0   0   0   0   0   0   0  1.71 0.64
  320 E    -3  -4   0   1  -5   1   4  -4   0  -3  -2  -3   8  -1  -5  -2  -2  -5  -4  -3    1   0   4   7   0   5  26   1   2   0   0   0  47   2   0   2   2   0   0   0  1.17 0.60
  321 F    -1  -5  -5  -5   0  -4  -5  -5  -2   1  -1  -5  -2  -1  -5  -3   2  -5  -2   6    4   0   0   0   2   0   0   0   1   5   2   0   0   3   0   1  13   0   1  68  1.09 0.53
  322 Y    -4  -5  -5  -6  -4  -5  -5  -6  -3   3   2  -5  -2   6  -6  -5  -4  -2   5   1    0   0   0   0   0   0   0   0   0  15  19   0   0  39   0   0   0   0  19   9  1.13 0.48
  323 A     4  -3  -1  -3   2  -1  -3  -2  -4  -3  -2  -3  -3  -4  -3   1   5  -5  -4  -3   34   0   3   0   5   2   0   1   0   0   3   0   0   0   0  11  40   0   0   0  0.79 0.44
  324 I    -4  -5  -6  -6  -4  -5  -6  -6  -6   7   0  -5   3  -3  -5  -5  -3  -5  -4   4    0   0   0   0   0   0   0   0   0  66   4   0   6   0   0   0   0   0   0  24  1.47 0.56
  325 E    -4  -3  -3   3  -7  -1   7  -5  -3  -6  -6  -2  -5  -7  -4  -3  -4  -6  -5  -6    0   0   0  14   0   0  86   0   0   0   0   0   0   0   0   0   0   0   0   0  2.03 0.75
  326 T    -4  -5  -4  -5  -5  -4  -4  -5  -5   2  -4  -4  -4  -6   7  -3   3  -6  -5  -2    0   0   0   0   0   0   0   0   0  12   0   0   0   0  63   0  23   0   0   2  1.84 0.66
  327 F    -3  -4  -4  -5  -4  -1  -4  -5  -4   1   0  -4   7   6  -5  -1  -3  -2  -1   1    0   0   0   0   0   3   0   0   0   8   5   0  36  35   0   4   0   0   0  10  1.00 0.40
  328 G     0  -3  -3  -1   1  -3  -3   3  -3   3   1  -3   2  -2  -1  -2  -1  -4  -3   2   10   0   0   4   4   0   0  23   0  22  10   0   9   0   2   0   1   0   0  14  0.29 0.18
  329 S     0  -3   3  -1   0  -1  -1  -2  -3  -3  -3  -2   3  -4  -3   4   3  -4  -3  -3    3   0  14   1   2   1   2   0   0   0   0   0   9   0   0  47  19   0   0   0  0.67 0.34
  330 T     0  -3  -1  -1  -3  -2   1  -3  -3   1   0  -2   0  -3  -3   1   5  -4  -3   0    9   0   1   3   0   0   8   0   0   8   8   0   2   0   0   9  49   0   0   3  0.50 0.28
  331 G    -1  -4  -1  -3  -4  -3  -4   6  -2  -5  -5  -2  -4  -5   1   1  -3  -5  -5  -5    3   0   1   0   0   0   0  76   1   0   0   1   0   0   7  10   0   0   0   0  1.35 0.40
  332 K     0   1   1   0  -3   0   2  -1  -2  -3  -3   3  -2  -2  -2   1   2  -4  -3  -2    8   8   9   3   0   0  13   4   0   1   0  24   0   1   0  14  13   0   0   2  0.28 0.16
  333 G    -1  -1   0  -2  -2  -2  -1   5  -1  -4  -2  -1  -3  -3  -2   0  -1  -3   1  -2    3   4   4   1   1   0   3  59   1   0   4   2   0   0   1   4   3   0   6   3  0.66 0.24
  334 Y    -1   2  -2  -2  -4   1   2  -3   1  -3  -2   3   0   2  -3  -1  -1  -2   4  -2    4  11   0   0   0   4  15   0   3   0   1  23   3   8   0   1   2   0  21   3  0.36 0.19
  335 V     0  -3  -3  -3  -2  -2  -1  -4  -3   2   1  -1   0  -1   1  -2   1  -4  -2   4    5   0   0   0   0   0   4   0   0  15  12   3   0   2   7   0  10   0   1  41  0.35 0.19
  336 R    -2   3   1   0  -3   0   0   0   2   0   0   2  -1  -2  -3  -1   0  -3  -1   0    0  22   6   4   0   0   3   9   8   7   7  16   1   0   0   0   5   0   1   9  0.17 0.12
  337 E     0  -1   0   5  -4  -1   4  -2  -2  -4  -4  -1  -4  -5   1  -1  -2  -5  -4  -4   10   3   3  46   0   1  29   1   0   0   0   0   0   0   7   0   0   0   0   0  0.86 0.29
  338 D     0   0  -1   4  -4   0   2   2  -2  -3  -3  -1  -1  -1  -3   0  -2  -4  -3  -2    6   7   0  32   0   4  14  22   0   0   0   0   2   4   0   4   0   0   0   4  0.42 0.18
  339 L    -1  -1  -1  -1  -3  -1  -2   3  -2   0   0   2   2  -2   2   0  -1  -3  -3  -1    3   0   2   3   0   0   0  29   0   5   9  18   9   1  10   7   1   0   0   4  0.24 0.14
  340 E    -1  -1  -1   1  -3   1   3   2  -1  -1  -2   1  -2  -2   1  -1   0   1   1  -1    0   0   0   8   0   8  24  17   0   6   2   8   0   0   8   2   4   2   8   3  0.23 0.13
  341 C     1   2  -2  -3   5  -2  -2   0  -3   1  -2   0  -2  -3   0  -1   2  -4  -3   1   10  14   0   0  18   0   0   6   0   9   0   4   0   0   5   0  22   0   0  12  0.31 0.17
  342 S     0  -2   0  -2  -2  -1   1  -2  -2  -2  -1  -2  -2  -2  -2   3   3   2   3  -1    6   0   2   0   0   0  10   0   0   0   5   0   0   0   0  34  22   4  12   5  0.35 0.20
  343 H    -2  -1  -2  -3  -3  -2  -2   1   7   3  -1  -2  -2  -2  -3  -2   1  -4  -1  -1    0   3   0   0   0   0   0  14  39  25   5   0   0   0   0   0  12   0   0   0  0.63 0.26
  344 Y    -1  -4  -4  -5  -4  -3  -4  -5  -1   1  -2  -4  -2   4  -5  -3  -3   0   8  -2    4   0   0   0   0   0   0   0   0  12   0   0   0  18   0   0   0   0  66   0  1.39 0.35
  345 M     2   0  -2  -2  -2  -1  -2   1  -1   0  -1   0   3   0  -2   0  -1  -2   3   0   23   5   0   0   0   0   0  14   0   6   1   6  13   1   0   8   0   0  16   5  0.19 0.13
  346 K    -2   3  -2  -3  -2  -1  -1  -3   2   0   1   4   0   0  -3  -2  -2  -3   1  -1    0  21   0   0   1   0   0   0   5   7  14  34   2   5   0   0   0   0   7   4  0.34 0.17
  347 N    -1   3   3   3  -3   0  -1  -2  -1  -1  -1   1  -2  -3  -2   0   0  -4  -3   0    3  19  25  18   0   1   1   0   0   2   6   8   0   0   0   3   5   0   0   8  0.29 0.13
  348 F     0   0  -1   2  -3  -1   0  -1  -1  -1  -1  -1  -1   1   3  -1   0  -2  -1   0    6   8   0  16   0   1   8   4   1   0   3   1   1  11  18   2   8   0   1  10  0.20 0.09
  349 D    -1  -2   3   4  -3  -1   1   0   2  -4  -4  -1  -3  -2   0   0  -2  -3   2  -3    4   0  16  36   0   0   9   5   7   0   0   0   0   0   4   6   0   0  11   0  0.50 0.18
  350 A     3  -1  -2  -2  -2   0  -1  -2  -2   0   0   1   0  -2  -1   1   0  -3  -2   2   33   0   0   1   0   4   0   1   1   3   8  11   2   0   2  10   4   0   1  19  0.17 0.11
  351 G     0  -1   1   0  -2   0   0   0   0  -2  -2   0  -2  -3   3   2   2  -3  -2   0    6   1   5   3   0   5   2   4   2   0   1   7   0   0  16  24  15   0   0   8  0.28 0.11
  352 H    -1   0   2  -1  -3   1  -1   0   3  -2  -2   1   0  -1   1   0   0  -1   3  -2    4   2  13   1   0   8   1   6  11   1   1  10   5   0   6   8   3   0  19   1  0.23 0.11
  353 V     0   1  -2  -2  -2  -1  -2  -2  -1   1   0  -1   2   0  -2  -1   0  -1   3   2    9  11   1   1   0   1   1   1   0   8   5   2  10   1   1   3   4   0  15  26  0.16 0.10
  354 P     0  -1   0   0  -2   1  -1   1   0  -2  -3   0  -1  -3   5   0   0  -3  -2  -2    4   3   5   4   0   7   1  14   2   1   1   7   1   1  30   8   7   0   1   3  0.45 0.11
  355 L    -2  -3  -4  -4  -2  -3  -3  -4  -3   1   5  -3   1  -1  -1  -2  -2  -3  -2   2    2   0   0   0   0   0   1   1   0   6  69   0   0   0   3   2   0   0   0  14  0.62 0.20
  356 R    -2   5  -2  -2  -4   0  -1  -3   2  -4  -4   4  -3  -4   2  -1  -1  -4  -3  -4    1  49   0   0   0   0   0   1   5   0   0  31   0   0   9   1   2   0   0   0  0.87 0.26
  357 L    -2  -2  -3  -4  -2  -2  -3  -3   0   1   4  -1   4   0  -3  -1  -1  -3  -2   0    0   0   0   0   0   1   0   1   3   7  53   5  16   2   0   6   1   0   0   4  0.45 0.18
  358 P     1   0   0   0  -3   2   0  -2  -2  -2  -1   3  -2  -3   1   2   0  -4  -3  -1   14   0   2   4   0  10   2   0   0   0   6  30   0   0   7  19   2   0   0   3  0.28 0.14
  359 R     2   1   0  -2  -2   1  -1  -2   0  -3  -3   0   0  -1  -2   3   1  -3  -1  -2   20  11   5   0   0   8   0   0   2   0   0   5   3   3   0  30  11   0   2   0  0.29 0.15
  360 A     5  -2   0  -2  -2  -2  -1  -1  -3  -3  -3  -2  -3  -4  -2   4   0  -4  -3  -2   56   0   5   0   0   0   3   0   0   0   0   0   0   0   0  35   1   0   0   0  0.75 0.28
  361 K    -3   6   0  -3  -5   0  -1  -3  -2  -5  -4   5  -3  -5  -3  -2  -2  -5  -3  -4    0  54   4   0   0   1   0   1   0   0   0  40   0   0   0   0   0   0   0   0  1.17 0.32
  362 Q     0   1   1   1  -3   2   1  -1   0  -3  -3   2  -2   1  -2   2   0  -3  -2  -3    5   8   8   8   0  14   5   2   2   0   0  13   0   8   0  25   3   0   0   0  0.26 0.12
  363 L    -3  -4  -5  -5  -3  -4  -4  -5  -4   2   5  -4   1   1  -4  -4  -2  -3  -2   1    0   0   0   0   0   0   0   0   0   8  79   0   0   6   0   0   0   0   0   7  0.90 0.27
  364 L    -3  -3  -4  -5  -1  -3  -4  -5  -1   2   5  -2   0   1  -4  -4  -2  -2   1   0    0   0   0   0   1   0   0   0   2  10  72   3   0   6   0   0   0   0   6   1  0.72 0.24
  365 A     0  -1   2   1  -3   0   0   0  -2  -3  -3   3   0  -3  -2   2   1  -4  -2  -3    5   0  13   8   0   3   1   7   0   0   0  28   3   0   0  23   8   0   1   0  0.33 0.15
  366 T    -1  -1  -1  -1  -3   1   2  -3   0  -1  -1   2  -1  -1  -2   0   2  -3  -1   2    2   0   1   0   0   8  19   0   3   0   3  18   0   3   0   4  19   0   1  20  0.22 0.14
  367 I    -3  -5  -5  -5  -3  -4  -5  -5  -5   7   1  -4   0  -2  -4  -4  -2  -4  -3   2    0   0   0   0   0   0   0   0   0  84   5   0   0   0   0   0   0   0   0  11  1.24 0.34
  368 N    -2   1   3   3  -4   1   2  -2  -1  -3  -4   3  -3  -3  -2   0   0  -4  -1  -2    0   6  18  22   0   4  12   0   0   0   0  23   0   0   0   5   4   0   3   3  0.44 0.16
  369 K     0   2  -1   1  -4   2   2  -3  -2  -4  -3   4  -2  -4  -2   0   0  -4  -3  -3    9   9   0   6   0   7  16   0   0   0   0  44   0   0   0   3   6   0   0   0  0.54 0.19
  370 N    -2   1   6   0  -4   1   2  -2   0  -4  -4   1  -3  -4  -3   0   0  -5  -3  -4    0   9  54   0   0   4  17   0   1   0   0   6   0   0   0   5   5   0   0   0  0.80 0.26
  371 F    -3  -3  -3  -4  -3  -3  -3  -4  -2  -2  -1  -1  -2   7  -4  -3  -1   0   4  -2    1   0   0   0   0   0   0   1   0   0   2   5   0  65   0   0   5   0  17   0  1.15 0.29
  372 S    -1  -2   0   0  -3  -2  -2   5   0  -4  -4   0  -3  -4   1   1   0  -4  -4  -4    2   0   4   5   0   0   0  54   2   0   0   6   0   0   7  15   5   0   0   0  0.70 0.20
  373 T     0  -1  -1  -3  -2  -2  -2  -2  -3   0  -2  -2  -2  -2   0   1   5  -3   1   2    9   2   1   0   0   0   0   2   0   2   0   0   0   0   3   6  48   0   5  21  0.46 0.22
  374 L    -3  -3  -4  -5  -3  -3  -4  -5  -3   2   4  -4   3   3  -4  -4  -2  -2   3   0    0   0   0   0   0   0   0   0   0   9  58   0   8  13   0   0   0   0  12   0  0.71 0.23
  375 A    -1  -4  -4  -4  -2  -3  -3  -4  -4  -3  -4  -3  -4  -5   8  -3  -3  -6  -5   1    4   0   0   0   1   0   0   0   0   0   0   0   0   0  84   0   0   0   0  11  2.16 0.42
  376 F    -4  -5  -5  -6  -4  -5  -5  -5  -3  -2   0  -5  -2   8  -6  -4  -4   4   1  -3    0   0   0   0   0   0   0   0   0   0   4   0   0  91   0   0   0   6   0   0  1.95 0.43
  377 C     1  -2  -2  -3   7  -2  -2  -2  -3  -3  -3   1  -2  -3   0   2   1  -3  -3  -2   15   0   0   0  38   0   0   0   0   0   1  13   0   0   3  18   9   0   0   0  0.71 0.21
  378 R    -1   5  -2  -2  -3   0   0  -3  -1  -2   1   1  -1  -2   0  -2  -1  -3   1  -2    5  44   0   0   0   3   6   0   0   0  20   4   0   0   5   0   4   0   6   0  0.39 0.16
  379 R    -2   7  -1  -3   0  -1  -2  -3  -2  -4  -3   0  -3  -4  -3   1  -2  -4  -3  -4    0  79   1   0   2   0   0   0   0   0   1   0   0   0   0  13   0   0   0   0  1.22 0.31
  380 Y    -2  -3   1  -1  -4  -2  -3  -4   6  -4  -3  -3  -3   0  -4  -2  -3   7   6  -4    4   0   7   3   0   1   0   0  24   0   0   0   0   0   0   2   0  21  39   0  1.25 0.31
  381 L    -3  -4  -5  -5  -3  -4  -4  -5  -4   2   5  -4   1   3  -4  -4  -2  -3  -1   1    0   0   0   0   0   0   0   0   0   8  72   0   0  13   0   0   0   0   0   8  0.80 0.24
  382 D    -2  -2  -1   5  -4   1   4   0  -2  -4  -4   1  -3  -4  -2   0  -2  -4  -3  -4    0   0   0  41   0   6  35   6   0   0   0   7   0   0   0   4   0   0   0   0  0.80 0.22
  383 R    -2   5  -1  -2  -3   0   1  -2   1  -3  -2   1  -2   2  -2   1  -1  -2   1  -2    1  44   2   1   0   1   9   1   3   1   1   4   0  12   1  12   1   0   4   1  0.44 0.15
  384 I     0  -2  -2  -1  -2  -2  -2  -3  -2   1   3  -2   2   1  -2  -1   0  -2   1   0    8   1   1   5   0   1   1   1   0   5  47   1   8   4   1   1   7   0   5   2  0.24 0.10
  385 G     0  -2   1   0  -3  -2  -1   4  -2  -3  -3  -1  -3  -1   2   1  -1  -3  -3  -2    5   1   6   4   0   0   3  44   0   0   1   3   0   3  11  13   0   0   0   4  0.46 0.13
  386 E    -2   0   0   1  -4   3   4  -3   0  -1  -1  -1  -2  -3  -3   0  -1  -4  -3   1    0   4   3   6   0  14  43   0   2   1   4   0   0   0   0   6   0   0   0  19  0.45 0.19
  387 T     0  -1  -1   3  -3   1   3   1  -2  -3  -3   2  -2  -4  -2   0   0  -4  -3  -2    8   0   0  17   0   3  28  11   0   0   0  18   0   0   0   4   7   0   0   2  0.37 0.13
  388 K    -1   3   1  -1  -3   2   0  -2  -1  -3  -3   4  -2  -4  -2   1  -1  -4  -3  -2    0  15   8   0   0   7   3   2   0   0   0  46   0   0   0  13   0   0   0   3  0.53 0.19
  389 Y     1  -1   0  -3  -3  -2  -1  -3   1  -2   0  -2  -1   2  -3   0  -2   0   6  -2   16   3   6   0   0   0   3   1   2   0  10   0   0   5   0   7   0   0  43   0  0.50 0.18
  390 L    -2   3  -2  -3  -3  -1  -2  -3   2   0   3   1   0  -1  -3  -2  -2  -3  -1  -1    1  25   0   0   0   0   0   1   7   2  49  10   0   0   0   1   0   0   1   1  0.41 0.17
  391 M    -1  -3   0  -4  -3  -2  -3  -4  -3   1   4  -1   3   1  -4  -3  -2  -3  -1   0    6   0   6   0   0   0   0   0   0   4  63   6  12   4   0   0   0   0   1   0  0.53 0.20
  392 A     3  -3   0  -3  -3  -3  -3   5  -3  -2  -4  -2  -3  -4  -3   0  -2  -4  -4  -3   29   0   3   0   0   0   0  58   0   4   0   0   0   0   0   6   0   0   0   0  0.88 0.24
  393 L    -2  -3  -4  -5  -3  -3  -4  -5  -4   2   5  -4   5  -1  -4  -3  -2  -3  -2   1    0   0   0   0   0   0   0   0   0   7  64   0  20   0   0   0   0   0   0   9  0.82 0.24
  394 K    -1   3   5  -1  -4  -1  -1   0  -1  -3  -3   2  -3  -4  -3   0  -1  -4  -3   0    3  17  47   1   0   0   0   5   0   0   0  12   0   0   0   4   0   0   0  12  0.57 0.21
  395 N    -1  -1   3   0   0   2   3  -2   1  -3  -1   0   0  -3  -2   1   0  -4  -1  -3    1   0  23   2   3   8  31   0   3   0   6   4   3   0   0  11   5   0   1   0  0.38 0.15
  396 L    -3  -4  -5  -5   4  -4  -4  -5  -4   2   5  -4   1  -1  -4  -4  -2  -3  -3   0    0   0   0   0  12   0   0   0   0  10  75   0   2   0   0   0   0   0   0   0  0.91 0.26
  397 C     0  -3  -3  -2   1  -2  -1  -3  -3   2   0  -3  -1  -2  -3  -1   2  -4  -2   4    7   0   0   2   3   0   5   0   0  11   5   0   0   0   0   0  20   0   0  46  0.39 0.18
  398 D     0   2   2   2  -3   1   0  -1  -1  -3  -3   2   1  -3  -2   2  -1  -4  -3  -3    8  15  13  12   0   5   3   3   0   0   0  14   6   0   0  21   1   0   0   0  0.29 0.12
  399 S     1   0   2  -1  -3   1   0  -2   6  -3  -2   0   1  -3  -3   1  -1  -4  -1  -2   13   5  15   0   0   5   4   0  27   0   3   4   6   0   0  16   0   0   0   2  0.38 0.17
  400 G    -1  -1  -1  -1   0   1   0   5   2  -5  -4   0  -3  -4  -3  -1  -2  -4  -3  -4    0   3   0   2   2   9   7  65   6   0   0   4   0   0   0   3   0   0   0   0  0.87 0.22
  401 I     1  -3  -4  -4   1  -3  -4  -4  -1   4   2  -3   0  -1  -3  -2  -2  -3  -1   2   14   0   0   0   3   0   0   0   2  46  21   0   0   0   0   0   0   0   1  13  0.47 0.17
  402 V    -2  -4  -4  -5  -2  -3  -4  -5  -4   3   3  -4   0   0  -4  -3  -2  -3  -2   4    0   0   0   0   0   0   0   0   0  12  43   0   0   4   0   0   0   0   0  41  0.65 0.20
  403 Q    -1   1  -1   0  -3   4   3  -3   0  -2  -2  -1  -2   0  -3  -1   0  -2   3   0    3   7   0   5   0  27  23   0   1   0   0   0   0   4   0   1   6   0  12  12  0.35 0.16
  404 P     1  -2  -2   2   1  -1  -1   1  -3  -3  -3  -2  -1  -4   5   1  -1  -4  -3  -2   18   1   0  15   4   1   3  10   0   0   0   0   2   0  36  10   0   0   1   2  0.65 0.17
  405 Y    -4  -4  -4  -5  -2  -3  -4  -5   1   0  -2  -4   2   3  -5  -4  -3   0   8  -2    0   0   0   0   1   0   0   0   1   6   0   0   6   6   0   0   0   0  80   0  1.67 0.38
  406 P     1  -3   0  -3  -4  -2   0  -3   0  -4  -4  -2  -4  -5   7  -1  -2  -5  -4  -4   13   0   4   0   0   1   6   1   3   0   0   0   0   0  72   1   0   0   0   0  1.67 0.32
  407 P    -2  -4  -4  -4  -3  -3  -3  -4  -4   1  -2  -3  -2  -3   6  -3  -2  -5  -3   4    0   0   0   0   0   0   0   0   0   9   0   0   0   0  51   0   0   0   0  39  1.21 0.25
  408 L    -3  -3  -4  -5  -3  -3  -4  -5  -4   1   5  -1   1  -1  -4  -4  -2  -3  -2   0    0   0   0   0   0   0   0   0   0   4  89   7   0   0   0   0   0   0   0   1  0.90 0.24
  409 C    -1   0   1  -3   4  -2  -2  -3   0   1   0  -1   0   0  -3  -1   0  -2   1   2    3   8   9   0  13   0   0   0   3  10   4   4   3   3   0   1   4   0   7  28  0.16 0.09
  410 D     0  -2   0   6  -4  -1   4  -3  -2  -4  -4  -1  -4  -5  -3   0  -2  -5  -4  -4    7   0   0  57   0   0  30   0   0   0   0   0   0   0   0   6   0   0   0   0  1.00 0.24
  411 V    -1   1  -2  -3  -3   0  -1  -3  -2   3  -1   3   0  -2  -3   0  -1  -4  -2   2    0   7   0   0   0   2   0   0   0  27   0  32   1   0   0   7   2   0   0  23  0.30 0.15
  412 K    -1   2  -1   1  -4   1   1  -2  -2  -3  -3   3  -2   0   4   0  -1  -3  -2  -3    2  12   0   9   0   3   7   0   0   0   0  32   0   7  20   9   0   0   0   0  0.47 0.14
  413 G    -1  -3   1  -2  -4  -3  -3   6  -3  -4  -4  -1  -3  -4  -3   0  -2  -4  -4  -1    0   0   6   0   0   0   0  78   0   0   0   4   0   0   0   6   0   0   0   7  1.12 0.24
  414 S     0  -2   1   0   3  -1   0   2  -2  -4  -4  -2  -3  -4   1   4   0  -4  -3  -3    3   0   6   5   7   0   4  21   0   0   0   0   0   0   7  45   2   0   0   0  0.47 0.16
  415 Y    -2  -2  -3  -4  -3  -2  -1  -4  -1   1   1  -1   2   2  -4  -3  -2   0   6   1    0   0   0   0   0   1   3   0   0   9  15   5   8   7   0   0   0   0  42  10  0.55 0.17
  416 V     0  -3  -2  -3  -2  -2  -3  -3  -3   2  -1  -2  -1  -2  -3   0   4  -4  -2   4    7   0   0   0   0   0   0   0   0   8   0   0   0   0   0   4  34   0   0  47  0.52 0.19
  417 S     5  -3  -3  -3  -2  -2  -2   0  -3  -2  -3  -2  -2  -4  -2   1   0  -4  -3  -1   82   0   0   0   0   0   0   3   0   0   0   0   0   0   0   9   3   0   0   3  0.84 0.25
  418 Q    -2   1  -2  -2  -4   7   1  -4   1  -4  -1   0  -2  -4  -3  -2  -2  -4  -3  -4    0   6   0   0   0  80   4   0   3   0   7   0   0   0   0   0   0   0   0   0  1.24 0.32
  419 F    -2  -4  -4  -4  -4  -3  -1  -4  -2   0  -1  -4  -1   7  -4  -2  -3   4   4  -2    3   0   0   0   0   0   6   0   0   5   0   0   0  64   0   2   0   5  15   0  1.05 0.25
  420 E    -2  -1  -2   0  -5   0   6  -4  -1  -5  -4   2  -3  -4  -3  -2  -2  -4   0  -4    0   0   0   0   0   0  83   0   0   0   0  13   0   0   0   0   0   0   4   0  1.21 0.30
  421 H    -3  -2  -1  -3  -4  -2  -2  -4   9  -3  -1  -3  -2   3  -4  -1  -1  -3   0  -4    0   0   0   0   0   0   0   0  70   0   6   0   0  16   0   4   3   0   0   0  1.40 0.32
  422 T    -2  -3  -2  -3  -2  -2  -2  -3  -3  -2  -3  -2  -2  -4  -3   0   7  -4  -3  -2    0   0   0   0   0   0   0   0   0   0   0   0   0   0   0   0 100   0   0   0  1.44 0.34
  423 I    -2  -4  -4  -4  -2  -4  -4  -5  -4   5   1  -4   0   0  -4  -3  -1  -4  -2   4    0   0   0   0   0   0   0   0   0  50   5   0   0   3   0   0   0   0   0  42  0.76 0.20
  424 L    -1  -3  -4  -4  -2  -3  -4  -4  -3   3   4  -3   1   0  -4  -3  -2  -2   1   1    5   0   0   0   0   0   0   0   0  27  57   0   0   0   0   0   0   0   6   5  0.57 0.16
  425 L    -2  -3  -4  -4  -2  -3  -4  -4  -4   2   4  -3   1  -1  -4  -3   0  -3  -2   2    0   0   0   0   0   0   0   0   0   7  65   0   0   0   0   0   7   0   0  21  0.62 0.17
  426 R    -2   4  -1  -2  -3   2   2  -3   3  -3  -1   1   2  -3  -3   0   0  -3  -2  -2    0  35   1   0   0   7  13   0  12   0   4   6  10   0   0   5   8   0   0   0  0.40 0.13
  427 P    -2  -2  -2   0  -4  -1   2  -1  -3  -4  -4   1  -3  -5   7   0  -2  -5  -4  -4    1   0   1   3   0   0  15   5   0   0   0  12   0   0  58   5   0   0   0   0  1.24 0.22
  428 T    -2  -1   5   2  -3  -1   0   0   3  -3  -4   0  -3  -4  -2   1   2  -4  -2  -3    0   0  37  11   0   0   3   7   9   0   0   5   0   0   0   8  20   0   0   0  0.50 0.15
  429 C     0  -2  -1  -2   5  -2  -2   4  -1  -1  -3   0  -2  -3  -3   1  -1  -3  -3   1    1   1   1   0  17   1   0  45   1   1   0   7   0   0   0  11   0   0   0  15  0.51 0.14
  430 K     0   0  -1  -2   1   0  -1  -2  -2  -1  -2   5  -2  -3   1   0   0  -4  -3   0    7   0   2   0   3   0   0   0   0   4   0  57   0   0   5   7   6   0   0   8  0.41 0.15
  431 E    -2  -2  -1   1  -4   0   5  -3  -2   1  -2  -1   1  -3  -2  -1   0  -3   0  -2    0   0   0   7   0   0  62   0   0  14   0   0   5   0   0   0   8   0   4   0  0.61 0.18
  432 V    -2   1  -4  -4  -2  -3  -3  -4  -4   4   0  -2   0  -2  -3  -3  -1  -4  -2   5    0  13   0   0   0   0   0   0   0  31   0   0   0   0   0   0   0   0   0  56  0.62 0.18
  433 L    -1  -3  -3  -3  -2  -3  -3  -4  -4   4   2  -3   0  -1  -3  -1   2  -3  -2   3    0   0   0   0   0   0   0   0   0  41  18   0   0   1   0   4  15   0   0  21  0.41 0.12
  434 S     0  -2  -1  -2  -2  -1  -2  -2  -2  -3  -3  -2  -2  -4  -2   4   5  -4  -3  -2    0   0   0   0   0   0   0   0   0   0   0   0   0   0   0  55  45   0   0   0  0.83 0.23
  435 K    -2   6  -1  -2  -4   0  -1  -3  -1  -4  -3   3  -2  -4  -3   1  -2  -4  -3  -3    0  66   0   0   0   0   0   0   0   0   0  24   0   0   0  10   0   0   0   0  0.93 0.18
  436 G    -1  -3  -1  -2  -4  -3  -3   7  -3  -5  -5  -3  -4  -4  -3  -1  -3  -4  -4  -4    0   0   0   0   0   0   0 100   0   0   0   0   0   0   0   0   0   0   0   0  1.54 0.18
  437 D    -2  -2   1   7  -4  -1   2  -2  -2  -4  -4  -1  -4  -4  -2   0  -2  -5  -3  -4    0   0   1  86   0   0   7   0   0   0   0   0   0   0   0   4   0   0   1   0  1.20 0.14
  438 D    -3  -3   0   7  -5  -1   1  -2  -2  -4  -5  -2  -4  -5  -3  -1  -2  -5  -4  -4    0   0   0 100   0   0   0   0   0   0   0   0   0   0   0   0   0   0   0   0  1.51 0.17
  439 Y    -3  -3  -3  -4  -4  -3  -3  -4   1  -2  -2  -3  -2   2  -4  -3  -3   1   8  -2    0   0   0   0   0   0   0   0   0   0   0   0   0   3   0   0   0   0  97   0  1.66 0.20

                      K         Lambda
Standard Ungapped    0.1331     0.3140
Standard Gapped      0.0432     0.2670
PSI Ungapped         0.1412     0.3178
PSI Gapped           0.0432     0.2670
