
Last position-specific scoring matrix computed, weighted observed percentages rounded down, information per position, and relative weight of gapless real matches to pseudocounts
            A   R   N   D   C   Q   E   G   H   I   L   K   M   F   P   S   T   W   Y   V   A   R   N   D   C   Q   E   G   H   I   L   K   M   F   P   S   T   W   Y   V
    1 M    -3  -4  -5  -6  -4  -3  -5  -5  -4  -1   2  -4   9  -2  -5  -4  -3  -4  -4   1    0   0   0   0   0   0   0   0   0   0  12   0  80   0   0   0   0   0   0   9  1.95 0.54
    2 E     0   0  -2   5  -5   2   4  -4  -3  -5  -5  -2  -4  -5  -3   0  -2  -5  -2  -4    6   5   0  36   0   9  36   0   0   0   0   0   0   0   0   6   1   0   1   1  0.93 0.36
    3 P    -2  -1  -2  -1  -4   0  -2   0   0  -1  -1  -2  -3  -4   7  -2  -3  -5  -4   0    3   4   1   4   0   4   2   7   3   4   6   1   0   0  53   2   0   0   0   7  1.05 0.36
    4 R    -2   6   0  -3  -5   1   0  -3   2  -2  -2   2  -3  -2  -1  -1  -2  -4  -3  -2    2  45   4   0   0   5   6   2   5   2   4  14   0   2   2   3   1   0   0   3  0.70 0.33
    5 V    -3  -4  -4  -4   1  -3  -5  -5  -5   4   1  -4   0   3  -5  -2  -1  -4  -3   4    1   1   1   1   3   1   0   0   0  24  15   0   2  13   0   4   3   0   0  32  0.71 0.33
    6 G     0   1   0  -1  -4  -2   0   4  -3  -2  -2   0   1  -4  -2   0   0  -4  -4  -1    9   8   5   3   0   0   8  32   0   2   4   5   4   0   1   5   7   0   0   6  0.32 0.21
    7 N    -2  -2   3   5  -5  -2   2   1   1  -5  -5   1  -5  -5  -2   1  -3  -6  -4  -4    2   2  14  30   0   0  14  11   3   0   1   8   0   0   2   9   1   0   0   1  0.69 0.37
    8 K    -3   3   1   3  -3   1   1  -2   2  -3  -2   3  -2   0  -4  -1  -2  -5  -2  -2    1  18   6  16   0   6   6   2   4   1   3  21   1   4   0   3   2   0   1   4  0.46 0.29
    9 Y    -8  -8  -8  -9  -8  -7  -8  -9  -5  -4  -5  -8  -6   6  -9  -8  -7   5   9  -7    0   0   0   0   0   0   0   0   0   1   1   0   0  25   0   0   0   8  66   0  2.96 1.06
   10 R    -3   2  -1   2  -3   2   4  -5   0  -1  -3   2  -2  -4  -5  -2   1  -6  -4  -2    2  11   2  10   0   9  28   0   2   5   3  14   1   0   0   3   8   0   0   3  0.53 0.35
   11 L    -4  -1  -2  -2  -5  -3  -5  -5  -5   4   3   0   2   2  -5  -4  -2  -5  -2   2    0   3   2   2   0   1   0   1   0  20  34   7   4   7   0   0   2   0   1  16  0.65 0.35
   12 G    -3  -2  -3  -1  -2   0   0   4  -2   1   2  -1  -1  -2  -5  -2  -3  -5  -3   1    0   2   1   3   1   4   5  35   1   8  19   4   1   1   0   3   1   0   1   8  0.46 0.30
   13 R    -2   5  -1   0  -5   1   3  -1  -1  -4  -5   4  -4  -5  -4  -2  -3  -7  -5  -4    2  28   2   5   0   4  22   4   2   1   1  23   0   0   1   2   1   0   0   1  0.87 0.46
   14 K    -3   0  -2  -2  -2  -1   2  -5  -4   0   0   4  -1  -3   1  -3   2  -6  -5   1    1   3   2   2   1   3  13   0   0   4  11  25   1   1   6   1  15   0   0  10  0.41 0.31
   15 I    -5  -7  -8  -8  -6  -7  -8  -8  -8   6   5  -7  -2  -4  -8  -7  -5  -7  -4   1    0   0   0   0   0   0   0   0   0  39  52   0   0   0   0   0   0   0   0   7  1.75 0.70
   16 G    -4  -8  -5  -7  -8  -7  -8   8  -8  -9  -9  -7  -8  -9  -8  -5  -7  -8  -4  -9    1   0   0   0   0   0   0  97   0   0   0   0   0   0   0   1   0   0   1   0  2.93 1.06
   17 S    -2   2  -2  -1  -1   3   3  -2   2  -4  -5   3  -1  -4  -4   1   0  -4  -5  -2    3  11   1   3   2  11  18   3   5   1   1  20   1   0   0  12   5   0   0   3  0.50 0.34
   18 G    -6  -8  -6  -7  -8  -8  -8   8  -8 -10 -10  -7  -9  -9  -8  -6  -7  -8  -9  -9    0   0   0   0   0   0   0 100   0   0   0   0   0   0   0   0   0   0   0   0  3.11 1.12
   19 S     2  -3   2  -4  -1   2  -2   1  -1  -6  -5   0  -5  -6  -3   4   3  -6  -5  -5   17   1   8   0   1  10   1  10   2   0   0   5   0   0   1  27  16   0   0   0  0.65 0.43
   20 F    -6  -8  -6  -9   0  -8  -7  -8  -3  -6  -4  -8   0   8  -9  -3  -2  -4   6  -6    0   0   0   0   2   0   0   0   0   0   1   0   2  68   0   3   3   0  21   0  2.56 0.95
   21 G     3  -7  -5  -6  -7  -6  -7   7  -7  -8  -8  -6  -7  -8  -7   2  -6  -8  -8  -7   20   0   0   0   0   0   0  68   0   0   0   0   0   0   0  12   0   0   0   0  1.94 0.81
   22 E    -2   1  -2  -1   1   0   2  -3  -1   0  -2   3  -1  -4  -4  -1   1  -5  -2   2    1   8   2   4   3   4  13   1   1   5   2  21   1   0   0   5   9   0   1  19  0.35 0.28
   23 I    -3  -8  -8  -8   2  -7  -8  -8  -8   1  -2  -7  -4  -6  -8  -6   0  -8  -6   7    2   0   0   0   4   0   0   0   0   6   2   0   0   0   0   0   6   0   0  79  2.11 0.86
   24 Y    -5   1  -5  -5   2  -1  -4  -7   1  -2  -3   2   0   3  -7  -4  -5   5   7  -3    0   8   0   0   5   3   1   0   3   2   2  13   2  10   0   1   0   6  41   2  1.32 0.62
   25 L    -2   2  -4  -4  -1  -1   1  -4  -2  -1   3   3   1  -1  -5  -1  -2  -4  -2  -1    3  10   0   0   1   3   8   1   1   3  33  21   3   2   0   4   2   0   1   4  0.46 0.32
   26 G     5  -7  -6  -7   6  -6  -6   3  -7  -3  -5  -5  -1  -7  -6  -4  -5  -7  -6   1   47   0   0   0  14   0   0  24   0   1   1   0   1   0   0   0   0   0   0  10  1.38 0.66
   27 T    -3   4  -3  -4  -3   0   0  -5  -2   1  -1   2  -1  -1  -5  -2   2  -3   1   1    1  26   1   0   0   4   5   0   1   9   5  14   2   2   0   2  14   0   5   9  0.50 0.33
   28 H    -4  -2   4   4   1  -1   2  -5   6  -6  -6  -1  -5  -5  -6   0  -4   4  -1  -5    1   2  18  22   3   3  11   0  20   0   1   4   0   0   0   6   1   5   2   1  0.99 0.51
   29 I    -2   3   1  -4  -2  -2  -2  -5  -4   2   0   5  -1  -4  -4  -3   0  -2  -3   0    2  15   7   0   1   1   1   0   0  10  11  32   2   0   0   1   7   1   1   7  0.57 0.36
   30 Q     0   1   0   1  -2   1   2   0   1  -1  -1   1  -2  -2  -1   1   0  -4  -1  -1    9   6   4   7   1   5  13   5   4   5   7  10   0   1   2   9   6   0   2   5  0.09 0.10
   31 T    -4  -3   2  -2  -5  -5  -3  -3  -3  -5  -3  -1  -5  -5  -5   3   7  -6  -2  -5    1   1   8   3   0   0   1   2   1   0   3   3   0   0   0  17  58   0   1   0  1.36 0.68
   32 N    -3  -1   3  -2  -3   0  -2   6   1  -6  -6   1  -4  -5  -5  -1  -3  -3  -5  -6    1   4  13   2   1   4   2  52   3   0   0   9   0   0   0   5   1   0   0   0  1.08 0.51
   33 E    -1   2  -1   0  -4   4   4  -4   1  -3  -2   2  -1   0  -5  -3   0  -4  -2  -2    4   9   3   5   0  17  26   1   3   1   3  11   2   4   0   1   7   0   1   2  0.51 0.35
   34 E    -1   0  -1   0  -3   0   2  -4   0   1   0   2  -1   0   1  -1   0  -3   1   0    3   4   3   4   0   4  15   0   3  10   8  12   1   3   6   5   6   0   5   8  0.12 0.14
   35 V    -3  -7  -7  -8   0  -7  -7  -8  -6  -1  -2  -6  -2   2  -7  -5  -5  -2   5   6    2   0   0   0   2   0   0   0   0   3   3   0   1   9   0   0   0   1  19  60  1.66 0.72
   36 A     7  -7  -7  -7  -3  -6  -6  -5  -7  -6  -7  -6  -7  -8  -6  -4  -6  -8  -7  -3   97   0   0   0   0   0   0   0   0   0   0   0   0   0   0   0   0   0   0   2  2.65 1.07
   37 I    -1  -7  -7  -7   3  -6  -7  -5  -7   6   2  -6   3  -4  -7  -5  -5  -4  -5   4    5   0   0   0   6   0   0   1   0  38  16   0   7   0   0   0   0   0   0  27  1.28 0.56
   38 K    -7  -4  -6  -7  -9  -5  -5  -7  -7  -9  -8   8  -7  -9  -7  -6  -7  -9  -8  -8    0   0   0   0   0   0   0   0   0   0   0 100   0   0   0   0   0   0   0   0  3.21 1.21
   39 L    -3  -1  -4  -5   0   0  -3  -6  -4   4   0   2   2   1  -5  -1   0  -5  -3   3    1   3   0   0   2   5   1   0   0  26   6  12   5   5   0   4   7   0   1  21  0.54 0.33
   40 E    -5  -5  -6  -4  -4  -4   2  -7  -6   6   2  -6   4  -3  -7  -5  -5  -6  -5   2    0   0   0   1   0   0  14   0   0  42  21   0  10   0   0   0   0   0   0  10  1.21 0.56
   41 N    -2   2   2   4  -2  -1   1  -4  -1  -5  -5   3  -4  -2   2   1  -3  -6  -4  -5    3  10  11  20   1   2   7   0   1   0   0  19   0   2  10  11   0   0   0   0  0.62 0.38
   42 V    -2   1  -2  -1  -5  -1  -1  -3  -3  -1   1   5   0  -3   0  -2   0  -6  -3  -1    3   7   1   3   0   2   2   1   1   3  12  43   2   1   4   3   5   0   1   4  0.60 0.37
   43 K    -2   2  -1   1  -6   0   3   0  -2  -4  -5   4  -3  -5  -2   1  -1  -6  -5  -4    3  12   3   8   0   4  17   6   1   1   1  29   0   0   2  10   3   0   0   1  0.59 0.36
   44 T     0   1   1  -1  -4   1   0  -1  -3  -2  -1   4  -1  -2  -2   1   1  -5  -3  -1    6   5   5   2   0   7   6   3   0   2   6  25   1   2   1  13  11   0   0   3  0.29 0.25
   45 K    -1   1  -2   2  -3   1   2  -2  -1   0   0   2   4  -2  -3  -1  -2  -5  -2  -1    4   7   0  13   0   6  11   3   1   5  11  13  13   2   1   4   2   0   1   3  0.25 0.22
   46 H     0   1   0   1  -4   1   2  -3   3  -1  -2   1   0  -2   0   0  -2  -2  -2   0    7   7   4   9   0   7  15   1   8   4   4   8   2   1   4   6   1   1   1   7  0.19 0.17
   47 P    -2  -1   0   0  -1   1   4  -1   0  -3  -5   3  -4  -4   3   0  -3  -5  -5  -4    3   2   4   6   1   6  28   4   3   1   1  17   0   1  16   5   1   0   0   1  0.60 0.38
   48 Q    -3   2   2   2  -3   4   2  -1   2  -3  -4   2  -1  -5  -2   0  -2  -6  -3  -3    2  12   8  11   1  17  12   4   5   2   1  10   1   0   1   8   2   0   1   2  0.45 0.30
   49 L    -1  -6  -5  -6  -3  -4  -2  -6  -5   4   3  -5   0   3  -6  -4   0  -5  -1   3    5   0   0   0   1   0   3   0   0  22  24   0   2  12   0   1   5   0   1  23  0.75 0.38
   50 L    -3   3  -3  -2  -2   0   1  -5   1   2   2   2   1   1  -4  -3  -2  -2   0  -1    1  16   1   1   1   4  11   0   3  10  20  13   4   5   1   1   1   0   3   3  0.32 0.25
   51 Y    -2   6   1  -1  -5   1  -1  -5   1  -2  -3   2  -1  -4  -4  -1  -1  -3   1  -3    3  43   8   3   0   5   3   1   3   3   3   9   2   0   0   4   5   0   5   2  0.79 0.44
   52 E    -7  -6  -6  -3  -9  -3   8  -8  -6  -3  -8  -5  -8  -9  -7  -6  -4  -9  -8  -5    0   0   0   1   0   0  94   0   0   2   0   0   0   0   0   0   1   0   0   1  2.84 1.14
   53 S     0  -2  -3  -6  -5  -4  -5  -5  -6   6  -1  -2  -2  -3  -5  -1  -4  -2   0   3    9   3   1   0   0   1   0   0   0  44   5   3   1   0   0   4   0   1   4  22  0.97 0.47
   54 K     0   2   1   0  -1   3   2  -3  -2  -2  -3   3  -2  -5  -4   1  -1  -5  -4  -3    8  11   6   5   1  13  14   2   1   3   2  16   1   0   0  13   2   0   0   1  0.40 0.28
   55 L    -1  -5  -2  -6  -4  -5  -1  -7  -5   6   2  -6   0   0  -6  -4  -1  -6  -3   3    4   0   3   0   0   0   4   0   0  44  17   0   2   4   0   1   4   0   0  15  0.98 0.46
   56 Y    -5  -4  -5  -7  -1   0  -5  -7   3  -1   5  -3   7  -4  -7  -4  -5  -6   3  -3    1   1   0   0   1   4   1   0   6   2  46   1  26   0   0   1   0   0   9   1  1.36 0.64
   57 R    -1   4  -1  -4  -2   2  -2  -5   1  -5  -4   5   0  -5  -5   1  -2  -6  -2  -5    4  21   2   1   1   9   1   0   3   0   2  39   3   0   0   9   2   0   1   1  0.93 0.50
   58 I    -2   1   1  -2  -3   3   1  -3   3   0   0   1   2  -3  -4   0  -1  -4  -1  -2    3   8   6   2   0  14   9   1   7   5  12  10   5   1   0   8   4   0   2   2  0.23 0.20
   59 L    -3  -6  -6  -7   3  -6  -7  -5  -5   2   5  -6   2  -1  -7  -3  -3  -6  -1   1    2   0   0   0   5   0   0   1   0   8  63   0   4   2   0   2   2   0   2   9  1.26 0.57
   60 Q    -2   3   2   1  -3   4  -2  -3   0  -3  -5   3  -2  -6  -3   2  -2  -5  -4  -4    3  18  10   8   0  16   2   2   2   2   1  17   1   0   1  15   1   0   0   1  0.60 0.38
   61 G    -4  -3  -1  -3  -4  -2  -4   2  10  -7  -6  -2  -7  -7  -5  -2  -5  -8  -3  -8    1   1   3   1   0   2   1  15  66   0   1   2   0   0   1   3   1   0   0   0  2.49 0.95
   62 G    -3  -2  -1  -2   2   0   0  -1   4  -4  -3  -1  -4  -5   6  -3  -3  -1  -4  -3    2   2   3   3   4   4   6   6  11   1   3   4   0   0  45   2   1   1   0   2  1.09 0.54
   63 T    -4   0   6   0  -3  -2  -1  -4   2  -2  -4   1  -3  -1   2   0  -1  -6   0  -3    1   5  43   4   1   1   3   1   5   3   1   8   1   3   9   6   3   0   3   2  0.86 0.45
   64 G    -4  -2   2  -4  -5  -5  -5   1   4   5   0  -5  -3  -1  -6  -2  -3  -3  -2   1    1   2  12   0   0   0   0  10  10  40  10   0   0   2   0   2   1   0   1   8  0.83 0.44
   65 V    -5  -6  -6  -5  -4  -5  -5  -7  -3   5  -1  -6  -2  -2   0  -4  -1  -6  -5   5    0   0   0   1   0   1   1   0   1  35   6   0   0   1   5   1   3   0   0  44  1.35 0.58
   66 P    -1   1   0  -2   0   1  -1  -2   0   0  -1   2  -1  -1   2  -1  -1  -3  -1   2    5   8   6   1   3   8   3   3   2   5   4  13   1   4  10   4   3   0   1  15  0.14 0.13
   67 N    -2   1   1  -2  -2   0   0  -2   1   0   3   0   0   1  -3  -1   0  -2   1  -1    2   9   7   1   1   5   5   2   3   5  30   5   1   5   1   5   5   0   5   3  0.18 0.16
   68 I    -4  -5  -5  -5  -1  -4  -4  -6   1   3   3  -4   1   3  -6  -4  -3  -4   5   1    1   0   0   0   1   0   1   0   4  17  32   1   3   9   0   1   1   0  18   9  0.84 0.40
   69 K    -1   2  -1   2  -5   1   1  -1   3  -2  -3   3  -2  -2  -4  -1  -2  -3   2  -2    5   9   2  14   0   5   9   5   8   3   2  20   1   2   0   3   2   0   8   3  0.36 0.26
   70 W    -1  -4  -2   1  -1  -2   2   0  -1   0   1  -3   0  -1  -4   0  -1   4   3   1    6   0   2   8   1   1  13   9   1   4  12   0   2   1   0   9   2   5  10  13  0.21 0.20
   71 F    -1  -5  -6  -6   3  -5  -5  -6   1   1  -1  -4   0   6  -4  -2  -3  -2   4   3    6   0   0   0   5   0   1   0   4   9   4   1   2  28   1   3   1   0  16  18  0.88 0.44
   72 G    -2  -2  -3  -1   1  -1   1   2   2  -1  -1  -2   0   3  -2  -1  -1  -2   3  -2    2   2   1   3   3   3  12  19   4   4   5   2   2  15   1   4   3   0  13   3  0.30 0.22
   73 V    -1   0  -2  -1  -3   1   3  -4   1  -2  -1   0  -1  -2  -2   1   2  -1  -1   1    6   5   1   2   0   6  24   0   3   2   6   5   1   1   2   8  13   1   2  13  0.28 0.24
   74 E    -3  -1   0   4   1  -1   3  -4  -2  -3  -3   1   0   1   0  -1   2  -2  -2  -3    1   4   4  22   3   1  19   0   1   1   2  10   2   6   4   5  12   1   1   1  0.43 0.30
   75 G     0   0   1   2  -3   1   1   2   1  -4  -3   2  -3  -4   1   0   0  -3  -3  -3    8   6   7  10   0   5   9  15   3   0   3  13   0   0   8   5   5   0   1   1  0.25 0.18
   76 D    -3   0   3   5  -5  -1   1  -2   0  -3  -3   1  -3  -5  -3   1   1  -6  -4  -2    1   4  11  29   0   2  10   3   3   2   3   9   0   0   1   9  10   0   1   2  0.55 0.33
   77 Y    -1   1   0  -1  -2   0   1  -3   3  -2  -1   2  -2   1   0   0  -1  -3   4  -3    5   9   5   4   1   3   8   2   7   2   6  13   1   6   4   5   4   0  15   1  0.24 0.19
   78 N    -2  -1   1  -3  -2  -3  -3  -4  -1   3   2  -1   0   1  -4  -1  -1   1   1   2    2   3   9   1   1   1   1   1   2  18  22   3   2   5   0   4   3   2   4  17  0.32 0.22
   79 T    -2  -2   0  -5   2  -4  -6  -6   3   1  -4  -1  -2   3  -6  -3  -2   5   7   0    4   2   4   0   4   0   0   0   6   7   1   4   1  10   0   2   3   7  38   6  1.12 0.53
   80 L    -5  -6  -7  -7  -2  -5  -6  -8  -7   4   5  -6   4   0  -7  -6  -3  -6  -5   2    0   0   0   0   1   0   0   0   0  25  46   0  11   4   0   0   2   0   0  10  1.32 0.57
   81 V    -3  -7  -7  -8  -5  -7  -4  -7  -6   3  -2  -7   0  -1  -7  -6  -2  -6   4   6    2   0   0   0   0   0   1   0   0  13   3   0   2   2   0   0   2   0  13  62  1.60 0.70
   82 M    -6  -7  -6  -7  -6  -4  -1  -8  -7   0   2  -6   9   4  -7  -6   1  -6  -3  -4    0   0   0   0   0   0   5   0   0   4  20   0  44  17   0   0   7   0   0   0  1.75 0.76
   83 D    -4  -5  -5   2  -5  -1   7  -7  -4  -1  -4  -3  -1  -1  -4  -5  -4  -7  -1   0    1   0   0  12   0   2  63   0   0   5   2   1   1   3   1   0   1   0   3   6  1.45 0.71
   84 L    -4  -3  -6  -8  -1  -5  -7  -8  -1  -2   5  -4   3   2  -7  -6  -4  -3   6  -2    1   1   0   0   2   0   0   0   1   1  47   1   7   8   0   0   1   0  27   2  1.36 0.62
   85 L     0  -4  -4  -2   7  -1   3  -5  -4  -2   2  -3   4  -2  -2  -4  -3  -5  -4   2    7   0   0   2  21   2  17   0   0   2  16   1  11   1   2   1   1   0   0  13  0.77 0.42
   86 G    -1  -1   0   1  -3  -2   1   4   2  -4  -3  -1  -4  -1  -2  -2  -1  -4   3  -4    6   3   5   7   0   1   8  38   5   1   3   3   0   2   2   3   4   0  10   0  0.54 0.31
   87 P     0  -2  -2  -3   0  -2  -1   5   0  -3  -4  -2  -2  -5   1   0  -2  -6  -3  -1    9   3   1   1   2   2   3  48   3   1   2   2   1   0   8   6   3   0   1   5  0.76 0.40
   88 S    -1  -2   1   3  -3  -2   1   0  -3  -3  -2  -1  -2  -4   0   4   0  -4  -4  -3    3   2   6  16   0   1  10   6   0   2   5   3   1   1   5  30   5   0   1   2  0.42 0.27
   89 L    -2  -2  -1  -2  -2  -3  -1   2  -2   0   4  -3   0  -2  -4  -2  -3  -3  -3   0    3   2   3   3   1   1   4  16   1   5  46   2   2   1   1   3   1   0   1   5  0.50 0.27
   90 E    -2  -2  -1  -1  -4  -1   1   4   0  -4   1   0  -1   0  -5  -1  -1  -2   0  -4    3   2   2   4   0   2   9  37   3   0  15   6   2   4   0   5   3   1   4   1  0.47 0.31
   91 D    -3   0  -1   5  -7   0   5  -3  -2  -7  -6   0   0   0  -5  -1  -4  -7  -3  -6    2   6   2  29   0   3  36   1   1   0   0   6   2   4   0   5   1   0   1   0  1.00 0.53
   92 L    -4  -1  -6  -4  -5  -3  -3  -7   1   2   5  -4   1   1  -6  -5  -4  -5   2   1    1   3   0   1   0   1   2   0   3  12  53   1   3   5   0   1   0   0   8   7  0.96 0.47
   93 F    -5  -3  -7  -7  -6  -4  -6  -7   0   3   3  -2   3   6  -7  -5  -5  -1   2  -1    1   2   0   0   0   1   0   0   3  14  24   3   6  36   0   0   0   1   6   4  1.15 0.52
   94 N    -3   1   1   4  -3   0   2  -2   1  -2  -1   2  -3  -4  -4   0   0  -3  -3  -3    2   8   7  28   0   4  11   2   3   3   6  13   0   1   0   6   5   0   1   1  0.47 0.30
   95 F    -1   3  -2   0  -4   0   0  -2   2  -1  -1   2  -2   0  -3   0  -1  -1   3  -2    5  19   1   5   0   4   6   2   5   3   5  13   1   5   1   8   3   1  10   3  0.24 0.19
   96 C    -1   0   1  -3   4  -1  -1  -2   1   4   1  -1   0  -1  -2  -2  -1  -4  -2   0    5   6   7   1  10   3   5   2   3  25  13   3   2   2   1   2   3   0   1   5  0.28 0.19
   97 S     0   1   1   0  -1   1   0   2   1  -1  -2   2  -2  -3   0   0  -1  -4  -3   0    6   9   8   5   1   6   5  15   3   3   3  12   1   1   5   8   2   0   0   7  0.15 0.13
   98 R    -1   4   0  -2  -4   0   0   3  -1  -4  -5   3  -5  -4  -1  -2  -2  -5  -4  -4    4  26   4   2   0   4   5  23   1   1   1  19   0   1   3   3   2   0   0   1  0.67 0.37
   99 K    -2   4  -1  -2  -3   0  -1  -1   3  -3  -3   3  -4  -2   2  -1   0  -5   1  -3    3  25   2   2   0   3   3   4   7   1   2  19   0   2   9   3   7   0   5   2  0.50 0.32
  100 L    -6  -7  -7  -8  -5  -5  -7  -3  -6  -1   4  -6   3   6  -7  -7  -6  -4   3  -1    0   0   0   0   0   0   0   2   0   3  38   0   7  34   0   0   0   0  11   3  1.44 0.62
  101 S    -3  -1   1   1  -4  -1  -1  -4  -1  -5  -4   0  -4  -5   3   4   3  -7  -4  -5    1   3   7   8   0   3   4   1   2   0   1   5   0   0  12  32  19   0   0   0  0.69 0.45
  102 L    -3  -3  -3  -2  -8  -2   7  -6  -4  -3   1  -3  -1  -4  -1  -3  -5  -3  -4  -3    2   1   1   2   0   1  67   0   0   1  12   1   1   1   4   2   0   0   1   2  1.45 0.72
  103 K    -1   2   0   3  -4   1   1  -2   0  -3  -4   3  -3  -5   2   1  -2  -6  -3  -2    6  11   4  15   0   5   8   3   3   1   1  16   1   0  11   9   2   0   0   4  0.36 0.26
  104 S    -1   0  -2   2  -2   2   4  -5   2  -2  -1  -1  -1  -2  -4  -2   2  -2  -3   0    5   6   1  10   1   9  25   0   4   1   6   2   2   2   0   1  15   1   1   7  0.40 0.31
  105 V     5  -5  -6  -6  -1  -3  -5  -3  -5   3  -1  -5  -3  -5  -5  -1   0  -7  -3   3   47   0   0   0   1   1   0   2   0  15   5   0   0   0   0   3   6   0   1  19  0.97 0.52
  106 L     2   4  -4  -5  -2   1  -3  -3  -3  -1   0   2  -1  -5  -5   0  -2  -1  -4   0   19  27   0   0   1   6   0   1   0   3  11  13   1   0   0   8   2   1   0   6  0.54 0.36
  107 M     0   2   0   0  -1   0  -1  -3   2  -2  -1   1   2   2  -3   0   0  -2   2  -1    6  11   4   6   1   4   3   1   5   1   4   8   6  11   1   9   7   0   7   5  0.14 0.15
  108 L    -4  -6  -7  -7   0  -6  -6  -7  -5   4   2  -3   3   4  -7  -6  -3   0   6   2    1   0   0   0   2   0   0   0   0  20  16   2   6  16   0   0   1   1  24  11  1.09 0.51
  109 A     2  -5  -5  -6   3  -4  -5  -2  -4   2   2  -5   4   4  -5  -1   0  -5  -3   0   17   0   0   0   5   0   0   4   0  11  18   0  11  18   0   4   6   0   0   6  0.61 0.36
  110 D     1   3  -2  -1  -3   3  -2  -3   1  -2  -2   2  -1  -1  -5  -2  -1   0   3  -2   14  20   1   4   0  12   2   1   4   3   5  13   1   2   0   2   3   1   9   3  0.38 0.29
  111 Q    -5  -2  -4  -1  -2   8   2  -4  -3  -5  -7  -3  -1  -8  -5  -2  -1  -8  -7  -5    0   2   1   3   1  68  13   1   0   1   0   1   1   0   1   3   3   0   0   1  1.98 0.91
  112 M    -3  -7  -7  -7  -1  -6  -7  -8  -7   6   3  -7   4  -4  -7  -5   0  -6  -5   3    2   0   0   0   1   0   0   0   0  42  27   0   8   0   0   0   5   0   0  15  1.32 0.57
  113 I     2  -6  -6  -7   1  -6  -6  -4  -6   3   4  -6   0  -2  -6  -2  -3  -6  -5   3   15   0   0   0   3   0   0   1   0  17  39   0   2   1   0   3   1   0   0  18  0.89 0.45
  114 N    -1   0   1   1   1   1   2  -1  -1  -2  -2   1  -3  -4  -4   3  -1  -6  -4  -4    4   6   7   9   3   6  13   3   2   2   5   8   0   1   0  27   3   0   0   1  0.36 0.29
  115 R     5   0  -4  -6  -4  -5  -6   5  -6  -2  -5  -5  -6  -7  -6  -2  -2  -7  -7   0   43   6   0   0   0   0   0  37   0   2   0   0   0   0   0   2   2   0   0   6  1.23 0.61
  116 V    -4  -7  -7  -8  -3  -6  -7  -8  -7   3   4  -7   4  -3  -7  -6  -4  -6  -5   4    1   0   0   0   0   0   0   0   0  15  43   0   9   1   0   0   1   0   0  30  1.37 0.60
  117 E     1   0   1   2  -2   2   3  -2   2  -4  -2   1  -2  -5  -4   0  -2  -5  -2  -2   14   5   6  10   1   7  24   3   4   1   4   9   1   0   0   7   1   0   1   2  0.38 0.28
  118 Y    -3  -7  -5  -5  -4  -4  -5  -8   3  -3  -5  -5  -4   4  -8  -4  -5  -3   9  -4    3   0   1   1   0   1   1   0   7   1   1   1   0  16   0   2   1   0  64   1  2.36 0.93
  119 F    -4  -6  -8  -8   8  -7  -8  -8  -7   2   5  -7   3  -3  -7  -4  -6  -7  -6   0    1   0   0   0  30   0   0   0   0  10  45   0   7   1   0   1   0   0   0   5  1.70 0.69
  120 H    -8  -5  -4  -7 -10  -5  -1  -9  11 -10  -9  -6  -8  -8  -9  -7  -8  -9  -5 -10    0   1   1   0   0   0   5   0  93   0   0   0   0   0   0   0   0   0   0   0  4.20 1.40
  121 S    -1   1   1   1  -3   1   1  -1  -1  -4  -3   1  -5  -2  -5   4  -1  -6  -3  -4    5   7   5   7   1   6   9   4   1   1   3   7   0   2   0  39   3   0   1   1  0.52 0.38
  122 K    -2   3   2  -4  -1   2  -2  -5   5  -2   0   4   4  -4  -5  -3  -4  -6  -3  -3    3  13  11   1   2   8   1   0  14   2   9  22  10   0   0   1   0   0   0   1  0.70 0.42
  123 S    -4   1   4   0  -4   0  -2   5   1  -7  -7   0  -2  -6  -6  -1  -5  -2  -4  -7    0   9  22   5   0   5   2  41   3   0   0   7   1   0   0   4   0   1   0   0  1.02 0.52
  124 F    -5  -4  -7  -7  -2  -4  -7  -8  -6   6   0  -2  -2   2  -7  -5  -4  -2   2   5    0   1   0   0   1   1   0   0   0  38   6   3   0   7   0   0   0   1   7  35  1.28 0.57
  125 L    -1  -6  -7  -7   1  -6  -7  -7  -6   5   1  -6   3  -1  -7  -4  -2  -6   0   4    5   0   0   0   3   0   0   0   0  36  12   0   6   2   0   1   2   0   4  30  1.13 0.51
  126 H    -8  -7  -6  -8  -3  -6  -7  -9  11 -10  -8  -7  -8  -7  -9  -7  -8  -8   3  -9    0   0   0   0   1   0   0   0  91   0   0   0   0   0   0   0   0   0   8   0  4.18 1.39
  127 R    -7   9  -6  -8  -1  -4  -6  -4  -6  -9  -4  -4  -7  -5  -8  -7  -7  -9  -4  -8    0  94   0   0   1   0   0   2   0   0   2   0   0   1   0   0   0   0   1   0  3.05 1.15
  128 D    -8  -8  -4   9 -10  -6  -4  -7  -7  -9 -10  -7  -9 -10  -8  -6  -7 -11  -9  -9    0   0   0 100   0   0   0   0   0   0   0   0   0   0   0   0   0   0   0   0  3.45 1.24
  129 L    -6  -7  -8  -8  -6  -6  -8  -9  -8   5   6  -7   0  -5  -8  -7  -6  -7  -6   0    0   0   0   0   0   0   0   0   0  30  62   0   1   0   0   0   0   0   0   6  1.78 0.73
  130 K    -3  -1  -6  -7  -9  -4  -5  -7  -7  -9  -8   8  -7  -9  -7  -4  -4  -9  -8  -8    2   3   0   0   0   0   0   0   0   0   0  93   0   0   0   1   1   0   0   0  2.83 1.10
  131 P     1  -7  -7  -7   0  -7  -6  -3  -5  -5  -1  -6  -4  -8   8  -1  -5  -9  -8  -7   13   0   0   0   2   0   0   3   0   1   8   0   0   0  68   4   0   0   0   0  2.09 0.89
  132 D     0  -2  -3   2  -7   2   6   0  -4  -7  -7  -2  -6  -7  -3   0  -4  -7  -6  -7    9   2   1  11   0   9  50   7   0   0   0   1   0   0   2   8   0   0   0   0  1.14 0.60
  133 N    -8  -6   9  -5  -9  -6  -6  -6  -5  -9  -9  -6  -8  -9  -8  -4  -6 -10  -8  -9    0   0  99   0   0   0   0   0   0   0   0   0   0   0   0   1   0   0   0   0  3.55 1.28
  134 F    -5  -7  -7  -7  -2  -7  -7  -7  -7   6   4  -7  -3   4  -7  -6  -3  -5  -4   1    0   0   0   0   1   0   0   0   0  38  33   0   0  17   0   0   2   0   0   9  1.38 0.58
  135 L    -4  -7  -8  -8  -3  -7  -8  -8  -8  -3   7  -7   2  -1  -8  -6  -6  -6  -6  -3    2   0   0   0   1   0   0   0   0   1  89   0   4   3   0   0   0   0   0   1  2.15 0.85
  136 M    -4  -5  -4  -7   0  -6  -6  -7  -6   3   5  -6   3   2  -6  -6  -5  -5   0   2    1   0   1   0   2   0   0   0   0  18  47   0   6   8   0   0   0   0   4  12  1.08 0.49
  137 G    -1  -4   2   5  -4  -3  -1   2  -3  -4  -3  -2  -3  -5  -4   1   1  -6  -1  -2    5   1  10  31   0   1   3  18   0   0   2   2   0   0   0  12   9   0   2   3  0.66 0.38
  138 L     0   0   1   0   0  -1   0  -1   1  -1   0  -1   0   0  -1   2   0  -2   0  -1    9   5   6   6   2   2   5   5   3   3  10   3   2   4   3  18   7   1   3   4  0.05 0.05
  139 G    -1   0   2   1  -2   0   0   1   0  -1  -1   1  -1  -2   2   0   0  -2  -2  -2    5   3  12  10   1   3   4  12   2   3   6  11   1   2   9   5   5   1   1   3  0.14 0.07
  140 R     0   1   0   1  -1   0   1   1   0  -1  -1   1   0  -1   0   0   0  -1   0  -1    5   7   5   9   1   2   9  10   2   3   6  10   4   2   3   9   6   1   3   4  0.06 0.03
  141 R    -2   1   2   2  -4   0   4  -3   1  -3  -3   2  -3  -4   0  -1  -1  -4  -3  -3    2   8  12  10   0   3  24   2   4   1   2  15   1   1   5   4   3   0   1   2  0.46 0.25
  142 A     0  -1   3   2   0   1   2   0   1  -3  -2   0  -2  -2   0   0   0  -2  -1  -2    8   3  14  13   3   6  12   6   3   1   3   5   1   2   5   6   6   0   2   3  0.19 0.13
  143 N     0  -2   2   0   1  -2  -2   4   0  -4  -2  -1   1  -2   0   1  -2  -2  -4  -4    7   2  10   4   3   1   2  37   2   1   5   3   4   2   4  10   1   1   0   1  0.50 0.29
  144 Q    -1   0   2   1  -1   2   1  -2   3  -1  -1   0  -1  -3   0   0   0  -4  -1   0    4   5  13   6   2  10   7   1   9   4   6   7   1   0   5   5   5   0   2   9  0.17 0.15
  145 V    -3  -5  -7  -7   2  -6  -7  -7  -7   5   3  -7  -3  -4  -5  -6  -4  -6  -4   4    2   1   0   0   5   0   0   0   0  31  31   0   0   0   0   0   0   0   0  30  1.32 0.57
  146 H    -6  -1  -5  -6  -5  -2  -4  -7   0  -5  -6   8  -1  -3  -7  -6  -5  -7   2  -3    0   2   0   0   0   1   0   0   2   1   1  80   2   1   0   0   0   0   7   2  2.20 0.92
  147 I    -1  -7  -6  -8  -6  -7  -7  -8  -7   6   4  -7   0  -4  -7  -6  -4  -7  -6   2    5   0   0   0   0   0   0   0   0  43  37   0   2   0   0   0   0   0   0  12  1.47 0.62
  148 I     4  -6  -5  -6   5  -5  -5  -1  -6   3  -3  -5  -3  -5  -5   1   3  -6  -6   0   34   0   0   0  12   0   0   5   0  16   2   0   0   0   0   9  17   0   0   5  0.88 0.49
  149 D    -8  -8  -5   9 -10  -6  -4  -7  -7  -9 -10  -7  -9 -10  -8  -6  -7 -11  -9  -9    0   0   0 100   0   0   0   0   0   0   0   0   0   0   0   0   0   0   0   0  3.47 1.25
  150 F    -8  -9  -9 -10  -9  -9  -9  -9  -7  -6  -4  -9  -4  10 -10  -9  -8  -5   0  -7    0   0   0   0   0   0   0   0   0   0   1   0   0  97   0   0   0   0   2   0  3.67 1.24
  151 G    -6  -8  -6  -4  -8  -8  -8   8  -8 -10 -10  -7  -9  -9  -8  -5  -7  -8  -9  -9    0   0   0   1   0   0   0  98   0   0   0   0   0   0   0   0   0   0   0   0  3.02 1.10
  152 L    -4  -6  -7  -8  -2  -6  -7  -8  -5  -1   5  -7   2   4  -7  -3  -3   3  -1   0    1   0   0   0   1   0   0   0   0   3  59   0   4  16   0   3   1   4   2   7  1.28 0.58
  153 A     6  -6  -5  -6   3  -6  -6  -1  -6  -7  -7  -6  -6  -7  -6   4  -3  -8  -7  -4   54   0   0   0   6   0   0   4   0   0   0   0   0   0   0  35   1   0   0   1  1.63 0.78
  154 K     1   4   0  -2  -1  -2  -3  -2  -2  -2  -5   4  -3  -5  -4   0   0  -5  -2  -1   13  25   5   2   1   1   0   3   1   3   0  26   1   0   0   5   6   0   1   6  0.62 0.37
  155 K     0   1  -2  -2  -3   3   1  -3   0   1   1   1   0   2  -2  -1  -1  -1   0   0    6   7   1   1   0  13   9   2   2   8  12  11   2  11   1   3   2   1   3   5  0.16 0.15
  156 Y    -2  -3  -2  -4   0  -2  -3  -3  -3   3   2  -3   2   4  -2  -3  -2  -1   3   1    3   1   2   1   2   1   2   2   0  16  20   2   5  15   2   1   1   1  12  11  0.47 0.24
  157 R    -1   2   0   1  -1   1   1   1   0  -1  -2   2  -2  -2  -1   0   0  -3  -2  -1    4  11   4   6   2   6  10  10   2   3   2  14   1   2   3   8   7   0   1   4  0.15 0.11
  158 D    -1  -1   0   4  -2   0   2   0   0  -2  -2   0  -2  -2   0   1   0  -2  -1  -2    4   3   5  22   1   3  12   8   2   2   5   5   1   2   5   9   6   0   2   3  0.23 0.12
  159 N     0   0   2   2  -2   0   1   2   0  -1  -1   0  -2  -2   0   1   0  -2  -2  -1    6   4   9  11   1   2   8  14   2   3   6   5   1   2   5   8   6   0   1   3  0.12 0.07
  160 T     0   0   1   0  -1   1   1   0   0  -1  -1   0   1  -1   0   1   1  -2  -1   0    5   5   7   5   2   6  10   7   2   3   4   5   4   2   3  12  10   1   2   6  0.07 0.05
  161 T     0  -1   0   0   0   0   0   0  -1   0   0   0   0   0   0   1   1   1   1   0    8   3   3   5   2   3   4   7   1   4   8   4   3   5   4   9  14   2   5   6  0.03 0.03
  162 H     0   0   0   0   0   0   0   1   2  -1   0   0   0  -1   0   0   0  -1   0  -1    6   5   5   6   3   3   7  10   6   4  11   6   4   3   3   5   6   1   3   4  0.02 0.01
  163 Q     0   0   0   0  -1   1   0   0   0  -1  -1   1   0  -1   0   0   0   0  -1   0    7   6   5   4   1   9   5   6   3   4   7   9   2   2   4   9   6   2   2   7  0.04 0.02
  164 H     0   0   0   0  -1   0   0  -1   4   0   0   0   0   0   0   0   0  -1   0   0    6   4   3   4   1   3   6   5  14   6   8   6   3   4   5   6   4   1   3   6  0.08 0.04
  165 I     0   1   0  -1   0  -1   0   0  -1   2   0   0   0   0   0   0   0  -1   0   0    9   8   3   4   2   2   4   6   2  16   8   5   2   3   3   5   7   1   3   7  0.02 0.02
  166 P     0  -1  -1   0  -2   1  -1  -1  -2  -2  -1   0  -1  -2   5   0   0   0  -1  -2    6   3   2   5   1   5   4   6   1   3   6   5   2   2  33   6   6   1   2   3  0.48 0.17
  167 Y     0  -1   0   1  -2  -1   0   1   1  -1  -1   0   0  -1   0   0  -1   0   3   0    6   3   4  10   1   2   7  13   3   3   5   4   3   2   4   6   4   1  12   7  0.08 0.06
  168 R    -1   3   1   1  -2   1   2   0  -1  -2  -2   1  -2  -2   0   0   0  -1  -2  -2    3  17   6   7   1   7  12   7   1   2   5   6   1   2   5   7   7   1   1   3  0.18 0.11
  169 E     0   2  -1  -2  -2   1   2  -2  -1  -2   0   2  -1   0   2  -1   0  -3  -1  -1    6  10   2   1   1   5  13   3   1   2  10  15   1   4   9   3   7   0   2   4  0.16 0.12
  170 N     0   2   0  -2  -2  -2  -2  -2   1  -1   1   0   2   2   0  -1   0  -2   2  -1    7  15   4   2   1   1   1   2   4   2  18   6   5   8   4   4   6   0   6   2  0.15 0.13
  171 K    -1   1   1  -1  -2   1  -1  -2   2  -3  -3   4   0  -2  -2   0   3  -2  -1  -3    4   7   8   3   1   5   4   2   6   1   2  24   2   2   1   7  17   0   2   1  0.36 0.24
  172 N    -2  -3   1   1  -1  -3  -1   0   1  -5  -4  -3  -3  -5  -4   2   6  -5  -3  -3    2   1   6   9   1   1   3   8   4   0   1   1   1   0   0  15  43   0   1   2  0.82 0.47
  173 L    -1  -3  -3  -4  -2  -2  -1  -4  -1   1   2  -2   3   4  -1  -1   0   0   1   2    5   1   1   0   1   2   5   1   2   8  18   2   7  19   3   4   6   1   5  13  0.32 0.21
  174 T    -2  -2  -6  -4   9  -5  -6  -6  -6   0  -3  -1   0  -2  -6  -3   0  -6  -6   4    4   3   0   1  39   0   0   0   0   5   1   4   2   2   0   2   6   0   0  30  1.56 0.64
  175 G    -2  -7  -5  -6  -7  -6  -7   7  -7  -4  -7  -6  -7   0  -7  -3  -6  -7  -3  -1    3   0   0   0   0   0   0  82   0   1   0   0   0   4   0   2   0   0   1   5  2.15 0.84
  176 T    -4  -6  -5  -6  -6  -6  -6  -6  -7  -6  -6  -6  -6  -7  -1   3   7  -7  -7  -6    1   0   0   0   0   0   0   0   0   0   0   0   0   0   3  21  74   0   0   0  2.22 0.96
  177 A     2   0  -6  -5  -6  -5  -6  -6  -6   0   1  -4  -2  -4   7  -5  -4  -7  -2  -2   18   5   0   1   0   0   0   0   0   6  12   0   1   1  52   0   1   0   1   2  1.45 0.68
  178 R     0   1   1   0  -1  -1   2  -2   0  -4  -2   0  -2   0  -1  -3  -2   6   5  -4   10   9   8   5   1   2  12   4   2   1   3   5   1   3   3   1   2  10  19   0  0.48 0.32
  179 Y    -8  -8  -9 -10  -3  -8  -8  -9  -5  -8  -7  -8  -7   2  -9  -8  -8   8   9  -8    0   0   0   0   1   0   0   0   0   0   0   0   0   6   0   0   0  17  77   0  3.46 1.24
  180 A     2   2  -6  -6   0  -4  -5  -5  -6   2   1  -5   6  -3  -6  -3   0  -6  -5   3   15  11   0   0   2   0   0   0   0   9  14   0  22   1   0   1   7   0   0  18  0.79 0.44
  181 S     6  -7  -6  -7  -3  -6  -6  -5  -7  -7  -7  -6  -6  -8   1   3  -5  -8  -7  -6   73   0   0   0   1   0   0   0   0   0   0   0   0   0   6  21   0   0   0   0  1.92 0.88
  182 M    -6  -8  -8  -8  -5  -7  -7  -8  -8   0  -6  -7  -5  -9   9  -7  -7 -10  -9  -2    0   0   0   0   0   0   0   0   0   6   1   0   0   0  89   0   0   0   0   3  3.14 1.20
  183 N    -5  -5   1  -1  -9  -3   8  -8  -3  -9  -9  -5  -8  -9  -7  -4  -6  -9  -8  -8    1   0   7   3   0   1  87   0   1   0   0   0   0   0   0   1   0   0   0   0  2.55 1.05
  184 T     0  -5  -6  -7  -3  -2  -6  -6  -7   3   1  -6   2  -5  -6  -3   0  -7  -5   6    8   0   0   0   1   2   0   0   0  16  12   0   5   0   0   1   6   0   0  49  1.13 0.54
  185 H    -1  -5  -6  -6  -1  -5  -6  -6   4   4   4  -5   1   0  -6  -5  -4  -4  -3   1    6   0   0   0   1   0   0   0  11  23  39   0   3   4   0   0   0   0   0  10  0.96 0.45
  186 L    -1   1   1  -2  -3   1   1  -4   0  -3   3   1   1  -2  -4   1  -1  -5  -3  -1    4   7   8   2   1   8  11   0   2   0  27   7   4   2   0  10   4   0   0   3  0.27 0.24
  187 G    -1   3   0  -1   0   0  -1   4   1  -5  -4   0  -3  -1  -4   0  -2  -3   1  -4    3  15   4   3   2   5   4  34   3   0   1   7   1   2   0   7   2   0   5   1  0.51 0.31
  188 I    -2   3   1  -1  -2   2   0  -1  -1   0  -3   4  -2  -3  -3   0   0  -5  -2  -1    2  15   6   3   1   8   5   4   1   7   1  25   1   1   0   6   6   0   1   4  0.34 0.26
  189 E    -1   0   0   0  -3   0   2   3   0  -4  -3   1  -2  -3   3   0  -2  -5  -2  -3    4   4   3   4   1   4  16  21   3   1   2   9   1   1  13   7   2   0   1   1  0.35 0.24
  190 Q    -3  -6  -7  -8  -4   2  -6  -6   5  -4  -5  -6  -3   1  -3  -5  -5  -4   9  -3    3   0   0   0   0   8   0   1  10   1   1   0   1   5   2   0   1   0  64   2  2.28 0.92
  191 S    -3  -4   2   4  -2  -3  -4   4  -5  -7  -7  -5  -5  -7  -6   3   1  -7  -5  -6    1   1   8  23   1   1   0  34   0   0   0   0   0   0   0  22  10   0   0   0  1.11 0.57
  192 R     0   3  -1  -2  -1  -1   0  -1  -2  -1  -2   2  -2   0   3  -1   1  -4   1  -2    7  15   2   1   2   2   6   4   1   5   4  12   1   5  14   4   9   0   5   2  0.23 0.19
  193 R     2   3  -4  -4  -4  -1   2  -2  -2  -6  -6   4  -4  -6   1   0  -2  -6  -4  -3   16  13   0   0   0   2  15   3   1   0   0  30   0   0   7   8   3   0   0   1  0.69 0.43
  194 D     3  -6  -4   1   4  -5  -5  -3  -6   1  -3  -5  -4  -5  -5   2  -1  -7  -5   5   22   0   0  10   7   0   0   2   0   7   2   0   0   0   0  13   2   0   0  35  0.82 0.47
  195 D    -8  -8  -5   9 -10  -6  -4  -7  -7  -9 -10  -7  -9 -10  -8  -6  -7 -11  -9  -9    0   0   0 100   0   0   0   0   0   0   0   0   0   0   0   0   0   0   0   0  3.47 1.25
  196 L    -4  -7  -7  -8  -2  -6  -7  -8  -7   5   2  -7   4  -4  -7  -5  -4   4  -4   4    1   0   0   0   1   0   0   0   0  30  21   0  10   0   0   0   0   6   0  29  1.32 0.58
  197 E    -9  -9 -10 -10  -9  -8   1  -9  -9  -9  -8  -9  -8  -3 -10  -9  -9  13   0  -9    0   0   0   0   0   0   9   0   0   0   0   0   0   1   0   0   0  87   3   0  4.72 1.54
  198 S     2  -6  -4  -6   1  -6  -6  -3  -6  -4  -8  -6  -7  -8  -6   7  -2  -8  -7  -7   17   0   0   0   2   0   0   1   0   1   0   0   0   0   0  77   1   0   0   0  2.02 0.93
  199 L     0  -6  -7  -7   5  -6  -7  -7  -6   2   4  -6   1   2  -6  -4  -4   0  -3   2   10   0   0   0  13   0   0   0   0  11  41   0   3   9   0   1   0   1   1  11  0.99 0.47
  200 G    -4  -8  -6  -7  -8  -8  -8   8  -8  -9  -9  -7  -8  -2  -8  -6  -7  -8  -8  -6    1   0   0   0   0   0   0  96   0   0   0   0   0   2   0   0   0   0   0   1  2.89 1.07
  201 Y    -3  -7  -7  -8   7  -7  -7  -8   0   4  -4  -7  -3  -4  -7  -5  -3  -6   2   5    2   0   0   0  20   0   0   0   2  22   0   0   0   1   0   1   1   0   8  43  1.58 0.67
  202 I    -5  -7  -5  -7  -1  -6  -7  -8  -7   6   2  -6   3  -4  -7  -5   2  -7  -6   3    0   0   0   0   1   0   0   0   0  43  19   0   8   0   0   0  11   0   0  17  1.31 0.58
  203 L     0  -6  -7  -7   2  -6  -6  -5  -6   1   5  -6   3   3  -6  -3   0  -5  -4  -1    7   0   0   0   4   0   0   1   0   6  53   0   8  10   0   1   5   0   0   4  1.03 0.50
  204 M     0  -7  -7  -8  -7  -6  -7  -4  -4   2  -3  -7   3   3  -8  -5  -2   1   8  -2    9   0   0   0   0   0   0   2   0  13   2   0   6  10   0   0   3   2  52   2  1.74 0.75
  205 Y    -1  -5  -5  -4  -4   1   6  -6  -5   3  -4  -4  -1  -1  -6  -4   0  -6   2   1    5   0   0   0   0   5  45   0   0  15   1   0   1   2   0   0   7   0   7  11  0.99 0.56
  206 F    -5  -7  -8  -8   0  -6  -7  -8  -7   0   5  -7   8   3  -8  -5  -5   0  -5  -2    1   0   0   0   2   0   0   0   0   5  44   0  32  11   0   1   0   1   0   2  1.67 0.71
  207 L     1  -4  -2  -7  -2  -6  -6  -6  -6   1   5  -6   1  -2  -6  -5  -3  -6  -2   2   12   1   2   0   1   0   0   0   0   7  58   0   3   2   0   0   1   0   1  13  1.09 0.52
  208 K     1   1  -1  -3   6  -2   0  -5  -3  -2  -3  -2  -2  -3  -5   1   4  -6  -1   1   10   7   2   1  15   1   7   0   1   2   2   3   1   1   0  12  23   0   2  11  0.53 0.36
  209 G    -4  -1  -5  -6  -4  -4  -6   7  -4  -5  -4  -3  -7  -7  -7  -4  -5  -7  -8  -8    1   3   0   0   0   1   0  87   0   1   2   2   0   0   0   1   0   0   0   0  2.32 0.90
  210 S    -1   3  -1  -4   0   0   1  -4   0  -3  -3   3  -2   0  -3   1   0  -4   3   0    5  16   2   0   2   4   8   0   2   1   2  17   1   4   1  11   6   0  12   6  0.36 0.28
  211 L    -2  -2  -6  -6  -6  -6  -5  -7  -5  -2   3  -3   0  -2   7  -1  -2  -7  -1  -1    3   2   0   0   0   0   0   0   0   2  24   2   2   2  49   4   2   0   2   4  1.31 0.63
  212 P    -4  -8  -8  -8  -8  -7  -7  -8  -8  -5   0  -7  -7  -9   9  -7  -7  -9  -9  -8    1   0   0   0   0   0   0   0   0   1  10   0   0   0  88   0   0   0   0   0  3.07 1.17
  213 W    -7  -7  -6  -6  -7  -7  -8  -7  -2  -6  -4  -8  -5   8  -8  -7  -7   7   4  -6    0   0   0   1   0   0   0   0   1   0   1   0   0  68   0   0   0  15  12   0  2.76 0.97
  214 Q    -1   0  -1   2   0   2   1  -3   2  -3  -2  -2  -2  -1   3  -1  -2   4   2  -2    6   4   3  11   2  12   7   2   5   1   4   2   1   3  14   4   2   6   8   2  0.32 0.21
  215 G    -1  -2   1   3  -3  -2   1   5  -1  -3  -3  -1  -3  -3  -2  -1  -2  -3  -3  -3    5   2   7  14   1   2   8  39   1   2   3   3   1   1   1   4   3   0   1   2  0.58 0.24
  216 L    -1  -1   0   1  -2   0   1  -1  -1   0   1   0   2  -1   0   0   0  -2   0   0    4   3   3  10   1   3  10   4   2   7  17   4   7   3   4   5   5   0   3   4  0.05 0.05
  217 K    -2  -1   2   3  -2   0   2  -1   0  -3  -2   1  -2  -1   0   1   0  -3  -2  -2    3   3  11  15   1   4  11   4   2   2   5  10   1   3   5  13   5   0   1   2  0.24 0.15
  218 A     2  -2   0   2   0   0   1   0  -1  -1  -1  -1  -1  -2   2   0   0  -3  -2  -1   19   2   4  14   2   3   8   8   2   3   5   2   1   1   9   7   4   0   1   4  0.17 0.13
  219 G     0   0   1   2  -3   0   1   0  -2   0  -1   0   1  -2   1   0   0  -3  -2  -1    7   5   7  12   0   3  10   6   1   5   5   6   5   1   7   9   5   0   1   5  0.10 0.09
  220 T    -1  -1   3   2  -2   0  -1  -3   1  -2  -2  -2  -3  -4   0   1   3   0  -3  -1    5   3  17  10   1   5   4   1   3   2   3   2   0   0   5  12  21   1   0   4  0.35 0.25
  221 K    -1  -2   0   0  -3   2   1  -3   0   0   1   1   0   0   1  -1  -1  -2  -2   1    6   1   5   5   0  11   9   1   3   5  15   8   2   4   9   2   4   0   1  10  0.13 0.13
  222 K     0   1  -1   0  -1   1   0  -3   0   0   1   2   3   0  -1  -1  -1  -1   0  -1    6   8   2   5   1   8   6   1   3   5  14  12   9   3   3   4   2   1   4   3  0.11 0.12
  223 Q    -1   1  -1   0  -4   3   3   0   0  -2  -2   1   0  -1  -1  -1  -2  -3   0  -3    6   7   3   5   0  13  23   7   2   3   5   9   3   3   3   3   1   0   4   2  0.27 0.20
  224 K    -1   0  -1  -2  -3   0  -1  -3  -1   2   1   2   2  -2  -3  -2   2  -3  -2   0    5   5   3   2   0   4   4   1   2  13  17  15   5   1   1   1  14   0   1   6  0.21 0.17
  225 Y    -3  -3  -4  -5  -3  -2  -4  -5   1   4   1  -4   1   4  -4  -4  -3  -2   6  -1    3   2   1   1   0   2   1   1   3  21  14   1   3  15   1   1   1   0  27   4  0.90 0.41
  226 E     0   2   0   1   0   2   2  -3  -1  -2  -1   1  -2   1  -2   0  -1  -4  -2  -1    6  10   4   9   3   8  17   1   1   2   6   9   1   8   2   5   4   0   1   3  0.19 0.16
  227 R    -1   5   1  -2  -3   3  -1  -4  -2  -2  -2   4   1  -4  -3  -2  -2  -5  -4  -4    5  27   6   2   1  13   3   1   1   2   5  24   4   1   1   3   2   0   0   1  0.68 0.39
  228 I    -2  -6  -1  -2  -2  -5  -4  -3  -6   7  -1  -4   0  -4  -4  -3  -3   0  -5   3    3   0   3   3   1   0   1   3   0  55   5   1   2   0   1   2   1   2   0  16  1.17 0.52
  229 S    -1  -1  -2  -1   2   0  -1   0  -1   0   1   0   1  -1   0   0   0  -3   0   0    3   3   1   3   5   4   4   8   1   3  20   7   4   2   5   9   6   0   4   5  0.06 0.09
  230 E     0   1   1   0  -4   2   2  -2   1  -3  -2   3  -1  -1   0   0  -1   1  -2  -3    7   7   7   4   0   7  17   2   3   1   3  16   2   2   5   8   4   2   1   1  0.26 0.20
  231 K     0  -1   1  -2  -1  -1  -1   3  -2  -1  -2   2   1  -3   1  -1   0  -4  -2  -1    9   3   8   2   2   2   4  24   1   4   4  13   4   1   8   3   5   0   1   5  0.23 0.18
  232 K    -2   1   1   1  -5   1   2  -2   0  -3  -4   4  -2  -3   1  -1   0  -2  -1  -3    3   6   8   7   0   5  11   2   2   2   1  30   1   1   8   3   5   1   3   2  0.44 0.28
  233 V    -2   1  -3  -3  -1  -2  -2  -4   0   2   2  -3   1   2   0  -2  -1   0   4   1    2   7   1   1   1   2   3   1   2  11  17   1   4   9   5   2   3   1  18   9  0.36 0.23
  234 S    -1   2   1   1  -3   0   0  -2  -1  -3  -2   1   0  -2   2   2   0  -1  -2  -2    5  13   6   9   0   4   4   2   2   1   3   8   3   2  10  17   6   1   1   3  0.23 0.19
  235 T    -2  -1   0   0   1  -2   0  -2  -2   1   0  -2   1   3   1  -1   2  -1   1  -1    2   3   4   5   3   1   6   3   1   8   9   2   5  15   8   5  13   1   5   3  0.15 0.15
  236 S    -2  -1   0   1  -1  -2   0  -2   0  -3  -2   0  -4  -1   6   1  -1  -4  -1  -3    4   4   5   6   2   1   5   3   2   2   4   5   0   3  36  10   3   0   2   2  0.63 0.35
  237 I     0  -1  -1   0   1  -1  -1  -1   0   1   0  -1  -1   0   2   0   0   0   0   1    5   3   2   6   3   2   4   5   2  11   9   3   1   3  12   8   5   1   3  10  0.08 0.06
  238 E    -2   0  -1   0  -3   1   3  -3  -1  -3  -3   1  -2   0   3   0  -2   1   1  -3    3   5   3   5   0   5  21   2   1   1   3  10   1   4  16   7   2   2   6   2  0.34 0.21
  239 S     0  -1   0   1  -2  -1   1  -2   0  -1  -1  -1  -1  -1   3   1   0  -1  -1   1    6   3   4   9   1   2  10   3   2   2   5   4   1   3  13  12   6   1   2  11  0.14 0.11
  240 L    -1  -1  -1   0  -1   0   0  -1  -1   1   2  -1   1   0  -1  -1  -1   1   0   0    4   3   4   5   1   4   7   5   1   7  28   4   4   4   3   4   3   2   2   4  0.10 0.07
  241 C    -1  -1  -1   0   4  -1  -1  -1  -1   0   0  -1   0   1   2   0  -1   4  -1   0    4   3   2   5  11   3   4   4   1   7   8   4   2   7  11   7   3   7   2   5  0.20 0.11
  242 R    -1   2   0   0  -1   1   1  -1   0  -3  -2   2  -1  -2   2   1   0  -3   0  -2    4  10   4   5   1   5  10   5   3   1   3  16   1   1   9  11   6   0   3   2  0.20 0.13
  243 G    -1   0   2   1  -3  -1   0   1   3  -2  -2   1  -2   0   0   0  -1   2   0  -2    4   5  12   8   0   2   5  13   8   2   3   8   0   4   4   7   4   4   3   3  0.17 0.12
  244 Y    -2  -4  -3  -4   4  -3  -3  -4  -2   2   1  -2   1   3  -4  -2  -2   7   2   1    4   0   1   1   8   1   2   1   1  10  15   2   4  13   1   3   3  14   6  10  0.58 0.29
  245 P    -3  -4  -2  -1  -2  -4  -4  -3  -3  -3  -4  -3  -6  -6   6   5  -1  -7  -6  -5    2   1   2   3   1   1   1   2   1   2   1   2   0   0  42  36   4   0   0   1  1.40 0.69
  246 S     0   0   0   1  -4   0   2  -2  -2  -2  -2   1  -3  -3   3   2  -1  -4  -1  -1    7   5   5   9   0   4  13   2   1   2   4  10   0   1  14  14   4   0   2   4  0.26 0.20
  247 E    -1  -2  -2   1  -1   1   4  -2   0   1  -1   0  -2  -2   1   0  -2   1  -2  -1    4   2   2   8   1   5  30   2   2   8   6   5   1   1   6   8   2   2   1   5  0.31 0.25
  248 F     3  -4  -5  -2   2  -4  -4  -3  -4   0   2  -4   0   4  -5   1  -3   0  -2   0   23   0   0   3   4   1   0   2   0   6  20   1   2  20   0  11   1   1   0   5  0.53 0.33
  249 A     0   2   0   0  -2   1   0  -2   1  -1  -1   3  -1  -2  -1   0   0   1   1  -1    9  10   5   4   1   6   6   1   3   4   6  19   1   1   2   7   4   2   5   3  0.16 0.15
  250 S    -1  -1   1   5  -4   1   1  -2   1  -4  -4   1  -2  -5  -3   2   0  -6  -4  -4    4   4   7  28   0   5   9   3   4   1   2   7   1   0   1  16   7   0   0   0  0.54 0.35
  251 Y     1  -3  -5  -3  -5  -4  -5  -5  -1   0   4  -4   1   5  -6  -4  -4  -3   2  -1   12   2   0   2   0   0   0   1   2   5  38   1   3  21   0   1   1   0   8   4  0.80 0.42
  252 F    -2  -3  -6  -6  -1  -5  -4  -6  -6   5   3   1   4   1  -5  -4  -4  -5  -4   1    3   1   0   0   1   0   1   0   0  28  31   9  10   5   1   1   0   0   0   9  0.89 0.44
  253 H    -1   2   1   3  -2   1   0  -3   2  -2  -1   2   0  -2  -2   1  -1  -5  -2  -3    4  12   6  17   1   6   6   1   5   2   6  12   3   1   1  12   4   0   1   1  0.28 0.22
  254 Y    -1   3  -2  -2  -2   2  -1  -1   2  -1   1   2  -1   0  -3  -1  -1   0   2  -2    4  14   2   2   1   9   2   4   5   2  16  15   1   4   1   4   3   1   7   2  0.21 0.19
  255 C    -1  -5  -5  -4   7  -5  -4  -6  -6   2   3  -4   4  -3  -5  -3  -2  -5  -5   2    5   1   0   1  24   0   1   0   0  12  28   1  10   1   0   1   2   0   0  12  1.05 0.47
  256 R    -3   2  -3  -3   0  -2  -2  -4  -3   0   4   0   1   0  -4  -1  -2   4  -3  -3    1  13   1   2   2   1   2   1   0   4  44   5   3   4   1   4   2   7   0   1  0.65 0.37
  257 S    -1   2   1   0  -1   3   0  -3   0  -2  -3   3  -2  -4  -2   0   1  -5  -3   0    3  12   6   5   1  12   5   2   2   1   2  18   1   0   2   8   9   0   0   9  0.30 0.24
  258 L    -2   1  -3  -4  -4  -2  -2  -4  -1  -1   3   3   4  -2   0  -3  -1   1  -1   1    3   7   1   0   0   1   2   1   1   3  25  20  11   1   5   1   3   2   3  11  0.41 0.29
  259 R    -4   1   4   5  -6  -1   0  -4  -1  -2   1  -1  -3  -4  -3  -1  -3  -6  -5  -4    1   7  19  32   0   3   6   1   1   3  17   3   0   1   1   4   1   0   0   1  0.73 0.42
  260 F    -2  -3  -3  -4  -4  -2  -4  -5  -1  -1  -2  -3  -5   2   7  -3  -2  -6   1   1    3   2   1   1   0   2   1   1   1   3   5   1   0   8  52   1   2   0   5   9  1.29 0.62
  261 D     0   0   1   2  -4   0   2  -2   0  -3  -2   1  -2   0  -2   1   0  -3  -1  -1    8   4   6  13   0   3  17   3   2   1   3  10   1   4   2  12   5   0   2   4  0.22 0.19
  262 D    -2   0   0   4  -4   2   3  -4   0  -4  -2   3  -1  -4  -1  -2  -1  -6  -4  -4    3   5   5  24   0  10  17   0   2   1   4  17   2   1   3   2   4   0   0   1  0.59 0.36
  263 K    -4   7  -2  -4  -4  -3  -3  -6  -3  -5  -5   1  -4  -7   3  -5  -2  -7  -6  -6    2  66   2   1   0   1   1   0   1   1   1   7   0   0  14   1   2   0   0   1  1.86 0.81
  264 P    -2  -1  -2  -2   0  -2  -2  -3  -2   3   0   0  -2  -3   6  -2  -2  -4  -3  -2    3   3   2   2   2   1   2   2   1  15   8   7   1   1  40   3   3   0   1   3  0.81 0.38
  265 D    -1   0   1   3  -3  -1  -1  -2  -2  -3  -3   1  -3  -4  -2   2   4  -2  -3  -3    3   5   6  15   0   3   3   3   1   1   3   9   0   1   2  14  28   1   1   1  0.47 0.29
  266 Y     0   4  -2  -2  -2  -1  -2  -2  -1   0  -1  -1   0   3  -2  -1  -1   1   4  -1    9  22   2   3   1   2   2   3   1   5   5   2   2  11   2   4   3   2  15   4  0.35 0.17
  267 G     1  -1  -1   0  -2   0   2   0  -1   0   1  -1   1  -1   0   0  -1   0  -1  -1   11   3   2   6   1   4  14   8   1   8  13   3   4   2   5   6   3   2   2   2  0.06 0.07
  268 Y    -1  -2   1   0  -2  -1   0   0   0  -2  -2   0  -1   0  -2   2   3  -1   3  -2    3   2   5   4   1   3   7   6   2   2   4   6   1   3   2  14  22   1  10   2  0.24 0.17
  269 L     3  -5  -4  -5   1  -4  -4  -4  -5   3   3  -4  -1  -2  -3  -3  -2  -5  -3   0   29   0   1   0   3   1   1   1   0  18  32   1   1   1   1   1   3   0   1   5  0.72 0.39
  270 K     1   2  -2   0  -4   2   1  -2   3  -2  -3   3  -2  -3  -2   0  -1  -4  -3  -2   11  13   1   4   0  11   8   3   7   2   1  20   1   1   2   7   4   0   1   3  0.36 0.25
  271 R    -2   0   1   2  -6   5   4  -2  -1  -6  -6   1  -3  -6  -5   0  -2  -1  -5  -6    3   5   5  12   0  24  26   3   1   0   0   8   1   0   0   7   2   1   0   0  0.82 0.48
  272 I     2  -4  -5  -4  -1  -4  -4  -2  -4   3   3  -3   0   1  -4  -3  -2  -3  -3   3   16   1   0   1   1   0   1   4   0  15  31   2   1   5   1   2   1   0   0  18  0.54 0.31
  273 F    -2  -3  -5  -5  -3  -4  -4  -5  -4   0   5  -1   3   3  -4  -4  -3  -3  -3  -1    3   1   0   1   1   1   1   1   0   4  57   5   6  12   1   1   1   0   0   3  0.99 0.48
  274 R    -1   3   1   1   0   2   3  -3   0  -4  -3   2  -3  -5  -4   1   0  -4  -3  -3    6  13   6   7   2   8  21   2   2   1   3  13   1   0   0   9   5   0   1   1  0.40 0.28
  275 D    -6  -4   0   4  -3   0  -2  -4   9  -4  -6  -2  -5  -6  -6  -2  -3  -7  -3  -6    0   1   4  22   1   3   2   1  53   1   1   3   0   0   0   4   2   0   1   1  2.04 0.85
  276 L    -1  -1  -4  -1  -2  -3  -1  -3  -4  -1   1  -1   1  -1   6  -1  -3  -2   0  -1    4   3   0   3   1   1   5   2   0   4  12   3   3   3  41   4   1   1   4   4  0.80 0.45
  277 F    -3  -6  -7  -6  -6  -3  -4  -5  -4  -2   0  -3   1   6  -6  -4  -6  10   3  -4    3   0   0   1   0   1   1   1   0   2   8   2   4  31   0   1   0  36   7   1  2.04 0.81
  278 I    -3  -1  -3  -2  -3  -4  -2  -5  -1   4   1   0   1   4  -4  -3   0  -4  -2   2    1   4   1   2   0   0   3   1   2  21  15   5   3  19   0   1   5   0   1  15  0.49 0.29
  279 R     0   3   0  -1   1   2  -1  -3   2  -2  -1   3  -2  -3  -3   0   1  -4  -3  -2    7  17   5   4   3   9   4   1   5   2   5  18   1   1   1   7   8   0   0   2  0.32 0.23
  280 E    -1   0   0   2  -3   2   2  -1   0  -1  -1   2  -1  -3   0  -1   0  -2  -3  -2    4   5   5  11   0   8  14   4   2   4   6  16   2   1   4   4   6   1   1   2  0.18 0.15
  281 G     0  -1   3  -1  -3   0   1   4  -2  -4  -3   0  -2  -3   0   0  -2   2  -1  -3    9   3  13   3   0   3   9  30   1   1   2   5   1   1   5   6   2   3   2   1  0.39 0.25
  282 F    -1   0  -1  -2  -3   0  -1  -1   3  -1  -1   1  -1   2   0   0  -1  -1   3  -1    3   5   3   2   0   4   4   5   9   3   7   9   1  11   5   9   2   0  11   5  0.16 0.15
  283 Q     1   1   0  -1  -2   3   1  -2   0  -1  -3   2   0  -3   2  -1   1  -4  -3  -2   11   6   4   2   1  16   8   2   2   3   2  13   2   1  10   4  10   0   1   2  0.28 0.22
  284 F     0   0  -1   0  -2  -1   0  -2  -1  -1  -1  -1  -2   2   3   0  -1   2   3  -1    6   6   2   6   1   1   7   3   1   3   6   3   1  10  16   7   3   3  11   4  0.21 0.16
  285 D    -2  -1   0   5  -4  -1   1  -2  -3  -1  -2   0  -2   1   0   2  -1  -4  -3  -3    2   2   3  31   0   2   8   3   0   4   4   6   1   8   4  16   3   0   1   2  0.44 0.27
  286 Y    -1   1   0   1  -1   0   0   0   0  -1  -1   1  -1   0   0   1  -1  -1   2  -1    3   7   3   8   2   3   7   7   2   4   5   8   1   4   5  14   3   1  10   5  0.07 0.09
  287 V     1  -2  -2  -2  -2  -1   0  -1  -1   0   0   0   1  -1   3   0   0  -2  -2   1   11   2   2   2   1   2   5   4   1   6  11   6   4   2  18   6   4   0   1  10  0.18 0.13
  288 F    -1   0  -2  -2  -2   0  -2  -3   1   2   1  -1   0   3  -1  -1  -1   2   3   0    4   4   2   2   0   4   2   1   3  14  15   3   2  15   2   4   4   3  10   6  0.19 0.14
  289 D    -2  -2   1   6  -2  -1   1  -3   2  -3  -4  -2  -2  -4   1  -2  -1  -4  -4  -3    3   2   5  51   1   2   7   2   4   1   1   3   1   1   7   3   3   0   1   2  0.99 0.43
  290 W     0  -1  -1  -1  -2  -2  -1   0  -4  -1   0   0  -2   0  -1   1  -2   9  -1  -3    7   3   2   4   1   2   4   6   0   3   8   7   1   3   3   9   2  31   1   2  0.86 0.40
  291 T     0   0   1   0  -3   1   1  -1  -1   0   0   0   1  -2  -2   0   2  -3  -2   0    8   3   6   6   0   7   8   3   1   6  10   6   6   2   1   8  13   0   1   6  0.08 0.10
  292 I    -1  -2   0   1   0   0  -1  -2  -2   1   1   0   1  -2   0   0   0  -2  -3   2    4   1   4   9   2   4   3   3   1   8  12   8   4   1   4   7   4   1   0  21  0.11 0.13
  293 L    -1  -1  -1  -1  -2   0  -1  -2  -1   1   3  -1   0  -1   0  -1  -1  -3  -1   0    5   4   2   3   1   3   4   3   1   6  38   5   1   2   4   5   3   0   2   7  0.20 0.17
  294 K    -1   2   2  -1  -3   1   2  -2   0  -2  -2   2  -1  -1   1   0  -1  -2   1  -2    5  14   9   3   1   7  13   2   1   2   4  15   1   2   6   5   3   1   4   2  0.23 0.17
  295 Y     0   0   2   0  -3   1   0  -2   3  -1   0   1   0   0  -1   0   0  -2   2  -1    7   5  10   4   0   7   6   2   8   2   8   8   3   4   3   5   4   0   8   3  0.11 0.11
  296 Q    -1   0  -1   0  -3   1   1   0   0  -1  -1   1   2  -1   3   0  -1  -4  -1  -1    3   6   2   6   0   8   9   6   2   4   4  10   8   3  16   6   3   0   2   3  0.19 0.16
  297 Q    -1   0   0   0  -3   2   2  -1  -1  -2  -2   2  -2  -2   0   0   1   3  -2  -1    5   5   5   6   0  10  14   5   1   2   2  16   1   2   4   5   8   4   1   4  0.21 0.17
  298 S     0  -1   0  -1  -2   0   1  -1  -1   0  -1   0  -2  -1   2   1   0  -2  -1   1    8   3   3   3   1   3   9   5   1   6   5   8   0   3  10  15   3   0   2  11  0.09 0.10
  299 Q     0   1  -1   0   1   2   0  -1  -1  -1  -1   1   0  -1   2   0   0   0   0  -1    6   9   2   4   3  13   5   5   1   3   4   8   4   3   9   7   5   2   3   4  0.11 0.11
  300 L     0   0   0  -1   1   0   1   0  -2   0   1   1   0  -1   0   0   0  -2   0   0    8   3   3   2   4   4   9   8   0   4  15   9   3   3   4   8   4   0   3   4  0.03 0.05
  301 T     0   1   1  -1  -2   1   0  -1   1  -2  -1   1  -1  -2   1   1   1  -2  -1   0    5   7   6   3   1   6   5   3   4   2   7   9   1   1   8  15   7   1   2   6  0.10 0.10
  302 A     1   0  -1  -1  -2  -1   0  -1   0  -1  -1   0   0   1   1   2   1  -3  -1   0   16   4   3   2   1   2   6   3   2   3   7   5   2   7   7  15   7   0   1   6  0.09 0.11
  303 P     0   0   0  -1  -3   0   0  -1   0   0  -1   1   0  -2   4   1  -1  -2   0   0    7   5   4   2   0   3   6   5   2   5   4   8   3   1  19  14   3   0   3   6  0.21 0.16
  304 P    -1   0  -1  -1  -3   2   0  -2  -3  -1  -2   0  -2  -4   5   1  -1  -2  -2  -2    6   6   3   4   0   8   5   2   0   4   3   5   1   1  34   9   3   1   1   3  0.58 0.32
  305 S     0   0   0   1  -2   1   1   0  -1  -1  -1   1   0   0   0   1   0  -2  -1  -1    9   4   3  10   1   7  12   5   0   4   6   7   2   5   4  10   5   0   1   4  0.08 0.08
  306 R     0   3   0  -1  -3   1   1  -1  -1  -2  -1   2  -1  -1  -2   1   0  -4  -1  -2    8  17   4   3   0   8   7   3   1   3   6  13   2   3   1  12   6   0   2   2  0.18 0.16
  307 G     1   1  -1  -1  -2   2   0   2   1  -2  -3   0  -1  -4   2   1   0  -4  -2  -2   11   7   3   3   1  11   5  16   4   3   2   6   2   0   9  10   5   0   1   3  0.20 0.16
  308 L     0   0   0  -1  -1   1   1  -1   1   0   0   0   0  -1   0   0   1  -2   0   0    5   6   4   2   1   6   8   4   4   9  13   5   2   2   3   8   9   0   3   5  0.03 0.04
  309 V     1  -1   0  -1  -2   0  -1  -2  -2   1   0  -1  -1   0   3   1   0  -1  -1   0   10   3   4   3   0   6   3   2   0   8  11   3   0   4  15   9   6   1   2   9  0.13 0.12
  310 S     0   0   0   1  -2   0   0   0  -1  -1  -1   1  -1  -2   0   1   2  -2  -2   0    5   5   5   7   0   4   4   6   1   2   7   7   2   2   4  14  17   0   1   7  0.11 0.12
  311 P    -1   0  -2   0  -2   0   1  -2  -2  -3  -4  -1  -1  -2   6   1  -1  -5  -3  -3    6   5   2   4   1   3   9   3   1   1   1   3   2   2  39  12   4   0   1   1  0.77 0.40
  312 A     1  -1   0  -1  -3   0   1   0   0  -1  -1   0  -1  -3   2   1   1  -4  -1  -1   16   3   5   3   0   4  10   7   2   4   7   5   1   0   9  12   8   0   2   3  0.14 0.13
  313 V     0   0  -1  -1  -2   0   0  -1  -2   1   0   0   0   0  -1   0   1  -2  -1   1   10   7   1   3   0   4   5   3   0   8  11   5   2   5   2   9   8   0   2  13  0.05 0.07
  314 G    -1  -1   2   2  -2   0   1   1   0  -1  -1   0  -1  -2  -1   1   0  -1  -1  -2    5   3  13  10   1   3  10  10   2   4   7   4   1   1   3  14   4   1   2   2  0.14 0.14
  315 T     0   1   1   2  -2   1   1  -1  -1  -2  -2   0  -2   0   2   0   1  -4  -1  -1    6   7   5  11   1   7   8   3   1   2   4   6   1   5  12   8   8   0   2   4  0.15 0.13
  316 S     0   1   1   0  -4   1   1  -2  -1  -2  -2   0  -1   0   0   3   2  -4  -3  -2    7   6   8   4   0   6   7   3   1   2   2   6   1   5   4  21  13   0   0   2  0.22 0.21
  317 A     0   1   2   0  -2   0   0  -1   2  -1  -1   1   0  -1  -1   0   0  -2   0   0    9  10  11   4   1   4   6   3   6   4   5   7   2   2   3   7   4   0   2  10  0.07 0.08
  318 G     1   0   0   0  -2   1   1   0  -1  -1  -2   1  -1  -1   0   1   0  -3  -1  -1   14   5   5   5   1   8   8   7   1   5   4   7   1   3   5  13   4   0   2   3  0.09 0.10
  319 L     0  -1   0  -1  -1  -1   0   0  -1   0  -1   0   1  -2   1   2   1  -4  -2  -1    9   3   3   3   1   2   7   8   1   5   7   7   4   2   6  18   9   0   0   5  0.09 0.11
  320 P     1  -2   0   0  -4  -1   1  -1   0  -2  -2  -1  -2  -2   5   0   0  -5  -2  -3   10   2   4   5   0   2  11   4   2   3   4   4   1   2  29   8   5   0   1   1  0.47 0.29
  321 P     1   0  -1   0  -1   0   0  -1  -2  -1  -1   0   0  -3   3   0   1   0  -2  -1   11   4   2   5   1   3   6   5   1   3   7   7   2   1  17   7  11   1   1   4  0.19 0.15
  322 G     0  -1   2   2  -3  -1   0   2   0  -2  -1   0  -1  -1   0   1   0  -3  -1  -2    6   3   9  11   0   2   7  15   3   1   5   6   2   3   4  11   7   0   3   3  0.13 0.12
  323 L     0  -1   0  -1  -2  -1  -1  -1  -1   0   1   0   1  -1   1   0   1  -1   0   0    5   3   3   4   1   2   2   4   1   5  18   7   3   3   8   8  11   1   3   8  0.06 0.08
  324 T    -1   0   1   2  -1   0   1  -1  -1  -2  -1   1   0  -3   2   2   1  -1  -3  -2    3   5   5  11   1   4   8   5   2   2   8   7   2   1   9  15  10   1   0   2  0.15 0.15
  325 S     0   0   2   1  -1   0   0  -1   2  -1   0   0  -2  -3  -1   1   0  -4  -2  -1    8   6  11   7   1   4   7   5   7   3   9   4   1   1   2  14   6   0   1   4  0.12 0.12
  326 I    -1   0  -1  -1  -2   0  -1   0  -2   1   0   0   1   3   1   0   0  -1   0   0    5   6   2   3   0   3   4   6   0   8   7   6   4  15   7   7   4   1   3   7  0.07 0.09
  327 D    -1   0   2   3  -3   1   2  -1  -2  -3  -2   0  -2  -3   0   1   0  -5  -4  -2    4   5  10  18   0   7  16   4   1   1   5   4   1   1   5   8   6   0   0   3  0.30 0.22
  328 R     0   2   1   0  -1   1   0  -1   1  -1  -1   1   0  -2   0   1   0   0  -1  -1    8  12   8   5   1   6   4   3   4   3   7   7   2   1   4  14   4   1   1   4  0.10 0.10
  329 Y     0   0  -1   0  -2   0   0  -1   0   0   0   0   0   2   1   1   0  -1   1  -1    6   7   2   4   1   3   7   3   3   8   9   5   3  10   8  11   4   1   4   3  0.05 0.07
  330 G     0   0   1   1  -2   0   0   1   0  -2  -2   0  -2   0  -1   1   1  -3  -2  -2    8   3   7   7   1   5   6  13   2   2   4   7   1   4   3  13  11   0   1   2  0.12 0.11
  331 G     0  -1   0  -1  -2  -1   0   1  -1  -2  -1   0   0   0   2   1   1   0  -2  -1    5   2   4   3   1   2   6  10   1   2   6   6   2   6  12  14  12   1   1   4  0.13 0.13
  332 E    -1   0   0   0  -2   2   1  -1   0  -1  -2   1   0  -2   2   0   0  -4  -2  -1    5   5   4   3   1  11  12   4   2   4   4   9   3   2  13   8   5   0   1   5  0.17 0.15
  333 E    -1   0   1   2  -4   1   3  -2  -2  -2  -1   1  -1  -1  -1   1   0  -3  -2  -1    4   5   8  11   0   6  19   3   0   2   8   7   1   3   3   9   6   0   1   3  0.19 0.17
  334 E     0   1   1   2  -3   1   2  -1   0  -1  -1   1   0  -2  -2   1  -1  -2  -1  -1    8   7   6  11   0   4  15   4   3   3   7   7   2   2   1  12   2   0   2   5  0.12 0.12
  335 G     0   0   2   2  -2   1   0   1   0  -2  -1   1  -2  -2   0   1   0  -4  -2  -1    6   6   9  13   1   5   4  12   2   2   5   7   0   2   5  11   5   0   0   3  0.14 0.12
  336 G     1  -1   0   1  -4   1   1   0   3  -2  -1   1  -3  -2   2   0  -1  -4  -2  -2   11   2   4   8   0   6   8   8  10   1   6   9   0   1  11   8   3   0   1   2  0.21 0.17
  337 R     0   2   0   0  -2   0   2  -2  -1  -1  -1   2  -1  -2   0   1   0  -2  -2  -2    7  13   5   5   1   3  12   2   1   4   6  11   1   1   5  14   6   1   1   2  0.15 0.15
  338 P     0  -1  -1   1  -3   1   0   0  -2  -1  -1  -1   0  -3   5   0   0  -4  -1  -2    7   3   3   7   1   6   7   6   1   3   7   3   3   0  26   7   5   0   2   3  0.35 0.23
  339 P     0  -1   0   0  -4   1  -1  -1   0  -1  -1   0  -1  -2   4   1   0  -2  -2  -1    8   3   4   6   0   8   2   4   3   3   7   5   2   2  19  13   6   0   1   5  0.23 0.18
  340 M     0   0  -1  -2  -1   0  -1  -1   0  -1  -1   0   1  -1   3   1   0  -2   0  -1    8   6   2   1   1   5   3   5   3   5   6   6   4   2  18  11   6   1   3   3  0.18 0.15
  341 D     0  -1   1   0  -2   2   1   1  -1  -1  -2   0  -1  -1   1   1   0  -2  -1  -1    9   2   6   6   0  10   8   9   1   3   4   5   1   2   7  13   6   1   2   4  0.11 0.11
  342 S    -1   0   1   2  -3   2   0  -1   0  -2  -1  -1   0  -1   0   2   1  -4  -3  -2    4   5   8  13   0   9   5   4   2   2   6   3   2   3   3  20   7   0   0   2  0.19 0.18
  343 S     0   0   1   0  -3   1   1  -1  -1  -2  -2   1  -1  -1  -1   2   1  -2  -3  -1    7   3   8   4   0   7  11   4   1   1   4   8   1   3   2  19  11   0   0   4  0.18 0.18
  344 R    -1   3  -1  -1  -4   1   2  -1   4  -2  -1   0  -1  -1   0   0  -1  -4   0  -1    4  15   2   3   0   7  15   4  11   3   5   5   1   2   4   8   4   0   3   5  0.23 0.19
  345 R    -1   1   2   0  -3   1   0   0   0  -2  -1   1   0  -1  -1   1   0  -4  -2  -2    3   8  14   6   0   6   7   7   2   3   5   9   2   3   3  13   7   0   1   2  0.14 0.13
  346 R    -1   4   1   0  -2   0   0   0  -2   0   0   1  -1  -3  -1   0  -1  -4  -1  -1    3  25   6   5   1   4   5   6   0   6  10   8   1   0   3   7   3   0   3   4  0.20 0.18
  347 M     0  -1   0   0  -2   0  -1  -1  -1   0   0   0   0   1   1   1   0  -2   0   1    5   2   4   5   1   4   3   5   1   4  10   5   2   9   7  11   5   0   3  13  0.04 0.07
  348 S     0   0   0   0  -4   2   0  -2   0  -2  -2   0  -2  -2   1   3   1  -4   0  -2    8   6   5   6   0   8   4   2   2   1   3   6   1   2   6  27   7   0   3   2  0.25 0.23
  349 G     0   0   1   0   0   0   0   3  -2  -2  -1   1  -1  -2  -2   2   0  -1  -2  -2    7   4   5   4   2   3   5  21   0   1   7  11   2   2   2  17   4   1   1   2  0.17 0.16
  350 A     1  -1   0   1  -3   1   2   0   0  -1  -1  -1  -1  -1   1   1   0  -1  -2  -1   14   3   3   8   0   5  13   5   2   3   7   3   1   3   6  13   4   1   1   5  0.11 0.12
  351 L     0  -1   0   1  -3   1   0  -1   0   1   1   0   0  -2  -1   2   0  -2  -3   0    6   3   3   8   0   6   5   3   3  11  15   4   2   1   2  17   5   0   0   6  0.09 0.12
  352 E    -1   0  -1   1  -1   0   2  -2   0  -1  -1   1  -1   0   2   1   1  -2  -3  -2    4   5   2   7   1   3  18   2   2   3   5   8   1   5  10  11   9   1   0   1  0.18 0.17
  353 N     0   2   1   1  -2   0   0   0   0  -2  -1   0  -1  -2  -1   1   1  -1  -2   0    7  11   6   8   1   4   5   6   3   1   4   6   1   2   2  14   7   1   1  10  0.09 0.10
  354 S     0  -1   1  -1  -3   0  -1  -1   1   0   0  -1  -1   0   2   1   1  -3   0  -1    6   3   6   4   0   4   3   4   4   5  13   2   1   5  11  15   8   0   2   4  0.11 0.12
  355 G     1  -1  -1   0  -2  -1   0   1   0  -2  -1   0   2  -1   0   2   0   1   0  -2   12   3   3   4   1   3   4  10   2   1   6   6   6   3   5  18   6   3   4   2  0.11 0.13
  356 N    -1   1   1   1  -2   0   1  -2   0  -2  -2   1  -1  -2   2   2   0  -4  -2  -2    4   9   8   6   1   4   8   3   2   2   3   7   2   2  10  20   6   0   2   2  0.20 0.17
  357 L     0   0  -1  -1  -2   0   0  -2   0   1   1  -1   0  -1   0   0   0  -3  -1   1    5   6   2   4   1   4   4   3   2   9  20   4   3   2   5  10   6   0   2   9  0.05 0.07
  358 S     0   1   1   1  -1   1   1  -1   2  -2  -1   1  -1  -2   1   1   0   0  -2  -2    6   6   5  10   1   6   8   3   6   2   6   8   2   1   6  14   7   1   1   1  0.14 0.13
  359 S     1   1   0   0  -2   1   1   0   2  -2  -2  -1  -1  -2   0   2   0  -2  -2  -2   10   9   3   4   1   6  11   7   5   2   4   2   2   2   5  19   5   1   1   2  0.15 0.15
  360 R     0   0   0   1  -2   2   0   0   1  -2  -1   1  -1  -1   1   1   0  -4  -2  -1    9   5   4  10   0  11   6   6   4   1   5   9   1   3   6   9   6   0   1   4  0.12 0.11
  361 G     0   0   3   2  -4   2   1   1   0  -2  -2   0  -3  -2   0   1   1  -4  -1  -2    8   5  14  10   0   9   7  10   2   2   3   5   0   1   4   9   8   0   2   2  0.19 0.16
  362 P     1  -2  -1  -1  -3  -2  -1  -1  -1  -3  -1   0   1   1   4   0   1  -4  -1   0   10   1   3   2   0   1   4   4   1   1   6   7   3   6  25   5   8   0   2   9  0.33 0.23
  363 M     0  -1   0   0  -1   0   0  -1   1   1   0   0   1   0   0   0   0   0  -1   1    8   2   4   4   1   3   5   4   4   9  12   4   4   5   5   9   6   1   1  10  0.02 0.04
  364 M    -1   0   0   0  -3   1   2   0   1   0   0   0   1  -1   0   0   0  -3  -1   0    4   5   3   4   0   5  14   6   5   6  12   5   6   2   3   7   4   0   2   5  0.06 0.08
  365 P    -1   1  -1  -1  -3   0  -1  -3  -2  -1  -1   1  -2  -5   5   1  -1  -5  -4   0    4   6   3   4   1   3   3   1   1   3   7   9   1   0  35   9   3   0   0   6  0.60 0.34
  366 S     0   1   0  -1  -3   0  -1   1   1  -1  -1   1   0  -2   2   2   0  -4  -3  -1    5   6   5   3   0   4   3  12   3   4   6   8   2   1  10  17   6   0   0   4  0.14 0.14
  367 S     1  -1  -1  -2  -2  -1   1   0   1  -1  -2   0  -1  -1   0   3   2  -3  -3  -1   11   3   3   1   0   2  10   6   4   3   4   5   2   2   5  23  11   0   0   4  0.19 0.19
  368 S     0   0   1   0  -4   1   0  -1   1  -2  -1  -1  -3  -3   0   3   2  -2  -2  -3    7   5   8   4   0   6   5   5   3   2   6   3   0   1   4  28  11   1   1   1  0.27 0.24
  369 L     0  -1   0   0  -1  -1   0  -1   0   1   1  -1   1   0   0   0   0  -2   0   1    5   4   6   5   1   2   5   4   2  13  13   2   3   4   3   8   3   0   2  12  0.02 0.05
  370 F     0   1   0   0   0  -1  -1  -1  -2   0   1  -1  -1   0   0   0   1  -3   0   0   10   9   3   4   3   3   4   3   0   6  17   3   1   4   4   7   9   0   2   8  0.03 0.07
  371 A     1  -1  -1  -1  -1   2  -1   0   0  -2  -1   0   2  -3   3   2   0  -4  -2  -2   14   3   2   2   1  10   4   6   2   2   5   4   6   1  13  15   5   0   1   3  0.20 0.19
  372 Q     0   0   0   2  -1   2   1   0   0  -1  -1   0   0  -4  -1   1   0  -4  -3   0    7   5   5  13   1  13   9   5   3   4   5   5   2   0   2   9   4   0   0   6  0.15 0.14
  373 S    -1   2   0   0  -2  -1   0  -2  -2  -2   0   1   0  -2   3   2   0  -4  -2  -1    5  11   4   5   1   2   4   2   0   2  10   7   2   2  17  16   5   0   2   3  0.22 0.19
  374 A     0   0   1   1  -2   1   0  -1   3  -1  -1   0   0  -3   0   1   0  -4  -1  -1    9   4   9   6   0   6   6   5  10   3   6   5   3   1   5  12   6   0   1   3  0.14 0.13
  375 G     1  -1   0  -1  -2   0  -1   3  -2  -1  -2  -1   0  -3   0   1  -1  -4  -4   0   10   2   5   3   1   5   4  29   1   5   4   3   2   1   4  10   3   0   0   8  0.25 0.19
  376 S    -2  -2   1   0  -1   0  -1   0   0  -1  -2   1  -2   0   4   1   1  -4  -1  -2    2   1   8   4   1   4   3   7   2   3   4  10   1   4  19  12  12   0   2   3  0.26 0.21
  377 S     0  -1   1   0  -4   0   1  -1  -2  -1  -1   1  -1  -3  -2   3   0  -1  -2  -2    6   3   8   4   0   3   8   5   0   3   8   9   1   1   2  30   4   1   1   3  0.25 0.23
  378 R     0   2   0   0  -1   1   0  -2   0  -1   0   1  -1  -2  -2   1  -1  -4  -3   0    9  13   4   5   2   8   7   2   3   3   9  10   1   1   1  11   3   0   0   8  0.11 0.12
  379 R    -1   3   0  -1  -4   2   1  -1   3  -1  -2   1   0  -3   1   0  -1  -4  -1  -1    5  18   4   3   0  10   8   3   8   4   2   8   3   1   7   6   3   0   2   5  0.24 0.20
  380 V     0   1   0  -2  -3   0   0  -2  -2   1   0   1   0   0   0   1   0  -3  -2   1    6   8   5   1   0   3   4   2   0  11   7   9   2   6   5  14   5   0   1  11  0.08 0.11
  381 T     0  -1   0  -1  -2  -1  -1  -1  -2  -1   1  -1   1  -3   0   2   3  -2  -2   1    6   3   4   3   0   2   3   3   1   3  12   3   3   0   4  15  23   1   1  10  0.19 0.20
  382 S     1  -1   2   2  -2   1   2  -1  -1  -3  -2   0  -2  -3  -1   3   0   0  -2  -2   11   2  10  10   1   6  13   3   1   1   3   4   0   1   3  21   4   1   1   3  0.25 0.22
  383 E     0  -1   0   0  -2   2   2   0  -1  -3  -2   1   0  -3   2   1   0  -4   0  -3    7   2   3   4   1  10  14   7   1   1   3  11   3   1  10  13   4   0   4   1  0.22 0.19
  384 E    -1   0   0   1  -1   1   3  -2  -1  -2  -2   2  -2  -3   0   1   0  -4   0  -2    5   5   3   7   1   7  23   2   1   2   4  13   1   1   5   9   5   0   4   2  0.25 0.21
  385 L     0   0   0  -1  -1  -1   0  -1   1   0   1  -1   2  -1  -1   0   1  -1  -2   1    6   7   4   2   1   2   7   3   4   3  19   2   5   3   3   9   8   1   0  13  0.06 0.11
  386 Q    -1   0   2  -1  -2   4   1  -1   0  -2  -3   1  -2  -3  -1   2   0  -5  -2   0    4   5  11   3   1  19   7   4   1   2   2   8   0   1   2  17   4   0   2   6  0.28 0.24
  387 R    -1   2   0  -2  -1   1   1  -2  -1  -2  -1   1  -1  -3   2   0   1  -2  -2  -1    5  15   4   1   1   5   9   2   2   2   7   9   2   0  11   8  10   1   1   5  0.18 0.16
  388 C    -1  -1   0   1  -1  -1   1  -2   0   0  -1   0  -1  -1   4   1  -1  -4  -2  -1    5   3   5   9   1   2  12   2   2   6   7   5   2   3  19  10   2   0   1   4  0.23 0.17
  389 R     0   1   0   1  -3  -1   0   2   1  -1  -1   0  -2  -2   2   1   1   0  -3  -2    7  10   4   9   0   2   4  14   4   3   8   5   1   1   9   9   8   1   0   1  0.14 0.13
  390 T     0   0   0   0  -2   1   0  -2   0  -1  -1   0  -1   0   2   1   2  -3  -1   0    6   4   4   4   1   8   5   3   2   4   7   4   1   4  11  12  13   0   2   6  0.12 0.12
  391 G    -1  -1   1   0  -2   0   0   2  -3  -2  -2   1   0  -3  -1   2   3  -4  -3  -2    4   4   6   5   1   4   5  14   0   2   3   8   3   1   2  20  18   0   1   3  0.26 0.22
  392 A     1   0   0   0  -2   0   1   0   0   0  -1  -1   0  -2   0   1   1  -4  -2   1    9   4   4   4   0   2   9   6   3   5   6   2   2   1   5  16   7   0   1  12  0.07 0.10
  393 G     1  -1   2  -1  -1  -1  -2   3   1  -2  -2  -1  -1  -3   0   1   0  -4  -2  -1   10   4  11   2   1   2   1  27   4   2   3   4   2   1   4  10   5   0   1   4  0.27 0.20
  394 L    -1   4   2  -1  -2  -1   0  -3   0  -1   0   0  -3  -2  -2   2   0  -4  -2  -1    3  22   9   2   1   2   5   1   2   4   9   6   0   2   2  19   5   0   1   5  0.26 0.23
  395 R     0   2   0   0  -3   0   1  -1  -1  -2  -1   1   0  -2  -1   2   1  -4  -1  -2    6  13   3   5   0   4   8   4   1   2   5  10   2   1   3  20   8   0   3   2  0.18 0.17
  396 N     1   0   3  -1  -2  -1  -1   2  -1  -2  -3  -1  -1  -3  -1   1   1  -2  -2  -3   12   5  18   3   1   2   3  18   1   3   2   4   1   1   3  11  11   1   1   0  0.28 0.22
  397 S     1   1   0  -1  -2   1   0  -1   1  -1  -2   0  -1  -3   0   2   2  -4  -2   0   14   8   3   3   1   7   4   3   4   3   4   5   1   1   4  19  13   0   1   6  0.17 0.17
  398 P    -2  -2  -2  -2  -1   0  -2  -3  -3  -1  -1  -2  -4  -4   6   2   0  -6  -3  -1    3   2   2   2   2   3   2   1   0   4   6   2   0   1  43  16   5   0   1   4  0.88 0.46
  399 V     1   1  -1  -1  -1   0  -1  -2  -3   1   0   0  -2  -2   2   1   0  -2  -3   1   14   7   2   2   1   5   2   2   0   9  12   4   0   2  10  13   5   1   0   9  0.13 0.14
  400 V     0   0   0  -1  -3   0  -1  -2  -2   1   0  -1   1  -2   3   1   2  -4  -2   1    5   7   4   3   0   4   3   1   1   7   8   2   3   1  14  10  12   0   1  13  0.19 0.17
  401 T     1   0   0  -1  -1   1   0   0   0  -1  -2   0  -1  -2   1   2   2  -4  -2  -1   12   4   5   3   1   5   6   7   2   4   3   4   2   1   6  16  13   0   1   4  0.13 0.13
  402 T     0   0  -1  -2  -4   0  -1  -2   0  -1  -2   0  -2  -4   4   2   2  -2  -3  -1    6   4   3   1   0   4   3   3   2   3   5   5   1   0  24  19  12   1   1   5  0.41 0.28
  403 P     0   0  -1  -1  -1   2   1  -1  -1  -1  -3   0  -2  -4   4   1   1  -5  -2  -2    8   5   3   2   2   9   8   4   1   3   2   5   1   0  24  12   9   0   1   2  0.38 0.25
  404 E     0  -1   1   0  -3   2   2   0  -1  -1  -2   1   0  -3   1   1  -1  -1  -3  -1    6   2   5   4   0  10  16   8   1   4   3   8   3   1   8  10   3   1   0   5  0.16 0.15
  405 G     0  -1   1   0  -1   0   0   2  -1  -1  -1   0   0   1   0   1  -1  -3  -1   0    5   3   9   3   1   3   8  17   1   2   5   4   2   7   4  13   2   0   2   9  0.09 0.11
  406 K    -1   1   1   0  -4   2   3  -3  -2  -2  -1   1  -1  -3   1   0   0  -4  -2  -1    5   7   6   4   0  12  19   1   0   2   8   9   1   1   7   7   7   0   1   3  0.24 0.20
  407 R     0   1   0  -1  -3   0  -1  -1   1   0   0  -1  -1  -2  -1   1   0   0  -1   1    7  10   5   4   0   4   2   3   3   4  11   2   1   1   2  16   5   1   2  15  0.08 0.12
  408 S     2  -1   0  -2  -3   0   0   0   1  -2  -1   1   1  -2   1   1   0  -4  -2   0   17   2   3   1   0   4   7   7   4   1   5   9   6   1   6  13   5   0   1   9  0.12 0.15
  409 S     0   0   1   0  -3   1   1  -1  -1  -1  -2   1  -2  -1   0   2   1  -4  -2  -2    9   6   8   4   0   8   9   4   1   5   3  10   0   3   4  15   9   0   1   2  0.15 0.14
  410 S     0   1  -3  -2  -4   0   1  -2   1  -1  -2   0  -3  -4   4   3  -1  -5  -1  -3    8   6   0   1   0   5  11   3   3   4   5   4   0   0  23  22   3   0   2   1  0.46 0.31
  411 T     0   1   0  -2  -3   0   0  -1  -3  -1  -1   0  -1  -1  -2   3   3  -4  -3  -2    7   7   5   2   0   4   5   3   0   3   8   4   2   3   1  25  20   0   0   1  0.27 0.25
  412 R    -1   3   1   0  -4   1   1  -2  -1  -4  -2   2  -3  -2  -1   1   0  -4   0  -3    3  19   7   4   0   7  11   3   1   0   4  16   0   1   3  12   5   0   3   1  0.30 0.22
  413 K     0   2   1  -1  -1   0   0   0  -1  -2   0   1  -1  -1   1   1   0   0  -1  -1    7  16   8   1   1   3   5   6   1   2  10  10   1   2   7  12   4   1   1   3  0.11 0.11
  414 H     0  -2   4   1  -4  -1  -1  -2   5  -3  -1   0   1  -2   0   1  -2  -4   0  -1    8   1  20   8   0   1   2   2  18   1   7   5   4   1   5   9   0   0   3   5  0.37 0.26
  415 Y    -1  -1  -1   0  -1   0   0  -1  -1   0  -1  -1   0   2   0   0  -1   1   3   0    4   4   1   6   1   4   4   5   1   7   5   3   2  11   5   9   4   2  14   8  0.09 0.10
  416 D     0  -1   0   3  -2   1   3  -2  -1  -1  -3  -1  -2  -4  -2   2   0  -4  -2   0    7   3   3  17   1   6  20   2   1   3   1   2   1   0   1  17   5   0   1   9  0.30 0.22
  417 S     0   0   0  -2  -2   0   0  -1  -1  -1  -1   0  -1  -4   3   2   0  -4  -3   0    8   5   4   0   1   3   7   3   1   2   6   5   1   0  18  22   6   0   0   8  0.28 0.21
  418 A     1   1   1  -2  -3  -1   0  -1  -2  -1  -1   1   0  -2   0   2   2  -3   0   0   11   7   7   0   0   1   5   3   0   3   4  11   2   1   3  16  15   0   4   6  0.15 0.15
  419 I     0  -1  -3  -2  -3   0  -1  -4  -3   1   3   1   1  -2  -1  -1   0  -3   0   1    9   3   0   1   0   4   4   0   0  10  30   9   4   0   3   5   4   0   3  11  0.20 0.17
  420 K     0   4  -1  -2  -5   3   1  -4  -3  -4  -4   4  -2  -3   0   0  -1  -5  -4  -2    6  25   2   1   0  12   7   0   0   0   0  26   1   1   4   8   4   0   0   3  0.59 0.33
  421 G     0   0   0  -1  -3   0   0   2   0  -1  -2   1  -1  -2   1   1   1  -4  -3  -1    7   3   4   2   0   2   7  21   3   3   2  10   2   1   6  12  12   0   0   4  0.18 0.14
  422 I    -1   0  -1  -3   2  -1  -1   0  -1   2   1   0   3   1  -2   0   0  -3  -2   1    2   4   2   0   5   1   4   7   1  16  10   6  10   6   1   8   6   0   0  11  0.09 0.11
  423 E    -1   0   2   4  -4   2   2   0   0  -4  -4   0  -3  -5  -2   1   0  -5  -4  -2    5   4   9  24   0  11  12   5   2   0   0   5   0   0   1  12   6   0   0   3  0.41 0.24
  424 T    -1   1   0  -1  -3   0   0  -1  -3  -1  -2   0  -1  -4   3   2   2  -4  -3   0    3  10   4   2   0   4   4   5   0   4   3   5   2   0  15  22  12   0   0   7  0.26 0.19
  425 L     1  -1  -3  -2   0  -1  -2  -2  -3   1   2  -1   1   1   0   0   0  -3  -2   1   14   3   0   1   3   1   1   2   0   6  29   3   4   5   4   8   4   0   0  12  0.16 0.14
  426 Q    -1   2   1   0  -4   0   1  -2   2  -2  -4   1  -3   0   1   3   0  -4  -3  -3    3  12   7   5   0   4  10   2   6   2   0   8   0   4   6  25   5   0   0   0  0.30 0.21
  427 V     0  -3  -3  -2  -2  -2  -1  -2  -3   2   2  -2   1   2  -3  -1   0  -3   0   2    8   0   0   3   0   0   6   3   0  18  20   2   5  10   0   3   5   0   4  14  0.20 0.15
  428 S     0  -2   0   0   1   1   0   0  -2  -1  -1   0   0  -3  -1   2   3  -4  -1  -1    5   0   3   4   3   5   7   6   0   2   6   7   3   0   2  19  23   0   2   4  0.18 0.16
  429 D    -2  -2   2   3  -4   2   2  -2   0  -1  -3  -1   0  -2   2   0   1  -4  -3  -3    1   0   9  17   0  13  14   2   2   6   0   2   2   2  11   7  12   0   0   0  0.35 0.21
  430 E    -1   0   3   2  -4   3   3   0   2  -4  -4  -1  -3  -5  -1   0  -1  -4  -3  -4    3   4  20  10   0  18  18   8   5   0   0   0   0   0   3   7   4   0   0   0  0.49 0.25
  431 R    -3   6   0  -3  -5   2   1  -4   2  -4  -4   2  -3  -5  -1  -2  -3  -5  -3  -2    0  57   3   0   0   8   7   0   5   0   0  13   0   0   3   0   0   0   0   4  1.02 0.37
  432 F    -2   1  -2  -3  -3   0  -2  -4   5   0  -1  -2  -1   4  -3  -1   0  -1   3   0    0   8   0   0   0   4   0   0  20   7   5   0   0  24   0   5   8   0  11   9  0.40 0.19
  433 H    -2  -2  -1  -2  -3   1  -2  -3   6  -3  -3  -2  -3  -2   5   1   1  -3   3  -3    0   0   0   0   0   6   0   0  31   0   0   0   0   0  28  11  13   0  11   0  0.80 0.22
  434 H    -2  -1  -1  -1  -4   3   2  -3   8  -4  -4  -1  -2  -3   2  -2  -2  -4   0  -4    0   0   0   0   0  15  13   0  63   0   0   0   0   0   9   0   0   0   0   0  1.08 0.21
  435 H    -2  -1   2  -1  -4   2  -1  -3   9  -4  -4  -1  -2  -2  -3  -1  -2  -3   1  -4    0   0  11   0   0  11   0   0  78   0   0   0   0   0   0   0   0   0   0   0  1.21 0.18

                      K         Lambda
Standard Ungapped    0.1358     0.3180
Standard Gapped      0.0424     0.2670
PSI Ungapped         0.1386     0.3177
PSI Gapped           0.0424     0.2670
