
Last position-specific scoring matrix computed, weighted observed percentages rounded down, information per position, and relative weight of gapless real matches to pseudocounts
            A   R   N   D   C   Q   E   G   H   I   L   K   M   F   P   S   T   W   Y   V   A   R   N   D   C   Q   E   G   H   I   L   K   M   F   P   S   T   W   Y   V
    1 M    -1  -1  -2  -3  -1   0  -2  -3  -2   1   2  -1   5   0  -2  -1  -1  -1  -1   1    0   0   0   0   0   0   0   0   0   0   0   0   0   0   0   0   0   0   0   0  0.00     0.00
    2 S     1  -1   1   0  -1   0   0   0  -1  -2  -2   0  -1  -2  -1   4   1  -3  -2  -2    0   0   0   0   0   0   0   0   0   0   0   0   0   0   0   0   0   0   0   0  0.00     0.00
    3 H    -2   0   1  -1  -3   0   0  -2   7  -3  -3  -1  -2  -1  -2  -1  -2  -2   2  -3    0   0   0   0   0   0   0   0   0   0   0   0   0   0   0   0   0   0   0   0  0.00     0.00
    4 Q    -1   1   0   0  -3   5   2  -2   0  -3  -2   1   0  -3  -1   0  -1  -2  -1  -2    0   0   0   0   0   0   0   0   0   0   0   0   0   0   0   0   0   0   0   0  0.00     0.00
    5 T     0  -1   0  -1  -1  -1  -1  -2  -2  -1  -1  -1  -1  -2  -1   1   4  -2  -2   0    0   0   0   0   0   0   0   0   0   0   0   0   0   0   0   0   0   0   0   0  0.00     0.00
    6 V     0  -2  -3  -3  -1  -2  -2  -3  -3   2   1  -2   1  -1  -2  -2   0  -3  -1   4    0   0   0   0   0   0   0   0   0   0   0   0   0   0   0   0   0   0   0   0  0.00     0.00
    7 A     4  -1  -1  -2   0  -1  -1   0  -2  -1  -1  -1  -1  -2  -1   1   0  -2  -2   0    0   0   0   0   0   0   0   0   0   0   0   0   0   0   0   0   0   0   0   0  0.00     0.00
    8 L    -1  -2  -3  -4  -1  -2  -3  -4  -3   2   3  -3   1   0  -3  -2  -1  -2  -1   3    0   0   0   0   0   0   0   0   0   0  50   0   0   0   0   0   0   0   0  50  0.32 0.00
    9 A     4  -2  -2  -2   0  -1  -1   0  -2  -1  -2  -1  -1  -2  -1   1   0  -3  -2   0  100   0   0   0   0   0   0   0   0   0   0   0   0   0   0   0   0   0   0   0  0.41 0.00
   10 S     0  -1   0  -1  -2  -1  -1  -1  -2  -3  -3  -1  -2  -3   6   3   0  -3  -2  -2    0   0   0   0   0   0   0   0   0   0   0   0   0   0  50  50   0   0   0   0  0.91 0.00
   11 K    -1   1   1   4  -3   1   1  -2  -1  -3  -3   3  -2  -3  -1   0  -1  -4  -3  -3    0   0   0  50   0   0   0   0   0   0   0  50   0   0   0   0   0   0   0   0  0.51 0.00
   12 A     3  -2  -2  -2  -1  -1  -1  -1  -2   1   0  -1   0  -2  -1   0   0  -3  -2   2   64   0   0   0   0   0   0   0   0   0   0   0   0   0   0   0   0   0   0  36  0.24 0.01
   13 K     0   0   0  -1  -2   0   0  -2   0  -2  -2   2  -1   1  -2   2   0   0   4  -2    0   0   0   0   0   0   0   0   0   0   0  32   0   0   0  32   0   0  36   0  0.28 0.01
   14 S     0  -1   1  -1  -2   0   0  -1   5  -3  -3   0  -2  -2  -1   3   1  -3   0  -2    0   0   0   0   0   0   0   0  36   0   0   0   0   0   0  64   0   0   0   0  0.41 0.01
   15 P    -1  -3  -3  -2  -2  -2  -2  -3  -3   1  -1  -2  -1  -2   7  -1  -1  -4  -3   0    0   0   0   0   0   0   0   0   0  32   0   0   0   0  68   0   0   0   0   0  1.16 0.01
   16 K     0   1   0   0  -2   1   3  -1  -1  -3  -3   3  -2  -3  -1   2   0  -3  -2  -2    0   0   0   0   0   0  36   0   0   0   0  32   0   0   0  32   0   0   0   0  0.38 0.00
   17 P     2  -2  -1  -2  -2  -1  -1   3  -2  -3  -3  -1  -2  -3   5   0  -1  -3  -3  -2   32   0   0   0   0   0   0  36   0   0   0   0   0   0  32   0   0   0   0   0  0.66 0.00
   18 K     2   1  -1  -1  -2   0   0  -1  -1  -2  -2   3  -1  -3  -1   1   2  -3  -2  -1   26   0   0   0   0   0   0   0   0   0   0  50   0   0   0   0  24   0   0   0  0.27 0.01
   19 R    -1   3   0   0  -3   1   4   2  -1  -4  -3   1  -2  -3  -2   0  -1  -3  -2  -3    0  25   0   0   0   0  50  25   0   0   0   0   0   0   0   0   0   0   0   0  0.44 0.01
   20 G     0  -3  -1  -2  -2  -2  -2   5  -2  -1  -2  -2  -2  -3  -2  -1  -1  -3  -3   1    0   0   0   0   0   0   0  74   0   0   0   0   0   0   0   0   0   0   0  26  0.61 0.01
   21 K    -1   4   0  -1  -3   1   0  -2  -1  -3  -3   4  -2  -3  -2  -1  -1  -3  -2  -3    0  43   0   0   0   0   0   0   0   0   0  57   0   0   0   0   0   0   0   0  0.57 0.01
   22 L    -1  -1  -1  -2  -2  -1  -1  -2   4   1   1  -1   0   2  -2  -1  -1  -1   1   1    2   1   1   1   0   1   1   2  23   1  22   1   0  19   1   2   1   0   1  20  0.12 0.00
   23 D    -1  -2   0   5  -3   0   2  -2  -2   0  -2  -1  -1  -3  -2  -1  -1  -4  -2   1    0   0   0  51   0   0  18   0   0   0   0   0   0   0   0   0   0   0   0  31  0.39 0.02
   24 K    -1   0   0  -1  -3   0   0  -2   5  -3  -3   1  -2  -3   5   1  -1  -3   0  -3    0   0   0   0   0   0   0   0  34   0   0  17   0   0  31  18   0   0   0   0  0.61 0.02
   25 E    -1   2   0   2  -4   1   3   1  -1  -3  -3   2  -2  -3  -2   0  -1  -3  -2  -3    0  13   0  14   0   0  43  15   0   0   0  15   0   0   0   0   0   0   0   0  0.42 0.01
   26 K    -1   0   2   0  -3   3   3   1   0  -3  -3   2  -2  -3  -2   0  -1  -3  -2  -3    0   0  14   0   0  28  28  15   0   0   0  15   0   0   0   0   0   0   0   0  0.39 0.01
   27 M    -1  -1  -2   1  -2  -1  -1  -3  -1   0   2   0   4   0  -3  -2  -1  -1   2   0    0   0   0  12   0   0   0   0   0   0  29  12  35   0   0   0   0   0  12   0  0.17 0.02
   28 T     0  -1   3   0  -1   0   0  -1  -1  -3  -3   0  -2  -3  -1   4   2  -3  -2  -2    0   0  24   0   0   0   0   0   0   0   0   0   0   0   0  62  14   0   0   0  0.43 0.03
   29 A     1  -3  -3  -3  -1  -2  -3  -3  -3   2   0  -2   0   3  -3  -1  -1  -2   0   3   14   0   0   0   0   0   0   0   0   0   0   0   0  24   0   0   0   0   0  62  0.27 0.02
   30 L    -2  -2  -4  -4  -2  -2  -3  -4  -3   1   4  -3   3   0  -3  -3  -1  -2  -1   1    0   0   0   0   0   0   0   0   0   0  89   0  11   0   0   0   0   0   0   0  0.50 0.03
   31 E    -1   1   0   0  -3   6   3  -2   0  -3  -3   1  -1  -4  -2   0  -1  -2  -2  -3    0   0   0   0   0  86  14   0   0   0   0   0   0   0   0   0   0   0   0   0  0.76 0.05
   32 K    -1   2   0  -1  -3   5   1  -2   0  -3  -3   3  -1  -3  -2   0  -1  -3  -2  -3    0  12   0   0   0  62   0   0   0   0   0  26   0   0   0   0   0   0   0   0  0.59 0.03
   33 H    -2  -1   0  -2  -4   0   0  -3   9  -4  -3  -1  -2  -2  -3  -1  -2  -3   1  -4    0   0   0   0   0   0   0   0 100   0   0   0   0   0   0   0   0   0   0   0  1.17 0.06
   34 V     0  -3  -3  -4   3  -3  -3  -3  -4   2   0  -3   0  -1  -3  -2   0  -3  -2   4    0   0   0   0  10   0   0   0   0   0   0   0   0   0   0   0   0   0   0  90  0.42 0.03
   35 S     4  -1  -1  -1  -1  -1  -1   0  -2  -2  -2  -1  -1  -3  -1   3   0  -3  -2  -1   65   0   0   0   0   0   0   0   0   0   0   0   0   0   0  35   0   0   0   0  0.40 0.03
   36 F    -3  -3  -3  -4  -3  -4  -4  -4  -2   0   0  -4   0   7  -4  -3  -3   1   3  -1    0   0   0   0   0   0   0   0   0   0   0   0   0 100   0   0   0   0   0   0  0.94 0.05
   37 F    -3  -3  -3  -4  -3  -4  -4  -4  -2   0   0  -4   0   7  -4  -3  -3   1   3  -1    0   0   0   0   0   0   0   0   0   0   0   0   0 100   0   0   0   0   0   0  0.94 0.05
   38 D    -2  -2   1   7  -4  -1   1  -2  -1  -4  -4  -1  -4  -4  -2  -1  -1  -5  -4  -4    0   0   0 100   0   0   0   0   0   0   0   0   0   0   0   0   0   0   0   0  1.08 0.04
   39 R    -1   4  -1  -2  -3   3   0  -3  -1   0   1   1   0  -2  -2  -1  -1  -2  -2  -1    0  38   0   0   0  33   0   0   0  10  20   0   0   0   0   0   0   0   0   0  0.31 0.02
   40 N    -2  -1   5   4  -3   0   0  -1   0  -4  -4  -1  -3  -4  -2   0  -1  -4  -3  -3    0   0  60  40   0   0   0   0   0   0   0   0   0   0   0   0   0   0   0   0  0.74 0.03
   41 K    -1   0   2   3  -3   0   0   2  -1  -3  -3   3  -2  -4  -2   0  -1  -4  -3  -3    0   0  10  31   0   0   0  22   0   0   0  38   0   0   0   0   0   0   0   0  0.40 0.02
   42 D    -2  -1   4   6  -4   0   1  -1  -1  -4  -4  -1  -3  -4  -2   0  -1  -5  -3  -3    0   0  29  71   0   0   0   0   0   0   0   0   0   0   0   0   0   0   0   0  0.83 0.03
   43 G     0  -3  -1  -2  -3  -2  -2   6  -2  -4  -4  -2  -3  -4  -2  -1  -2  -3  -3  -4    0   0   0   0   0   0   0 100   0   0   0   0   0   0   0   0   0   0   0   0  1.16 0.04
   44 T    -1  -3  -3  -3  -1  -3  -3  -4  -3   5   1  -3   1  -1  -3  -2   1  -3  -2   2    0   0   0   0   0   0   0   0   0  86   0   0   0   0   0   0  14   0   0   0  0.40 0.03
   45 V    -1  -3  -3  -3  -1  -3  -3  -4  -4   4   1  -3   1  -1  -3  -2   0  -3  -1   4    0   0   0   0   0   0   0   0   0  41   0   0   0   0   0   0   0   0   0  59  0.41 0.03
   46 Y    -2  -2  -3  -4  -3  -2  -2  -4   1  -2  -1  -2  -1   3  -3  -2  -2   2   8  -2    0   0   0   0   0   0   0   0   0   0   0   0   0   0   0   0   0   0 100   0  1.10 0.05
   47 P    -1  -3  -2  -2  -3  -2  -1  -3  -3  -3  -3  -1  -3  -4   8  -1  -1  -4  -3  -3    0   0   0   0   0   0   0   0   0   0   0   0   0   0 100   0   0   0   0   0  2.17 0.05
   48 W    -1  -3  -2  -3  -2  -2  -2  -2  -2  -3  -2  -2  -2   2  -3   1  -1  10   2  -3    0   0   0   0   0   0   0   0   0   0   0   0   0  10   0  24   0  66   0   0  1.50 0.05
   49 E    -1   0  -1   1  -4   2   6  -3   0  -4  -3   1  -2  -4  -1   0  -1  -3  -2  -3    0   0   0   0   0   0 100   0   0   0   0   0   0   0   0   0   0   0   0   0  0.87 0.04
   50 T     0  -1   0  -1  -1  -1  -1  -2  -2  -1  -2  -1  -1  -3  -1   1   5  -3  -2   0    0   0   0   0   0   0   0   0   0   0   0   0   0   0   0   0 100   0   0   0  0.62 0.05
   51 Y    -2  -2  -3  -4  -3  -2  -3  -3   1  -1  -1  -3  -1   5  -4  -2  -2   2   6  -1    0   0   0   0   0   0   0   0   0   0   0   0   0  45   0   0   0   0  55   0  0.83 0.04
   52 Q     0   2   0  -1  -3   3   1   1  -1  -3  -3   2  -1  -3  -1   2   0  -3  -2  -2    0  11   0   0   0  31   0  10   0   0   0  23   0   0   0  26   0   0   0   0  0.35 0.02
   53 G     0  -3  -1  -2  -3  -2  -3   6  -2  -4  -4  -2  -3  -4  -3  -1  -2  -3  -4  -4    0   0   0   0   0   0   0 100   0   0   0   0   0   0   0   0   0   0   0   0  1.18 0.05
   54 F    -2  -3  -4  -4  -2  -3  -3  -4  -2   0   3  -3   1   6  -4  -3  -2   0   2   0    0   0   0   0   0   0   0   0   0   0  38   0   0  62   0   0   0   0   0   0  0.58 0.04
   55 R    -2   6  -1  -2  -4   1   0  -3  -1  -3  -3   2  -2  -3  -3  -1  -2  -3  -2  -3    0 100   0   0   0   0   0   0   0   0   0   0   0   0   0   0   0   0   0   0  0.94 0.06
   56 A     2   1  -1   1  -2   1   1  -1  -1  -1   0   0   1  -2  -2   0  -1  -3  -2  -1   43  11   0  10   0   9  10   0   0   0   9   0   9   0   0   0   0   0   0   0  0.16 0.02
   57 L    -2  -3  -4  -4  -2  -3  -3  -4  -3   3   4  -3   2   0  -3  -3  -1  -2  -1   1    0   0   0   0   0   0   0   0   0  30  70   0   0   0   0   0   0   0   0   0  0.46 0.03
   58 G     0  -3  -1  -2  -3  -2  -3   6  -2  -4  -4  -2  -3  -4  -3  -1  -2  -3  -4  -4    0   0   0   0   0   0   0 100   0   0   0   0   0   0   0   0   0   0   0   0  1.18 0.05
   59 T    -1  -3  -2  -3   5  -3  -3  -3  -2  -1   0  -3  -1   5  -3  -1   2   0   2  -1    0   0   0   0  21   0   0   0   0   0   0   0   0  57   0   0  23   0   0   0  0.49 0.04
   60 G    -1  -1   5   0  -3  -1  -1   4  -1  -4  -4  -1  -3  -3  -2   0  -1  -4  -3  -3    0   0  57   0   0   0   0  43   0   0   0   0   0   0   0   0   0   0   0   0  0.70 0.04
   61 R    -1   2  -2  -3  -2  -1  -2  -3  -1   1   1  -1   0   0   2  -2  -1  -1   3   1    0  23   0   0   0   0   0   0   0   9  19   0   0   0  10   0   0   0  21  19  0.19 0.02
   62 L    -2  -3  -4  -4  -2  -3  -3  -4  -3   3   3  -3   1   2  -3  -3  -1  -2   0   2    0   0   0   0   0   0   0   0   0  48  39   0   0  13   0   0   0   0   0   0  0.38 0.03
   63 L     1  -2  -2  -3  -1  -2  -2   0  -2   1   2  -2   2  -1  -2   0   0  -2  -2   1   18   0   0   0   0   0   0   9   0   0  31   0  13   0   0  10   0   0   0  20  0.14 0.01
   64 A     2  -1   0  -1  -1   0   0  -1  -1  -3  -3  -1  -2  -3  -1   5   1  -3  -2  -2   10   0   0   0   0   0   0   0   0   0   0   0   0   0   0  90   0   0   0   0  0.53 0.05
   65 A     2  -2  -2  -3  -1  -2  -2  -2  -2   1   2  -2   0   3  -2   0   1  -1   0   0   33   0   0   0   0   0   0   0   0  10  26   0   0  20   0   0  11   0   0   0  0.16 0.02
   66 F    -2  -3  -3  -4  -2  -3  -3  -4  -2   3   1  -3   0   5  -4  -3  -2   0   2   2    0   0   0   0   0   0   0   0   0  37   0   0   0  53   0   0   0   0   0  10  0.47 0.03
   67 V     1  -2  -3  -3  -1  -2  -2  -2  -3   2   2  -2   2  -1  -2  -1  -1   4  -1   2   21   0   0   0   0   0   0   0   0   9  18   0   9   0   0   0   0  10   0  34  0.24 0.02
   68 A     4  -2  -1  -2  -1  -1  -1   0  -2  -2  -2  -1  -1  -3  -1   2   1  -3  -2  -1   80   0   0   0   0   0   0   0   0   0   0   0   0   0   0  10  10   0   0   0  0.42 0.04
   69 I     1  -3  -3  -3  -1  -2  -3  -3  -3   3   1  -2   1  -1  -2  -1  -1  -3  -2   3   17   0   0   0   0   0   0   0   0  40  10   0   0   0   0   0   0   0   0  33  0.27 0.02
   70 F     0  -3  -2  -3  -2  -3  -3   2  -2   0   1  -3   0   4  -3  -1  -1  -1   1   1   10   0   0   0   0   0   0  19   0   0  10   0   0  43   0   0   0   0   0  18  0.26 0.02
   71 I    -2  -3  -4  -4  -2  -3  -4  -4  -3   5   1  -3   1   2  -3  -3  -1  -2  -1   2    0   0   0   0   0   0   0   0   0  87   0   0   0  13   0   0   0   0   0   0  0.46 0.04
   72 N    -2  -1   6   1  -3   0  -1  -1   3  -4  -4  -1  -3  -3  -2   0   0  -4  -2  -3    0   0  89   0   0   0   0   0  11   0   0   0   0   0   0   0   0   0   0   0  0.83 0.05
   73 M    -1  -2  -3  -3  -1  -2  -3  -3  -3   3   2  -2   3   0  -3  -2   1  -2  -1   2    0   0   0   0   0   0   0   0   0  29  19   0  23   0   0   0  11   0   0  19  0.27 0.02
   74 G     2  -2  -1  -1  -2  -1  -2   4  -2  -3  -3  -1  -2  -3  -2   1   0  -3  -3  -2   27   0   0   0   0   0   0  53   0   0   0   0   0   0   0  11   9   0   0   0  0.54 0.02
   75 L    -2  -3  -4  -4  -2  -3  -3  -4  -3   1   4  -3   2   2  -3  -3  -2  -2  -1   1    0   0   0   0   0   0   0   0   0   0  90   0   0  10   0   0   0   0   0   0  0.51 0.04
   76 S     1  -1   0  -1  -1   0   0  -1  -1  -3  -3  -1  -2  -3  -1   5   1  -3  -2  -2    0   0   0   0   0   0   0   0   0   0   0   0   0   0   0 100   0   0   0   0  0.59 0.05
   77 K    -1  -1  -1  -2  -2   1  -1  -2   1  -2  -2   1  -1   1  -2   1  -1   1   6  -2    0   0   0   0   0  13   0   0   0   0   0  10   0   0   0  21   0   0  57   0  0.46 0.04
   78 K     1   0  -1  -2  -2   0   0  -2  -2  -2  -2   3  -1  -3   5   0  -1  -3  -2   0   17   0   0   0   0   0   0   0   0   0   0  43   0   0  29   0   0   0   0  10  0.50 0.03
   79 T     0  -2   0  -1  -1  -1  -1  -2  -2  -1  -2  -1  -1  -3  -1   1   6  -3  -2   0    0   0   0   0   0   0   0   0   0   0   0   0   0   0   0   0 100   0   0   0  0.65 0.06
   80 R    -2   4  -2  -3  -2  -1  -2  -3  -2   0   3   0   1  -1  -3  -2  -1  -2  -2   0    0  43   0   0   0   0   0   0   0   0  57   0   0   0   0   0   0   0   0   0  0.35 0.03
   81 P    -1  -3  -2  -2  -3  -2  -2  -3  -3  -3  -3  -1  -3  -4   8  -1  -1  -4  -3  -3    0   0   0   0   0   0   0   0   0   0   0   0   0   0 100   0   0   0   0   0  2.19 0.06
   82 G     0  -2  -1  -1  -2  -2  -2   5  -2  -2  -2  -1  -2  -3  -2   1   1  -3  -3   0    0   0   0   0   0   0   0  57   0   0   0   0   0   0   0  20  11   0   0  13  0.49 0.03
   83 K    -2   0  -2  -3  -3   2  -1  -3  -2  -3  -2   2  -2  -1  -3  -2  -2  10   1  -3    0   0   0   0   0  13   0   0   0   0   0  31   0   0   0   0   0  57   0   0  1.27 0.06
   84 G    -1   0  -2  -3  -2  -2  -2   3  -2   2   2  -1   0  -1  -3  -2  -1  -3  -2   1    0  11   0   0   0   0   0  31   0  19  30   0   0   0   0   0   0   0   0  10  0.18 0.02
   85 F    -2  -3  -3  -3  -3  -2  -2  -3  -2  -2  -1  -2  -1   4   6  -2  -2  -1   1  -2    0   0   0   0   0   0   0   0   0   0   0   0   0  43  57   0   0   0   0   0  1.11 0.05
   86 S     1  -1   0  -1  -1  -1  -1   2  -1  -3  -3  -1  -2  -3  -1   4   1  -3  -2  -2    0   0   0   0   0   0   0  13   0   0   0   0   0   0   0  87   0   0   0   0  0.51 0.05
   87 P    -1  -3  -3  -3  -2  -2  -2  -3  -2   0   1  -2   0   2   6  -2  -1  -1   2  -1    0   0   0   0   0   0   0   0   0  10  20   0   0  11  46   0   0   0  13   0  0.72 0.03
   88 L    -1  -3  -3  -3  -2  -2  -3  -3  -2   1   2  -3   1   3  -3  -1  -1   5   1   0    0   0   0   0   0   0   0   0   0  13  41   0   0  26   0  11   0  10   0   0  0.33 0.02
   89 F    -2  -3  -4  -4  -2  -3  -4  -4  -2   0   2  -3   0   6  -4  -3  -2   0   2  -1    0   0   0   0   0   0   0   0   0   0  23   0   0  77   0   0   0   0   0   0  0.70 0.04
   90 P    -1  -3  -2  -2  -3  -2  -2  -3  -3  -3  -3  -1  -3  -4   8  -1  -1  -4  -3  -3    0   0   0   0   0   0   0   0   0   0   0   0   0   0 100   0   0   0   0   0  2.19 0.06
   91 I    -1  -3  -4  -4  -1  -3  -3  -4  -4   4   2  -3   1   0  -3  -3  -1  -3  -2   3    0   0   0   0   0   0   0   0   0  66  13   0   0   0   0   0   0   0   0  21  0.42 0.03
   92 D    -2  -1  -1   1  -3   0   2  -3   3  -2  -2  -1  -1   3  -3  -1  -2   1   5  -2    0   0   0  10   0   0  21   0  10   0   0   0   0  13   0   0   0   0  47   0  0.47 0.03
   93 V    -1  -3  -3  -4  -1  -3  -3  -4  -3   4   2  -3   1   0  -3  -2  -1  -3  -1   3    0   0   0   0   0   0   0   0   0  48  22   0   0   0   0   0   0   0   0  31  0.38 0.02
   94 K    -1   1   0   2  -3   1   1  -2   4  -3  -3   4  -2  -2  -2  -1  -1  -2   1  -3    0   0   0  21   0   0   0   0  17   0   0  53   0   0   0   0   0   0   9   0  0.38 0.03
   95 N    -2   1   6   1  -3   0   0  -1   0  -3  -3   0  -2  -3  -2   0   0  -3  -2  -3    1  12  77   1   0   1   1   1   0   1   1   1   0   0   1   1   1   0   0   1  0.60 0.04
   96 S    -1  -3  -3  -3  -2  -2  -3  -3  -3   4   1  -2   0  -1   2   0  -1  -3  -2   2    0   0   0   0   0   0   0   0   0  67   0   0   0   0  13  10   0   0   0  11  0.33 0.03
   97 H    -2   1   0  -2  -3   0  -1  -3   8  -3  -3  -1  -2   2  -3  -1  -2  -2   1  -3    0  11   0   0   0   0   0   0  77   0   0   0   0  13   0   0   0   0   0   0  0.82 0.06
   98 L    -1   2  -1  -2  -2   0  -1  -3  -2   0   2   3   0  -1  -2  -1  -1  -3  -2   0    0  10   0   0   0   0   0   0   0   0  31  47   0   0   0   0   0   0   0  13  0.21 0.02
   99 C     3  -2  -2  -2   5  -1  -2   1  -2  -2  -2  -1  -1  -3  -2   1   0  -3  -2  -1   58   0   0   0  23   0   0  11   0   0   0   0   0   0   0   9   0   0   0   0  0.41 0.03
  100 M    -1   1  -1  -1  -3   1   0  -2  -1   0  -1   4   1  -2  -2   0   1  -3  -2  -1    0   0   0   0   0   0   0   0   0  11   0  67  10   0   0   0  13   0   0   0  0.30 0.03
  101 H    -2  -1   0  -2  -3   0  -1  -3   8  -2  -2  -1  -2  -2  -3  -1  -2  -3   1   0    0   0   0   0   0   0   0   0  87   0   0   0   0   0   0   0   0   0   0  13  0.92 0.06
  102 G     0  -2  -1  -2  -2  -2  -2   5  -2  -2  -3  -2  -2  -3  -2   1  -1  -3  -3   0    0   0   0   0   0   0   0  77   0   0   0   0   0   0   0  11   0   0   0  13  0.73 0.03
  103 S     1  -1   0  -1  -1   0  -1  -1  -1  -2  -3  -1  -2  -3  -1   4   2  -3  -2  -2    0   0   0   0   0   0   0   0   0   0   0   0   0   0   0  87  13   0   0   0  0.52 0.05
  104 D    -2  -2   1   6  -3   0   1  -1  -1  -3  -3  -1  -3  -3  -1   0  -1  -4  -3  -3    1   1   1  88   0   1   1   1   0   1   1   1   0   0   1   1   1   0   0   1  0.87 0.04
  105 T     1  -1   0  -1  -1  -1  -1  -1  -1  -2  -2  -1  -1  -3  -1   4   3  -3  -2  -1    0   0   0   0   0   0   0   0   0   0   0   0   0   0   0  66  34   0   0   0  0.47 0.04
  106 D     1  -1   0   3  -2   0   0   3  -1  -3  -3   1  -2  -3  -2   1   0  -3  -3  -2   11   0   0  23   0   0   0  30   0   0   0  17   0   0   0  20   0   0   0   0  0.34 0.02
  107 V     0  -2  -1  -2  -1  -2  -2  -3  -3   1   0  -2   0  -2  -2   0   4  -3  -2   3    0   0   0   0   0   0   0   0   0   0   0   0   0   0   0   0  57   0   0  43  0.34 0.04
  108 Y    -2  -2  -3  -4  -3  -2  -3  -4   1  -2  -1  -2  -1   4  -4  -2  -2   2   7  -2    0   0   0   0   0   0   0   0   0   0   0   0   0  11   0   0   0   0  89   0  1.04 0.06
  109 D    -2  -2   1   7  -4  -1   1  -2  -1  -4  -4  -1  -4  -4  -2  -1  -1  -5  -4  -4    0   0   0 100   0   0   0   0   0   0   0   0   0   0   0   0   0   0   0   0  1.12 0.06
  110 D    -1   0   3   2  -2   0   0  -1  -1  -2  -3   3  -2  -3  -2   0   2  -3  -2  -2    0   0  27  10   0   0   0   0   0   0   0  33   0   0   0   0  30   0   0   0  0.34 0.03
  111 D    -2  -1   0   5  -4   1   4  -2  -1  -4  -4   0  -3  -4  -2   0  -1  -4  -3  -3    0   0   0  43   0   0  57   0   0   0   0   0   0   0   0   0   0   0   0   0  0.76 0.04
  112 G     0  -3  -1  -2  -3  -2  -3   6  -2  -4  -4  -2  -3  -4  -3  -1  -2  -3  -4  -4    0   0   0   0   0   0   0 100   0   0   0   0   0   0   0   0   0   0   0   0  1.18 0.05
  113 R    -2   6  -1  -2  -4   1   0  -3  -1  -3  -3   2  -2  -3  -3  -1  -2  -3  -2  -3    0 100   0   0   0   0   0   0   0   0   0   0   0   0   0   0   0   0   0   0  0.94 0.06
  114 F    -2  -3  -3  -4  -3  -3  -3  -4   0  -1   0  -3  -1   6  -4  -3  -2   1   5  -1    0   0   0   0   0   0   0   0   0   0   0   0   0  73   0   0   0   0  27   0  0.85 0.05
  115 V    -1  -2  -3  -3  -1  -2  -2  -3  -3   2   2  -2   4  -1  -3  -1   1  -3  -1   3    0   0   0   0   0   0   0   0   0   0   9   0  29   0   0   0   9   0   0  53  0.30 0.03
  116 E     1  -2  -2  -1  -3   0   2  -2  -2  -3  -3  -1  -2  -4   6   0  -1  -4  -3  -2   21   0   0   0   0   0  23   0   0   0   0   0   0   0  57   0   0   0   0   0  1.05 0.04
  117 S     1  -2  -1  -2  -1  -1  -1  -1  -2   1   0  -1   1  -2  -2   3   1  -3  -2   2    9   0   0   0   0   0   0   0   0   0   0   0   9   0   0  43   0   0   0  39  0.19 0.03
  118 K    -1   1   5   0  -3   0   0  -1   0  -3  -3   3  -2  -3  -2   0  -1  -4  -2  -3    0   0  57   0   0   0   0   0   0   0   0  43   0   0   0   0   0   0   0   0  0.56 0.04
  119 F    -2  -3  -4  -4  -2  -3  -4  -4  -2   0   2  -3   1   6  -4  -3  -2   0   2  -1    0   0   0   0   0   0   0   0   0   0  27   0   0  73   0   0   0   0   0   0  0.66 0.04
  120 E    -1   0  -1   1  -4   2   6  -3   0  -4  -3   1  -2  -4  -1   0  -1  -3  -2  -3    0   0   0   0   0   0 100   0   0   0   0   0   0   0   0   0   0   0   0   0  0.89 0.06
  121 E    -1  -1   3   1  -3   1   3  -2   0  -2   0   0  -1  -2  -2   1  -1  -3  -2  -2    0   0  30   0   0   0  43   0   0   0  17   0   0   0   0  10   0   0   0   0  0.33 0.03
  122 I    -2  -3  -4  -4  -2  -3  -3  -4  -3   5   2  -3   2   0  -3  -3  -1  -3  -2   2    0   0   0   0   0   0   0   0   0  82   9   0   9   0   0   0   0   0   0   0  0.46 0.04
  123 F    -3  -3  -4  -4  -3  -4  -4  -4  -2   0   0  -4   0   7  -4  -3  -3   1   3  -1    0   0   0   0   0   0   0   0   0   0   0   0   0 100   0   0   0   0   0   0  0.98 0.06
  124 N     1  -1   3   0  -1   0  -1  -1  -1  -2  -3   0  -2  -3  -1   3   2  -3  -2  -2   11   0  23   0   0   0   0   0   0   0   0   0   0   0   0  57  10   0   0   0  0.40 0.03
  125 K    -1   2   0  -1  -4   1   1  -2  -1  -3  -3   5  -2  -4  -1  -1  -1  -3  -2  -3    0   0   0   0   0   0   0   0   0   0   0 100   0   0   0   0   0   0   0   0  0.68 0.05
  126 H    -2  -1   3  -1  -3   0  -1  -2   7  -3  -3  -1  -2   0  -3  -1  -2  -1   4  -3    0   0  20   0   0   0   0   0  52   0   0   0   0   0   0   0   0   0  27   0  0.68 0.05
  127 A     5  -2  -2  -2  -1  -1  -1   0  -2  -2  -2  -1  -1  -3  -1   1   0  -3  -2   0  100   0   0   0   0   0   0   0   0   0   0   0   0   0   0   0   0   0   0   0  0.54 0.05
  128 R    -2   5  -1  -2  -3   1   0  -3   4  -2  -1   2  -1  -2  -2  -1  -1  -3  -1  -2    0  61   0   0   0   0   0   0  21   0  10   9   0   0   0   0   0   0   0   0  0.52 0.04
  129 T     0  -1   0  -1  -1  -1  -1  -2  -2  -1  -2  -1  -1  -3  -1   2   5  -3  -2   0    0   0   0   0   0   0   0   0   0   0   0   0   0   0   0  11  89   0   0   0  0.58 0.05
  130 H     0  -1  -1  -2  -2   1  -1  -2   6   0   0  -1   1  -1  -2  -1  -1  -3   0   0   10   0   0   0   0  11   0   0  43   9   9   0   9   0   0   0   0   0   0  10  0.28 0.03
  131 K    -1   3  -1  -1  -3   0   0  -2  -1  -3  -3   3  -2  -4   6  -1  -1  -4  -3  -3    0  21   0   0   0   0   0   0   0   0   0  33   0   0  47   0   0   0   0   0  0.91 0.04
  132 D    -2  -2   1   7  -4  -1   1  -2  -1  -4  -4  -1  -4  -4  -2  -1  -1  -5  -4  -4    0   0   0 100   0   0   0   0   0   0   0   0   0   0   0   0   0   0   0   0  1.12 0.06
  133 A     3   2  -1  -1  -2   0   0  -1  -1  -2  -2   3  -1  -3  -1   0  -1  -3  -2  -1   43   9   0   0   0   0   0   0   0   0   0  48   0   0   0   0   0   0   0   0  0.34 0.03
  134 L    -2  -3  -4  -4  -2  -3  -3  -4  -3   1   4  -3   2   0  -3  -3  -2  -2  -1   1    0   0   0   0   0   0   0   0   0   0 100   0   0   0   0   0   0   0   0   0  0.57 0.04
  135 T     0  -1   0  -1  -1  -1  -1  -1  -2  -1  -2  -1  -1  -3  -1   3   5  -3  -2  -1    0   0   0   0   0   0   0   0   0   0   0   0   0   0   0  27  73   0   0   0  0.51 0.04
  136 A     1  -2   1  -2  -1  -2  -2  -2  -2   0   2  -2   0   3  -2   0  -1  -1   0   0   23   0  10   0   0   0   0   0   0   0  37   0   0  20   0  11   0   0   0   0  0.13 0.02
  137 E    -1   2   0   0  -3   1   2   3  -1  -3  -3   3  -2  -3  -2   0  -1  -3  -3  -3    0  11   0   0   0   0  20  36   0   0   0  33   0   0   0   0   0   0   0   0  0.42 0.02
  138 E    -1  -1   0   2  -4   2   5  -2   0  -4  -3   0  -2  -4  -1   0  -1  -3  -3  -3    0   0   0  10   0   0  90   0   0   0   0   0   0   0   0   0   0   0   0   0  0.83 0.05
  139 I    -1  -3  -4  -4  -1  -3  -3  -4  -3   3   3  -3   1   0  -3  -3  -1  -2  -1   2    0   0   0   0   0   0   0   0   0  43  47   0   0   0   0   0   0   0   0  10  0.40 0.03
  140 Q    -2   0  -2  -3  -3   1  -1  -3  -2  -3  -2   3  -2  -1  -3  -2  -2  10   1  -3    0   0   0   0   0  10   0   0   0   0   0  33   0   0   0   0   0  57   0   0  1.27 0.06
  141 K    -1   2   1   1  -3   3   2  -2   0  -2  -2   1   1  -3  -2   1  -1  -3  -2  -2    0  10  10   9   0  23  19   0   0   0   0  10  11   0   0   9   0   0   0   0  0.29 0.02
  142 M    -1  -2  -3  -4  -2  -1  -3  -3  -2   1   3  -2   6   0  -3  -2  -1  -2  -1   1    0   0   0   0   0   0   0   0   0   0  21   0  69   0   0   0   0   0   0  10  0.47 0.05
  143 L    -1  -2  -1  -2  -1  -1  -2  -3  -2   0   2  -2   1  -1  -2   0   4  -2  -2   0    0   0   0   0   0   0   0   0   0   0  43   0   0   0   0   0  57   0   0   0  0.32 0.03
  144 K    -1   1   2   1  -4   1   4  -2   0  -3  -3   3  -2  -4  -1   0  -1  -3  -2  -3    0   0  11   0   0   0  46   0   0   0   0  43   0   0   0   0   0   0   0   0  0.51 0.03
  145 T     2  -2   0   1  -2  -1  -1   3  -2  -2  -2  -1  -2  -3  -2   1   2  -3  -3  -1   30   0   0  11   0   0   0  37   0   0   0   0   0   0   0   0  23   0   0   0  0.36 0.02
  146 N    -2  -1   6   1  -3   1   0  -1   3  -4  -4   0  -2  -3  -2   0  -1  -4  -2  -3    0   0  80   0   0  10   0   0  11   0   0   0   0   0   0   0   0   0   0   0  0.72 0.05
  147 R    -2   6  -1  -2  -4   1   0  -3  -1  -3  -3   3  -2  -3  -2  -1  -1  -3  -2  -3    0  90   0   0   0   0   0   0   0   0   0  10   0   0   0   0   0   0   0   0  0.85 0.05
  148 D    -1  -1   0   3  -3   1   3  -2  -1  -1   0   0   1  -2  -2  -1  -1  -3  -2   0    0   0   0  27   0   0  42   0   0   0  11   0  10   0   0   0   0   0   0  10  0.33 0.02
  149 P     3  -2  -2  -2  -2  -1  -1  -1  -2  -2  -2  -1  -2  -3   6   0  -1  -3  -3  -1   57   0   0   0   0   0   0   0   0   0   0   0   0   0  43   0   0   0   0   0  0.84 0.04
  150 F    -2  -2   2  -2  -2  -2  -2  -3   0   0   0  -2   0   4  -3  -2  -1   5   4  -1    0   0  21   0   0   0   0   0   0  10  10   0   0  28   0   0   0   9  24   0  0.36 0.02
  151 D    -2  -2   1   7  -4  -1   1  -2  -1  -4  -4  -1  -4  -4  -2  -1  -1  -5  -4  -4    0   0   0 100   0   0   0   0   0   0   0   0   0   0   0   0   0   0   0   0  1.12 0.06
  152 I    -1   0  -3  -3   3  -2  -2  -3  -2   2   1  -2   0   3   3  -2  -1  -2   0   0    0  10   0   0  11   0   0   0   0  28  10   0   0  21  21   0   0   0   0   0  0.28 0.02
  153 T    -2  -1  -2  -3  -2  -1  -2  -3  -2   1   1   1   0   5  -3  -1   0  -1   1   0    0   0   0   0   0   0   0   0   0  13  10  21   0  47   0   0  10   0   0   0  0.25 0.03
  154 G     0  -3  -1  -2  -3  -2  -3   6  -2  -4  -4  -2  -3  -4  -3  -1  -2  -3  -4  -4    0   0   0   0   0   0   0 100   0   0   0   0   0   0   0   0   0   0   0   0  1.18 0.05
  155 W    -3   0  -3  -4  -3  -2  -3   0  -3  -3  -2  -2  -2   0  -4  -3  -3  11   1  -3    0  10   0   0   0   0   0  11   0   0   0   0   0   0   0   0   0  80   0   0  1.95 0.07
  156 L    -1  -3  -4  -4  -1  -3  -3  -4  -3   3   3  -3   2   0  -3  -3  -1  -2  -1   2    0   0   0   0   0   0   0   0   0  38  51   0   0   0   0   0   0   0   0  11  0.40 0.02
  157 S     3  -1  -1  -2  -1  -1  -1   0  -2  -1   0  -1  -1  -2  -1   3   0  -3  -2  -1   57   0   0   0   0   0   0   0   0   0  11   0   0   0   0  33   0   0   0   0  0.31 0.03
  158 D     1  -1   3   3  -2  -1   0   2  -1  -3  -3  -1  -2  -3  -2   2   0  -3  -3  -2   11   0  21  23   0   0   0  19   0   0   0   0   0   0   0  27   0   0   0   0  0.37 0.02
  159 Y    -1   1  -1  -2  -3   0   0  -2   0  -2  -2   4  -1   3  -2  -1  -1   0   4  -2    0   0   0   0   0   0   0   0   0   0   0  57   0  23   0   0   0   0  20   0  0.36 0.03
  160 G     0  -2  -2  -2  -2  -2  -2   4  -3   2   0  -2   1  -2  -2  -1   0  -3  -2   1    0   0   0   0   0   0   0  41   0  21   0   0   9   0   0   0  10   0   0  18  0.27 0.02
  161 E    -1   0  -1   1  -4   2   6  -3   0  -4  -3   1  -2  -4  -1   0  -1  -3  -2  -3    0   0   0   0   0   0 100   0   0   0   0   0   0   0   0   0   0   0   0   0  0.89 0.06
  162 W    -3  -3  -4  -5  -3  -3  -4  -3  -3  -3  -2  -4  -2   0  -4  -3  -3  12   2  -4    0   0   0   0   0   0   0   0   0   0   0   0   0   0   0   0   0 100   0   0  2.74 0.09
  163 K    -1   0  -1  -2  -2   0  -1   1  -2   2  -1   3  -1  -2  -2  -1   0  -3  -2   0    0   0   0   0   0   0   0  17   0  30   0  43   0   0   0   0   9   0   0   0  0.15 0.02
  164 I    -1  -3  -4  -4  -1  -3  -3  -4  -3   3   3  -3   1   0  -3  -2  -1  -2  -1   3    0   0   0   0   0   0   0   0   0  23  48   0   0   0   0   0   0   0   0  29  0.37 0.02
  165 L    -2  -3  -4  -4  -2  -3  -3  -4  -3   1   4  -3   2   0  -3  -3  -2  -2  -1   1    0   0   0   0   0   0   0   0   0   0 100   0   0   0   0   0   0   0   0   0  0.57 0.04
  166 H    -2  -2  -1  -3  -3  -1  -2  -3   6  -2  -2  -2  -2   2  -3  -2  -2   1   7  -2    0   0   0   0   0   0   0   0  33   0   0   0   0   0   0   0   0   0  67   0  0.87 0.05
  167 T     0  -2   1  -2  -1  -1  -2  -2  -1   2   1  -2   2   0  -2   0   2  -2   1   1    9   0  11   0   0   0   0   0   0  19   9   0  11   0   0   0  23   0  10  10  0.11 0.01
  168 L    -2  -3  -4  -4  -2  -3  -3  -4  -3   1   4  -3   2   0  -3  -3  -2  -2  -1   1    0   0   0   0   0   0   0   0   0   0 100   0   0   0   0   0   0   0   0   0  0.57 0.04
  169 A     4  -2  -2  -2   5  -1  -2   0  -2  -2  -2  -1  -1  -3  -1   1   0  -3  -2  -1   79   0   0   0  21   0   0   0   0   0   0   0   0   0   0   0   0   0   0   0  0.49 0.04
  170 Q    -1   3   0  -1  -3   3   1  -2  -1  -3  -3   4  -1  -3  -1   0  -1  -3  -2  -3    0  18   0   0   0  23   0   0   0   0   0  51   0   0   0   9   0   0   0   0  0.48 0.03
  171 D    -2  -2   1   7  -4  -1   1  -2  -1  -4  -4  -1  -4  -4  -2  -1  -1  -5  -4  -4    0   0   0 100   0   0   0   0   0   0   0   0   0   0   0   0   0   0   0   0  1.12 0.06
  172 K    -1   1   0   2  -3   2   3  -2   0  -3  -2   3  -2  -3  -1   0  -1  -3  -2  -2    1   1   1  12   0  10  37   1   0   1   1  31   0   0   1   1   1   0   0   1  0.40 0.02
  173 N    -1  -1   4   3  -3   1   3  -1   0  -3  -3   0  -2  -3  -2   1   0  -4  -2  -3    0   0  33  19   0   0  38   0   0   0   0   0   0   0   0  11   0   0   0   0  0.52 0.03
  174 G     0  -3  -1  -2  -3  -2  -3   6  -2  -4  -4  -2  -3  -4  -3  -1  -2  -3  -4  -4    0   0   0   0   0   0   0 100   0   0   0   0   0   0   0   0   0   0   0   0  1.18 0.05
  175 L    -2  -3  -3  -4  -2  -3  -3  -4  -1   0   3  -3   1   5  -4  -3  -2   0   3   0    0   0   0   0   0   0   0   0   0   0  43   0   0  46   0   0   0   0  11   0  0.49 0.03
  176 L    -2  -3  -4  -4  -2  -3  -3  -4  -3   1   4  -3   2   0  -3  -3  -2  -2  -1   1    0   0   0   0   0   0   0   0   0   0 100   0   0   0   0   0   0   0   0   0  0.57 0.04
  177 S     0   1   0  -1  -2   0   0  -1   4  -3  -3   0  -2  -3   2   3   2  -3  -1  -2    0  10   0   0   0   0   0   0  21   0   0   0   0   0  11  46  13   0   0   0  0.36 0.03
  178 E    -1   2   0   0  -4   1   3  -2  -1  -3  -3   5  -2  -4  -1   0  -1  -3  -2  -3    0   0   0   0   0   0  23   0   0   0   0  77   0   0   0   0   0   0   0   0  0.57 0.04
  179 K    -1   0   0   3  -4   1   5  -2  -1  -4  -3   1  -2  -4  -1   0  -1  -4  -3  -3    0   0   0  23   0   0  67   0   0   0   0  10   0   0   0   0   0   0   0   0  0.68 0.04
  180 S     4  -2  -1  -2  -1  -1  -1   0  -2   0  -1  -1  -1  -2  -1   1   1  -3  -2   0   69   0   0   0   0   0   0   0   0  11   0   0   0   0   0  10  10   0   0   0  0.32 0.03
  181 V    -1  -3  -3  -4  -1  -3  -3  -4  -4   4   1  -3   1  -1  -3  -2   0  -3  -2   4    0   0   0   0   0   0   0   0   0  37   0   0   0   0   0   0   0   0   0  63  0.43 0.03
  182 R    -2   6  -1  -2  -4   1   0  -3  -1  -3  -3   2  -2  -3  -3  -1  -2  -3  -2  -3    0 100   0   0   0   0   0   0   0   0   0   0   0   0   0   0   0   0   0   0  0.94 0.06
  183 A     2   3  -1  -2  -2   0  -1   3  -1  -3  -3   0  -2  -3  -2   0  -1  -3  -2  -2   31  36   0   0   0   0   0  34   0   0   0   0   0   0   0   0   0   0   0   0  0.40 0.03
  184 I     1  -3  -3  -3   7  -3  -3  -3  -3   1   0  -3   0  -2  -3  -1  -1  -3  -2   2   10   0   0   0  46   0   0   0   0  10   0   0   0   0   0   0   0   0   0  34  0.55 0.04
  185 Y    -2  -2  -3  -4  -3  -2  -3  -4   1  -1  -1  -3  -1   5  -4  -2  -2   2   7  -1    0   0   0   0   0   0   0   0   0   0   0   0   0  37   0   0   0   0  63   0  0.89 0.05
  186 D    -2  -2   1   7  -4  -1   1  -2  -1  -4  -4  -1  -4  -4  -2  -1  -1  -5  -4  -4    0   0   0 100   0   0   0   0   0   0   0   0   0   0   0   0   0   0   0   0  1.12 0.06
  187 G     0  -3  -1  -2  -3  -2  -3   6  -2  -4  -4  -2  -3  -4  -3  -1  -2  -3  -4  -4    0   0   0   0   0   0   0 100   0   0   0   0   0   0   0   0   0   0   0   0  1.18 0.05
  188 S     1  -1   0  -1  -1   0   0  -1  -1  -3  -3  -1  -2  -3  -1   5   1  -3  -2  -2    0   0   0   0   0   0   0   0   0   0   0   0   0   0   0 100   0   0   0   0  0.59 0.05
  189 L    -2  -3  -4  -4  -2  -3  -3  -4  -3   1   4  -3   2   0  -3  -3  -2  -2  -1   1    0   0   0   0   0   0   0   0   0   0 100   0   0   0   0   0   0   0   0   0  0.57 0.04
  190 F    -3  -3  -4  -4  -3  -4  -4  -4  -2   0   0  -4   0   7  -4  -3  -3   1   3  -1    0   0   0   0   0   0   0   0   0   0   0   0   0 100   0   0   0   0   0   0  0.98 0.06
  191 H    -1   0   0   1  -4   3   5  -2   3  -4  -3   1  -2  -3  -2   0  -1  -3  -2  -3    0   0   0   0   0  13  77   0  10   0   0   0   0   0   0   0   0   0   0   0  0.70 0.04
  192 Q    -1   0  -1  -1  -3   4   0  -2   0  -2  -2   1  -1   2  -2   0  -1   0   4  -2    0   0   0   0   0  43   0   0   0   0   0  10   0  11   0  10   0   0  26   0  0.36 0.03
  193 L    -1  -3  -4  -4   6  -3  -3  -4  -3   2   3  -3   1   0  -3  -2  -1  -2  -2   1    0   0   0   0  26   0   0   0   0  20  54   0   0   0   0   0   0   0   0   0  0.45 0.03
  194 E     3  -1  -1   0  -2   0   3  -1  -1  -2  -2   0  -2  -3  -1   0  -1  -3  -2  -1   57   0   0   0   0   0  43   0   0   0   0   0   0   0   0   0   0   0   0   0  0.40 0.04
  195 K    -1   2   0  -1  -4   2   2  -2  -1  -3  -3   5  -2  -4  -1   0  -1  -3  -2  -3    0   0   0   0   0  10  11   0   0   0   0  80   0   0   0   0   0   0   0   0  0.57 0.04
  196 K    -1   1   1   0  -3   4   2  -2   0  -1  -1   2   1  -3  -2   0  -1  -3  -2  -1    0   0   9   0   0  41  10   0   0   9   0  23   9   0   0   0   0   0   0   0  0.32 0.03
  197 R    -2   5  -1  -2  -4   2   0  -3   0  -3  -2   2  -2  -1  -3  -1  -1  -1   3  -3    0  74   0   0   0   9   0   0   0   0   0   0   0   0   0   0   0   0  17   0  0.64 0.04
  198 S     2   2   0  -1  -1   0  -1  -1  -1  -2  -2   0  -1  -3  -1   3   2  -3  -2  -1   27  19   0   0   0   0   0   0   0   0   0   0   0   0   0  43  11   0   0   0  0.31 0.03
  199 S     0  -1   2   0  -2   0   1   3  -1  -3  -3   0  -2  -3  -1   3   0  -3  -2  -2    0   0  13   0   0   0  13  24   0   0   0   0   0   0   0  50   0   0   0   0  0.38 0.02
  200 S     2   0   0  -1  -1   0   0  -1  -1   0  -2   2  -1  -2  -1   3   0  -3  -2  -1   25   0   0   0   0   0   0   0   0  12   0  24   0   0   0  39   0   0   0   0  0.21 0.02
  201 S     0  -1   0   0  -2   0   1  -1   3  -2  -2   0  -2  -2  -1   3   2  -3  -1  -2    0   0   0   0   0   0  14   0  15   0   0   0   0   0   0  44  26   0   0   0  0.32 0.02
  202 S     0  -1   1   3  -2   0   2  -1  -1  -3  -3   0  -2  -3  -1   3   1  -3  -2  -2    0   0   0  21   0   0  22   0   0   0   0   0   0   0   0  57   0   0   0   0  0.41 0.01
  203 R    -1   4   0  -1  -3   1   0  -2  -1  -3  -3   4  -2  -3  -2  -1  -1  -3  -2  -3    0  38   0   0   0   0   0   0   0   0   0  62   0   0   0   0   0   0   0   0  0.57 0.02
  204 G     0  -1  -1  -1  -2   2  -1   4  -1  -2  -1  -1   2  -2  -2  -1  -1  -2  -2  -2    0   0   0   0   0  26   0  49   0   0   0   0  26   0   0   0   0   0   0   0  0.36 0.01
  205 K    -1   2   0  -1  -3   1   1  -2  -1  -3  -3   5  -2  -3  -1   0  -1  -3  -2  -2    0   0   0   0   0   0   0   0   0   0   0 100   0   0   0   0   0   0   0   0  0.56 0.02
  206 K    -1   2   0  -1  -3   1   1  -2  -1  -3  -3   5  -1  -3  -1   0  -1  -3  -2  -2    0   0   0   0   0   0   0   0   0   0   0 100   0   0   0   0   0   0   0   0  0.51 0.00
  207 Q    -1   1   0   0  -3   6   2  -2   0  -3  -2   1   0  -3  -1   0  -1  -2  -2  -2    0   0   0   0   0 100   0   0   0   0   0   0   0   0   0   0   0   0   0   0  0.65 0.00
  208 K    -1   2   0  -1  -3   1   1  -2  -1  -3  -3   5  -1  -3  -1   0  -1  -3  -2  -2    0   0   0   0   0   0   0   0   0   0   0 100   0   0   0   0   0   0   0   0  0.51 0.00
  209 L    -2  -2  -4  -4  -1  -2  -3  -4  -3   2   4  -3   2   0  -3  -3  -1  -2  -1   1    0   0   0   0   0   0   0   0   0   0 100   0   0   0   0   0   0   0   0   0  0.45 0.00
  210 P    -1  -2  -2  -2  -3  -1  -1  -2  -2  -3  -3  -1  -3  -4   8  -1  -1  -4  -3  -3    0   0   0   0   0   0   0   0   0   0   0   0   0   0 100   0   0   0   0   0  2.04 0.00

                      K         Lambda
Standard Ungapped    0.1329     0.3165
Standard Gapped      0.0410     0.2670
PSI Ungapped         0.1329     0.3165
PSI Gapped           0.0410     0.2670
