
Last position-specific scoring matrix computed, weighted observed percentages rounded down, information per position, and relative weight of gapless real matches to pseudocounts
            A   R   N   D   C   Q   E   G   H   I   L   K   M   F   P   S   T   W   Y   V   A   R   N   D   C   Q   E   G   H   I   L   K   M   F   P   S   T   W   Y   V
    1 M    -1  -1  -2  -3  -1   0  -2  -3  -2   1   2  -1   5   0  -2  -1  -1  -1  -1   1    0   0   0   0   0   0   0   0   0   0   0   0   0   0   0   0   0   0   0   0  0.00     0.00
    2 V     0  -2  -3  -3  -1  -2  -2  -3  -3   2   1  -2   1  -1  -2  -2   0  -3  -1   4    0   0   0   0   0   0   0   0   0   0   0   0   0   0   0   0   0   0   0   0  0.00     0.00
    3 P    -1  -2  -2  -1  -3  -1  -1  -2  -2  -3  -3  -1  -2  -4   7  -1  -1  -4  -3  -2    0   0   0   0   0   0   0   0   0   0   0   0   0   0   0   0   0   0   0   0  0.00     0.00
    4 S     1  -1   1   0  -1   0   0   0  -1  -2  -2   0  -1  -2  -1   4   1  -3  -2  -2    0   0   0   0   0   0   0   0   0   0   0   0   0   0   0   0   0   0   0   0  0.00     0.00
    5 N    -1   0   6   1  -3   0   0   0   1  -3  -3   0  -2  -3  -2   1   0  -4  -2  -3    0   0   0   0   0   0   0   0   0   0   0   0   0   0   0   0   0   0   0   0  0.00     0.00
    6 G     0  -2   0  -1  -2  -2  -2   5  -2  -4  -4  -1  -3  -3  -2   0  -2  -2  -3  -3    0   0   0   0   0   0   0   0   0   0   0   0   0   0   0   0   0   0   0   0  0.00     0.00
    7 A     4  -1  -1  -2   0  -1  -1   0  -2  -1  -1  -1  -1  -2  -1   1   0  -2  -2   0    0   0   0   0   0   0   0   0   0   0   0   0   0   0   0   0   0   0   0   0  0.00     0.00
    8 K    -1   2   0  -1  -3   1   1  -1  -1  -3  -2   4  -1  -3  -1   0  -1  -3  -2  -2    0   0   0   0   0   0   0   0   0   0   0   0   0   0   0   0   0   0   0   0  0.00     0.00
    9 V    -1  -3  -3  -3  -1  -3  -3  -4  -3   4   1  -3   1  -1  -3  -2   0  -3  -1   3    0   0   0   0   0   0   0   0   0  50   0   0   0   0   0   0   0   0   0  50  0.35 0.00
   10 L    -1  -3  -4  -4  -1  -3  -3  -4  -3   3   3  -3   2   0  -3  -3  -1  -2  -1   2    0   0   0   0   0   0   0   0   0  50  50   0   0   0   0   0   0   0   0   0  0.37 0.00
   11 R    -1   4   0  -1  -3   4   1  -2   0  -3  -2   2  -1  -3  -2   0  -1  -2  -2  -3    0  50   0   0   0  50   0   0   0   0   0   0   0   0   0   0   0   0   0   0  0.57 0.00
   12 L    -2  -2  -4  -4  -1  -2  -3  -4  -3   2   4  -3   2   0  -3  -3  -1  -2  -1   1    0   0   0   0   0   0   0   0   0   0 100   0   0   0   0   0   0   0   0   0  0.48 0.01
   13 L    -1  -1  -1  -2  -2   3   0   3  -1  -1   1  -1   0  -2  -2  -1  -1  -2  -2  -1    0   0   0   0   0  33   0  33   0   0  33   0   0   0   0   0   0   0   0   0  0.23 0.01
   14 S     1  -1   1   0  -1   0   0   0  -1  -3  -3   0  -2  -3  -1   4   1  -3  -2  -2    0   0   0   0   0   0   0   0   0   0   0   0   0   0   0 100   0   0   0   0  0.49 0.02
   15 R    -1   5   0  -2  -3   1   0  -2  -1  -2  -2   1  -1  -3  -2   0   2  -3  -2  -2    0  67   0   0   0   0   0   0   0   0   0   0   0   0   0   0  33   0   0   0  0.48 0.01
   16 R    -1   3  -2  -3   6  -1  -2  -3  -2   0  -1   0  -1  -2  -3  -1  -1  -3  -2   2    0  33   0   0  33   0   0   0   0   0   0   0   0   0   0   0   0   0   0  33  0.34 0.01
   17 C     0  -3  -3  -4   8  -3  -3  -3  -3   1  -1  -3  -1  -2  -3  -1  -1  -3  -2   2    0   0   0   0  67   0   0   0   0   0   0   0   0   0   0   0   0   0   0  33  0.76 0.02
   18 L     2  -2  -2  -2  -1  -2  -2   3  -2   0   1  -2   0  -1  -2   0  -1  -2  -2   0   33   0   0   0   0   0   0  33   0   0  33   0   0   0   0   0   0   0   0   0  0.24 0.01
   19 S     0   0  -1  -1  -2   3   0  -2  -1  -1   1   0   0  -1  -2   2   0  -2  -2  -1    0   0   0   0   0  33   0   0   0   0  33   0   0   0   0  33   0   0   0   0  0.18 0.01
   20 S    -1  -1   0  -2  -2   0  -1  -2   6  -3  -3  -1  -2  -1  -2   1  -1   7   1  -3    0   0   0   0   0   0   0   0  52   0   0   0   0   0   0  24   0  24   0   0  0.71 0.03
   21 S     2  -1   0  -1  -1   0   0   0  -1  -2  -2   0  -2  -3  -1   4   1  -3  -2  -1   26   0   0   0   0   0   0   0   0   0   0   0   0   0   0  74   0   0   0   0  0.41 0.02
   22 L    -2  -3  -4  -4  -2  -3  -3  -4  -3   2   3  -3   1   3  -3  -3  -1  -1   1   1    0   0   0   0   0   0   0   0   0  24  51   0   0  25   0   0   0   0   0   0  0.36 0.01
   23 I    -1   2  -2  -2  -2  -1  -2  -3  -2   3   0   0   0  -1  -2  -1   2  -3  -2   1    0  24   0   0   0   0   0   0   0  51   0   0   0   0   0   0  25   0   0   0  0.18 0.02
   24 Q    -1   0   3   0  -3   3   3  -2   0  -3  -3   0  -2  -4   4   0  -1  -3  -2  -3    0   0  25   0   0  24  26   0   0   0   0   0   0   0  24   0   0   0   0   0  0.57 0.02
   25 D     0  -1   1   3  -2   3   1  -1  -1  -3  -3   0  -2  -3  -1   3   0  -3  -2  -2    0   0   0  24   0  24   0   0   0   0   0   0   0   0   0  52   0   0   0   0  0.39 0.02
   26 L    -1  -2  -2  -3  -2  -2  -2  -2  -2   0   3  -2   1   3  -3   1  -1  -1   0   0    0   0   0   0   0   0   0   0   0   0  51   0   0  24   0  25   0   0   0   0  0.21 0.01
   27 A     4  -2  -2  -2  -1  -1  -1   0  -2  -2  -2  -1  -1  -2  -1   1   0  -3  -2   0  100   0   0   0   0   0   0   0   0   0   0   0   0   0   0   0   0   0   0   0  0.46 0.03
   28 N     0  -1   3   0  -2  -1  -1   3  -1   0  -1  -1  -1  -2  -1   0   0  -2  -2   1    2   1  25   1   0   1   2  28   1   1   2   1   1   1   1   2   1   0   1  26  0.16 0.01
   29 Q    -1   3   0   3  -3   4   1  -2   0  -3  -3   1  -1  -3  -2   0  -1  -3  -2  -3    0  24   0  26   0  50   0   0   0   0   0   0   0   0   0   0   0   0   0   0  0.51 0.02
   30 K     1   1   0  -1  -2   4   1  -1   0  -3  -2   2  -1  -3  -1   0  -1  -3  -2  -2   24   0   0   0   0  52   0   0   0   0   0  24   0   0   0   0   0   0   0   0  0.40 0.02
   31 L    -1  -2  -3  -3  -2  -2  -3  -3  -2   1   3  -2   1   0   3  -2  -1  -1   2   1    0   0   0   0   0   0   0   0   0   0  49   0   0   0  18   0   0   0  16  16  0.35 0.03
   32 R    -2   3  -1  -2  -3   2  -1  -3   0  -2  -1   0  -1   4  -3  -1  -2   0   3  -2    0  32   0   0   0  18   0   0   0   0   0   0   0  33   0   0   0   0  16   0  0.38 0.04
   33 G     0   2  -1  -1  -3   2   0   1  -1  -3  -3   0  -2  -3   5   1  -1  -3  -2  -3    0  16   0   0   0  17   0  15   0   0   0   0   0   0  34  17   0   0   0   0  0.60 0.03
   34 V    -1   0  -1  -1  -2   2   0  -2   3  -1   0   2   0  -2  -2   1   1  -3  -1   0    0   0   0   0   0  12   0   0  12   0  12  28   0   0   0  12  13   0   0  11  0.15 0.04
   35 C    -1   1  -1  -1   5  -1   1  -2   2  -2  -2  -1  -2   1   2   1   1  -2   0  -2    0   9   0   0  20   0  12   0  11   0   0   0   0  13  10  11  14   0   0   0  0.25 0.05
   36 I     1  -3  -3  -3  -1  -2  -3  -3  -3   3   1  -2   1  -1  -3   0  -1  -3  -2   3   12   0   0   0   0   0   0   0   0  43  10   0   0   0   0  10   0   0   0  25  0.27 0.06
   37 G     1   0   2  -1  -3   0   1   3  -1  -3  -3   2  -2  -3  -2   0   1  -3  -3  -2   11   0  13   0   0   0   9  34   0   0   0  21   0   0   0   0  12   0   0   0  0.34 0.05
   38 S    -1  -1   2  -1  -2  -1  -1  -2   6  -1  -1  -1   2  -2  -2   1  -1  -3   0   0    0   0  10   0   0   0   0   0  44   0   0   0  13   0   0  19   0   0   0  14  0.42 0.09
   39 Y     1  -1   3  -1   3  -1  -1  -1  -1  -2  -2  -1  -2  -2  -2   2   2  -2   1  -1   13   0  24   0  10   0   0   0   0   0   0   0   0   0   0  21  21   0  10   0  0.29 0.06
   40 R    -1   4   0  -1  -3   2   0  -2  -1  -3  -3   3  -2  -3  -2   1   1  -3  -2  -2    0  40   0   0   0  10   0   0   0   0   0  27   0   0   0  11  12   0   0   0  0.48 0.07
   41 R    -2   4   2  -1  -3   0  -1  -2   6  -3  -3   1  -2  -3  -3  -1   1  -3  -1  -3    0  44  14   0   0   0   0   0  32   0   0   0   0   0   0   0  10   0   0   0  0.60 0.10
   42 L     1   2  -1  -2  -2   1  -1  -2   2   0   1   0   0  -1  -2   0  -1  -3  -1   0   14  23   0   0   0   9   0   0  10  11  23   0   0   0   0  10   0   0   0   0  0.13 0.04
   43 N    -2   0   5   0  -3   0  -1   1   0  -3  -3   2  -2  -2  -2   0  -1  -3   2  -3    0   0  53   0   0   0   0  10   0   0   0  26   0   0   0   0   0   0  10   0  0.51 0.09
   44 T     1  -2   3  -1  -2  -1  -1  -1  -1   0  -2  -1  -1   1   2   2   1  -3  -1  -1   12   0  25   0   0   0   0   0   0  10   0   0   0  11  13  20  10   0   0   0  0.23 0.05
   45 S     2   1  -1  -2  -1  -1  -1   1  -2   0  -1  -1  -1  -2  -2   2   0  -3  -2   0   22  10   0   0   0   0   0  14   0  11   0   0   0   0   0  32   0   0   0  11  0.18 0.05
   46 V     0  -2  -2  -2  -2  -2  -2   1  -2   2   2  -2   0  -1   3  -1  -1  -2  -2   1   11   0   0   1   0   0   1  13   0  22  25   1   0   0  14   1   1   0   0  10  0.18 0.03
   47 G     1  -1   0  -1  -1   1   0   1  -1  -2  -2  -1  -1  -1  -1   3   2  -2   2  -1   13   0   0   1   0  11   1  10   0   0   1   1   0   0   0  35  14   0  11   1  0.23 0.05
   48 N     1   1   3   0  -2   2   0  -1  -1  -3  -3   0  -2  -3  -2   3   0  -3  -2  -2   13  11  21   0   0  14   0   0   0   0   0   0   0   0   0  41   0   0   0   0  0.36 0.07
   49 H     1  -1   0  -1  -2   1   0  -1   4  -3  -3  -1  -2  -3  -2   3   2  -3  -1  -2   13   0   0   0   0   9   0   0  20   0   0   0   0   0   0  45  12   0   0   0  0.38 0.08
   50 A     3  -2  -2  -3   6   1  -1  -2  -2  -1  -2  -1  -1  -3  -2   0   1  -3  -2   0   37   0   0   0  32  13   0   0   0   0   0   0   0   0   0   0   9   0   0   8  0.47 0.09
   51 N     0   1   3   2  -2  -1  -1  -1  -1   0  -2  -1  -1  -3  -2   1   2  -3  -2  -1    9   9  27  12   0   0   0   0   0  10   0   0   0   0   0   9  23   0   0   0  0.25 0.06
   52 V     1   1   1  -2   4   1  -1  -2  -2   0   0   1  -1  -2  -2  -1  -1  -3  -2   1   17  11  11   0  16   8   0   0   0   0   8   8   0   0   0   0   0   0   0  21  0.15 0.06
   53 I    -2  -2   0  -3  -2  -2  -3  -3  -2   1   3  -2   2   3  -3   0  -1  -1   2   0    0   0   8   0   0   0   0   0   0   7  39   0   9  17   0  11   0   0   8   0  0.24 0.07
   54 G     0   2   0   1  -3   0  -1   3   2  -3  -3   1  -2  -3  -2   0  -1  -3  -2  -3    9  22   0  11   0   0   0  33   8   0   0   9   0   0   0   8   0   0   0   0  0.36 0.07
   55 D     0  -1   3   1  -2   0   1   1  -1  -2  -3   1  -2  -3  -2   2   0  -3  -2  -1    1   0  22   8   0   0   9  10   0   0   1   9   0   0   0  31   0   0   0   9  0.25 0.06
   56 Y     2  -1  -2  -2  -2   2  -1  -2  -1   1  -1  -1  -1  -1   2   0  -1  -2   1   1   28   0   0   0   0  23   0   1   0   9   1   0   0   0   9   0   0   0   8  19  0.18 0.06
   57 A     4  -1  -1  -2  -1  -1  -1   2  -2  -2  -3   1  -2  -3  -2   1  -1  -3  -3  -1   61   0   0   0   0   0   0  19   0   0   0   9   0   0   0  11   0   0   0   0  0.45 0.10
   58 S     1   1  -1  -2  -2  -1   0   0  -2   2  -1  -1  -1  -2   2   1  -1  -3  -2   0   19  11   0   0   0   0   9   8   0  30   0   0   0   0   9  14   0   0   0   0  0.13 0.06
   59 K     0   2   2   0  -3   3   2  -2  -1  -3  -3   3  -2  -4  -2   0  -1  -3  -2  -3    8   9  11   0   0  19  17   0   0   0   0  37   0   0   0   0   0   0   0   0  0.44 0.08
   60 S     1   1   1  -1  -2   0   0   1  -1  -3  -3   2  -2  -3  -1   3   0  -3  -2  -2   11   8   9   0   0   0   0   8   0   0   1  21   0   0   0  38   0   0   0   0  0.29 0.07
   61 G     0   1   1  -1  -2  -1  -1   4  -1  -3  -3  -1  -2  -3   1   2   1  -3  -2  -2    1  11   8   0   0   0   0  36   0   0   1   0   0   0   8  24   8   0   0   0  0.38 0.07
   62 H     2  -1  -2  -2  -2  -1  -1   0   1   0   0   0   5  -1  -2  -1  -1  -2  -1   1   27   1   1   1   0   1   1   9   6   1   1   7  33   0   1   1   1   0   0   9  0.20 0.10
   63 D    -1   3   0   1  -3   2   2   0  -1  -2  -2   2  -2  -3  -2   1  -1  -3  -2  -1    0  22   0   6   0  13  17   6   0   0   1  14   0   0   0  13   0   0   0   6  0.28 0.07
   64 R     0   5   0   0  -3   0   0  -2  -1  -3   0   1  -2  -2   0   0  -1  -3   0  -2    8  45   4   6   0   0   6   0   0   0  10   6   0   0   4   4   0   0   4   0  0.37 0.13
   65 K     0   1  -2  -2  -3  -1   1  -2  -2   1  -2   2  -2  -3   5  -1   1  -4  -3   0    9   9   0   0   0   0   9   0   0  12   0  15   0   0  31   0   9   0   0   5  0.46 0.12
   66 W    -1  -1  -3  -4  -3  -3  -3   1  -3   0  -1  -3  -2   3   1  -2  -3   9   0  -2    4   4   0   0   0   0   1  12   0   6   6   1   0  16   8   1   1  38   0   1  0.97 0.21
   67 I     0   1  -1   0  -2   0   0  -1  -2   1   0   1   0  -2  -2   0  -1  -3  -2   2    5   8   0   8   0   4   4   5   0   9  10   9   0   0   0   8   1   0   0  27  0.07 0.06
   68 N     0   0  -1  -2   2   1  -1  -2  -2   0   2  -1   0   0  -2   1   0  -2  -1   0    7   7   3   0   6  11   1   1   0   0  33   0   0   5   0  13   5   0   0   5  0.12 0.09
   69 F    -1  -1  -3  -4   1  -2  -3  -1  -3   0   3  -2   2   3  -3  -2   0  -2  -1   1    4   4   0   0   4   0   0   4   0   0  37   0   7  16   0   0   7   0   0  15  0.26 0.12
   70 G     2  -1  -1   0  -2   1   0   1  -2  -1  -1  -1  -1  -1  -2   1   2  -3  -2   0   20   3   0   4   0   9   4  11   0   4   5   0   0   3   0  12  17   0   0   7  0.13 0.08
   71 G     2   0  -2  -2  -3   0  -1   4  -2  -3  -1  -2   0  -3   0   0  -1   3  -2  -2   21   5   0   0   0   3   4  39   0   0   5   0   3   0   3   7   3   5   0   0  0.39 0.14
   72 F     0  -1  -1  -1  -2  -2  -2  -1  -2   0   2  -1   1   3  -3   0   1   3   0   0    6   4   3   4   0   0   0   3   0   3  24   3   2  16   0   7  14   4   0   7  0.12 0.09
   73 N     0   2   2   1  -3   1   0  -2  -2  -3  -2   3  -2  -4   1   2  -1  -4  -3  -3    4  11  11   7   0   4   3   0   0   0   3  23   0   0   7  27   0   0   0   0  0.35 0.15
   74 T     0   2   1   1  -3   1  -1  -1   1  -2  -1   0  -2  -1  -2   3   0  -3  -2  -1    6  13   6   7   0   8   0   2   5   2   7   3   0   4   0  31   2   0   0   3  0.19 0.12
   75 N    -1   0   2   1  -2  -1  -1  -1   0  -1  -1  -1  -1   2  -2   1   1   3   1  -1    3   6  16  10   0   0   0   5   2   4   3   3   0  12   0  12   8   4   7   5  0.12 0.08
   76 F     0  -1  -2  -3  -2   0  -2  -3  -2  -1   1  -1   1   4  -1   1  -1  -2   0  -1    9   4   0   0   0   7   0   0   0   0  16   3   5  30   3  18   0   0   0   4  0.25 0.15
   77 G     0  -1  -1   0  -2   2   1   0   0   1   0   0  -1   1  -1   0  -1  -2   0   0   11   0   0   4   0  19   8   8   2  14   9   3   0   7   2   4   2   0   3   2  0.07 0.08
   78 S     0   0  -1  -1   2   2   2  -2   0  -1  -1   0  -1   0   2   0   0   2   1  -2    7   4   0   0   6  11  18   0   3   5   6   3   0   6  11   9   3   4   4   0  0.16 0.09
   79 T     1  -1  -2  -2   1  -1  -2   1  -2  -2  -2  -1  -2   1   2   0   2   6  -1  -2   14   4   0   0   3   2   0  14   0   0   0   2   0   8  10   6  17  14   0   2  0.34 0.14
   80 R     0   5  -2  -2  -4   1   2  -2  -1  -2  -3   3   0  -3  -2  -1  -1  -3   0  -3    6  40   0   0   0   3  16   3   0   3   1  16   2   0   0   2   2   0   3   0  0.51 0.19
   81 S     1   1   0  -2   3  -1   0  -2  -1  -2  -1   2   0   0   0   1   0  -2   2  -1   11   6   3   0   8   0   7   0   0   0   3  17   2   3   4  15   6   0  10   4  0.14 0.10
   82 F     0   1  -2  -2  -2   0  -1  -1   0   1   1  -1   0   2  -2  -1   0  -1   2   1    7  10   0   0   0   7   3   6   3   7  19   2   2  10   0   0   6   0   9  10  0.07 0.06
   83 H     1   1  -1  -1  -3   1  -1  -1   5  -3  -1  -1   0  -1  -3   1  -1  -2   3  -2   11   8   0   4   0   8   2   4  21   0   4   2   3   0   0  17   0   0  13   3  0.29 0.16
   84 G     0   0  -1   1  -2  -1   2   1  -2  -1  -1   0   0   0  -2   1   2  -3  -2  -2    7   4   0   8   0   0  16  12   0   3   7   3   3   5   0  10  22   0   0   0  0.16 0.11
   85 T     0  -2   0  -1  -2   0  -1   1  -2  -1   0   0  -1   1  -2   2   3  -3  -2  -2    2   0   2   3   0   3   3   9   0   2  11   5   0  10   0  24  24   0   0   0  0.20 0.14
   86 G     0   0   0  -1  -2  -1   0   1   0   0  -1   0  -1   1   0   1   0  -3  -1   0    6   4   3   3   0   0   8  13   2   5   2   5   0   8   5  19   6   0   0  11  0.08 0.06
   87 S     0   1   0   2  -3   0   2   0   2  -3  -3   1  -2  -2  -1   1  -1  -3  -1  -2    6   9   3  13   0   1  21   7   6   1   0   9   0   1   2  14   0   0   2   2  0.25 0.11
   88 S     0   1   1  -1   0   0   0  -2  -2   0   0   1  -1  -2   1   2   0  -3  -2   0    9   8   9   0   2   2   7   0   0   6  11   9   0   0   7  21   5   0   0   4  0.12 0.08
   89 F    -2   0  -2  -3  -3  -1   0  -3  -2   1   1   1   5   1  -1   0  -2  -2   2   0    0   4   2   0   0   2   6   0   0   9  10  12  24   7   2   6   0   0  11   5  0.23 0.16
   90 M    -1  -1  -2  -5   2   1  -3  -4  -4  -1   0  -2   8  -1  -4  -2  -2   3  -2  -1    5   3   2   0   5   7   1   0   0   2   6   1  56   2   0   2   1   4   1   2  1.15 0.47
   91 S     3  -2   1   2  -3   0   1   0  -2  -3  -3   0  -2  -4  -1   3   1  -4  -3  -2   27   1   7  11   0   2   7   6   0   0   0   4   1   0   1  23   6   0   0   2  0.34 0.21
   92 A     0   1   1   0  -3   1   2  -2  -2  -2  -2   4  -2  -2  -2   1   0  -4  -2  -3    5   6   7   3   0   4  11   2   0   2   4  37   0   2   1   8   4   0   1   1  0.35 0.21
   93 K    -1   4  -1   0  -4   2   1  -3  -1  -3  -2   4  -2  -3  -2  -1   0  -4  -3  -3    3  30   1   5   0  10   6   0   1   1   4  26   1   1   1   2   6   0   0   1  0.55 0.27
   94 D    -3  -2   3   7   0  -3   1  -3  -3  -5  -4  -2  -5  -5  -4  -1  -1  -6  -5  -4    1   2  15  61   2   0   7   1   0   0   1   1   0   0   0   2   3   0   0   1  1.30 0.49
   95 Y     1  -4  -4  -5   0  -4  -4  -5   4  -3  -1  -4  -3   3   0  -2  -4   1   7  -3   11   0   0   0   3   0   0   0   9   0   7   0   0  10   5   2   0   2  48   1  1.14 0.47
   96 Y    -4  -5  -6  -7  -2  -5  -6  -5   0  -5  -3  -6  -4   4  -7  -3  -5   2   9  -5    1   0   0   0   1   0   0   1   1   0   1   0   0  13   0   1   0   2  78   0  2.47 0.80
   97 S     0  -1  -2   3  -3   2   5  -2  -1  -4  -3   1  -4  -5  -3   0   0  -5  -4  -4    9   1   1  13   0   7  40   2   1   0   2   9   0   0   0   7   7   0   0   0  0.63 0.35
   98 V    -2  -3  -5  -4  -2  -4  -4  -5  -5   4   3  -3   0  -2  -5  -3   0  -1  -3   4    2   1   0   1   1   0   1   0   0  29  24   1   1   1   0   1   5   1   0  34  0.78 0.36
   99 L    -5  -5  -6  -7  -5  -5  -6  -7  -6  -2   6  -6   1   2  -6  -3  -4  -4  -3  -2    0   0   0   0   0   0   0   0   0   0  86   0   3  10   0   2   0   0   0   0  1.61 0.64
  100 G    -3  -3   1   1  -2  -2   0   6  -2  -6  -6  -2  -5  -6  -3  -2  -4  -6  -6  -6    0   1   8   7   1   1   8  69   1   0   0   2   0   0   1   1   0   0   0   0  1.34 0.53
  101 V    -2  -5  -6  -6   2  -5  -5  -6  -6   3   3  -5   0  -3  -5  -4  -3  -5  -4   5    2   0   0   0   4   0   0   0   0  14  29   0   1   0   0   0   0   0   0  49  1.05 0.46
  102 S     0  -1   0   2  -2   0   0  -1  -1  -4  -3   0  -3  -4   3   3   1  -5  -4  -2    6   3   4  14   1   5   6   2   1   0   2   6   0   0  17  23   7   0   0   2  0.39 0.24
  103 K    -2   4  -1  -3  -5   1   1  -4  -1  -3  -3   4  -3  -2   3  -1  -1  -5  -1  -2    2  22   2   0   0   6   9   0   1   1   1  28   0   2  14   3   3   0   2   4  0.58 0.37
  104 N    -1  -2   3   3  -4   0   0   2   0  -4  -2  -1  -3  -3  -3   1   2  -5  -2  -4    2   1  14  21   0   4   5  18   2   0   5   3   0   1   0   8  14   0   1   0  0.39 0.28
  105 A     5  -2  -4  -1   1  -2  -3  -2  -4   0  -3  -3  -1  -1  -4   1  -1  -5  -2  -1   62   2   0   4   3   1   1   1   0   5   2   0   2   3   0   8   2   0   1   3  0.79 0.48
  106 Q    -2  -2   1   4  -4  -1   0  -2  -3  -5  -5  -2  -4  -3  -4   4   3  -5  -2  -4    1   1   5  21   0   1   5   2   0   0   0   2   0   1   0  37  21   0   1   0  0.77 0.48
  107 E     0   1   0   2  -2   1   2  -2  -1  -1   0   1  -1  -2   1  -1   0  -4  -2  -1    7   6   3  12   1   5  19   2   1   2   9  10   2   1   7   2   4   0   1   6  0.16 0.14
  108 G     0   0   0   3  -4   2   3  -1  -1  -2  -2   1  -2  -4  -1   0  -1  -4  -2  -2    8   5   3  19   0   8  19   4   1   2   4   9   0   0   2   8   3   0   1   3  0.27 0.19
  109 E    -1  -1  -2   4  -5   2   5  -3  -1  -2  -4   0  -4  -5  -3  -1   0  -5  -4  -3    4   2   0  20   0  10  43   2   1   2   2   3   0   0   0   3   6   0   0   1  0.81 0.44
  110 I    -4  -2  -5  -5  -4  -4  -5  -5  -5   6   3  -4   1  -1  -5  -4  -3  -4  -3   2    0   3   0   0   0   0   0   0   0  53  26   0   2   2   0   0   0   0   0  10  1.10 0.48
  111 K    -2   3  -1  -2  -5  -1  -1  -3   1  -2  -3   6  -2  -5  -4  -2  -1  -5  -4  -4    3  12   3   2   0   2   3   2   3   3   2  60   1   0   0   2   3   0   0   0  1.02 0.50
  112 K     0   2   1   0  -3   1   0  -1   1  -1  -2   3  -2  -3  -2   0   0  -3   0  -1    8  12   7   4   0   6   4   4   3   3   4  25   0   0   0   7   4   0   3   4  0.20 0.18
  113 A     4   1   0  -2   1   0   0  -1   1  -2  -1   0  -2  -3  -2   0   0  -4  -3  -1   39   9   4   0   4   4   5   4   4   0   5   4   0   0   0   6   6   0   0   4  0.29 0.26
  114 Y    -6  -6  -6  -7  -3  -6  -6  -7   2  -5  -4  -6  -5   4  -7  -6  -6   1   9  -5    0   0   0   0   1   0   0   0   4   0   1   0   0  12   0   0   0   2  80   0  2.77 0.91
  115 Y    -2   7  -4  -5  -6   0  -3  -5   3  -4  -3   3  -2   0  -5  -4  -4  -5  -1  -4    3  61   0   0   0   3   0   0   6   1   3  16   1   4   0   0   0   0   2   0  1.41 0.59
  116 G    -1   4   0  -2  -6   1   0  -4  -3  -4  -4   6  -4  -5  -4  -2  -1  -6  -5  -4    5  22   3   2   0   6   6   1   0   1   1  48   0   0   0   2   3   0   0   1  0.98 0.47
  117 L    -1  -2  -5  -6  -2   0  -5  -6  -5  -1   5   0   3  -3  -5  -5  -3  -1  -3   0    4   2   0   0   1   4   0   0   0   2  68   7   6   0   0   0   1   1   0   5  1.01 0.47
  118 A     5  -4  -4  -4  -1   2  -3  -3  -4  -2  -1  -3   2  -5  -4   2  -2  -5  -4   0   56   0   0   0   1  10   0   0   0   1   5   0   5   0   0  13   1   0   0   7  0.87 0.48
  119 K     0   2  -2  -4  -4  -1  -2  -4  -3   0   3   3   4  -2  -4  -1  -2  -4  -3   0    7  13   2   0   0   2   2   0   0   6  28  20  13   1   0   3   1   0   0   4  0.41 0.28
  120 K    -3   1  -1  -2  -5   4   2  -4  -3  -3   0   5  -1  -5  -4  -2  -1  -5  -4  -2    1   6   3   1   0  18  10   0   0   1  10  43   2   0   0   1   3   0   0   2  0.77 0.42
  121 L    -3  -4   1  -5   0  -4  -4  -6   5  -3   0  -5  -4   2  -6  -4  -3   4   7   0    1   0   6   0   2   0   0   0  13   0   8   0   0   7   0   1   1   6  45   8  1.29 0.54
  122 H    -6  -5  -4  -6  -8  -4  -5  -7  11  -8  -7  -5  -6  -6  -7  -3  -6  -7   1  -8    0   0   0   0   0   0   0   0  94   0   0   0   0   0   0   2   0   0   4   0  3.74 1.11
  123 P    -5  -7  -7  -6  -7  -6  -6  -7  -7  -7  -4  -6  -7  -8   9  -5  -6  -8  -7  -7    0   0   0   0   0   0   0   0   0   0   2   0   0   0  98   0   0   0   0   0  3.33 1.04
  124 D    -6  -5  -3   8  -7  -4  -2  -5  -5  -7  -7  -2  -7  -7  -5  -4  -5  -8  -1  -7    0   0   0  95   0   0   0   0   0   0   0   2   0   0   0   0   0   0   2   0  2.70 0.90
  125 M    -2   5  -3  -4  -5   0  -3  -5   0   0  -2   6  -2  -5  -4  -2  -2  -6  -4   0    2  28   1   0   0   2   0   0   2   5   3  47   1   0   0   1   2   0   0   7  1.01 0.49
  126 N     0   0   6  -2   2  -1  -2  -2   1  -4  -4  -1  -2   1  -4   0   0  -4  -1  -2    7   4  49   1   4   2   1   3   3   1   1   2   1   7   0   5   4   0   2   2  0.79 0.39
  127 K     1   0  -2  -3  -3   1  -2   0   0  -3  -3   3  -3  -5   4   1  -1  -5  -3  -2   14   4   1   1   0   7   1   6   3   1   1  20   0   0  24  11   3   0   0   2  0.52 0.29
  128 D     1  -3   2   3  -4  -1   1   4   0  -2  -3  -1  -3  -4  -2   0   0  -4  -3  -3   11   0   8  19   0   2  10  29   2   2   1   2   0   0   1   4   4   0   1   0  0.46 0.24
  129 D     0  -1   3   4  -2   0   1  -2  -1  -3  -2   0  -2  -3  -3   1  -1  -4  -2  -3    9   2  16  28   1   3   7   2   1   1   5   5   1   0   1  13   2   0   2   1  0.41 0.23
  130 P     1  -1  -2   0  -4  -1   1  -1  -1  -4  -4   3  -3  -5   5   1   0  -5  -4  -3   11   2   1   4   0   2   8   4   1   0   1  18   0   0  32   9   4   0   0   1  0.65 0.32
  131 E     0  -1   0   3  -4   1   4   1  -1  -3  -4   1  -3  -4   0   0  -1  -4  -1  -2    6   2   3  14   0   4  32   9   1   1   0   6   0   0   5   7   3   0   2   4  0.40 0.24
  132 A     5  -1  -2  -4  -2  -2  -1  -2  -3  -2  -1  -2  -2  -1  -3   1  -2  -5  -3  -2   63   2   1   0   1   1   3   2   0   2   5   2   1   3   1  10   2   0   1   1  0.80 0.44
  133 E     1   0   1   0  -4   1   5  -2   1  -3  -3   0  -3  -4  -2  -1   0  -5  -2  -2   11   3   5   3   0   6  41   3   4   1   2   4   0   0   1   4   6   0   1   3  0.49 0.30
  134 T     0   1   0   2  -5   2   5  -3  -1  -2  -4   1  -2  -5  -3  -1  -1  -5  -3  -2    8   7   3  12   0   9  39   1   1   2   0   7   1   0   1   2   4   0   1   3  0.59 0.34
  135 K    -1   3  -1  -2  -4   1   0  -4   0  -2  -2   5   0  -3  -3  -2  -1  -4  -1  -2    6  17   3   2   0   4   4   0   2   3   4  43   2   1   0   2   4   0   2   2  0.61 0.34
  136 F    -2  -5  -5  -6  -5  -5  -6  -6  -4   1  -1  -4  -1   8  -6  -2  -3  -3   2  -2    3   0   0   0   0   0   0   0   0   7   3   1   1  71   0   3   1   0   4   3  1.77 0.62
  137 Q     0   1   0  -2  -4   2  -1  -4   0   0  -2   5  -1  -3  -2  -1   0  -5  -4  -2    7   7   4   2   0  11   3   0   2   5   2  43   1   1   1   2   7   0   0   3  0.55 0.32
  138 E    -1   1  -2   0  -1   3   5  -3  -3  -2   0   2  -1  -4  -3  -2  -2  -4  -4  -2    6   6   1   4   2  12  37   1   0   2   9  12   1   0   0   2   1   0   0   3  0.53 0.31
  139 V     0  -5  -6  -6  -1  -5  -6  -6  -6   6   2  -5  -1  -2  -5  -5  -3  -5  -4   3    7   0   0   0   1   0   0   0   0  46  20   0   0   1   0   0   1   0   0  23  1.08 0.46
  140 S     0  -1   5   0  -1   3  -2  -1  -1  -4  -4   1  -3  -5  -4   2   0  -5  -4  -2    8   1  34   3   1  14   1   4   1   0   1   9   0   0   0  13   5   0   0   3  0.60 0.36
  141 K     0  -1   0   0  -5   2   5  -3   0  -3  -2   2  -2  -3  -4  -1  -1  -5  -4  -2    8   2   5   4   0   8  45   1   2   1   4  11   1   1   0   3   3   0   0   3  0.64 0.37
  142 A     7  -5  -5  -6  -4  -5  -5  -3  -6  -3  -4  -5  -5  -6  -3  -2  -4  -6  -6  -3   94   0   0   0   0   0   0   1   0   1   1   0   0   0   1   1   0   0   0   1  2.00 0.79
  143 Y    -5  -5  -2  -6  -6  -4  -4  -7   2  -3  -4   0  -1   1  -7  -5  -3   2   9  -4    0   0   2   0   0   0   1   0   4   1   1   7   2   4   0   0   2   2  74   1  2.19 0.79
  144 E    -1   0   1   3  -3   3   5  -3  -2  -5  -5   0  -4  -4  -4   1  -2  -5  -3  -4    5   3   5  13   1  15  40   1   1   0   0   4   0   0   0   9   2   0   0   1  0.77 0.41
  145 I    -1  -5  -5  -3  -1  -3  -3  -5  -5   4   0  -4   0  -2  -5  -3   3  -5  -4   5    4   0   0   1   1   1   1   0   0  20   6   0   2   1   0   0  18   0   0  45  0.84 0.42
  146 L    -5  -6  -7  -7  -5  -6  -6  -7  -6   0   6  -6  -1  -1  -6  -6  -5  -5  -4  -2    0   0   0   0   0   0   0   0   0   4  93   0   0   2   0   0   0   0   0   1  1.88 0.69
  147 K    -2   1  -1  -3  -1  -2  -2   1  -2  -2  -3   2  -3  -2  -4   5   1  -5  -4  -2    1   7   1   0   1   0   2   8   1   3   2  15   0   2   0  46   7   0   0   2  0.60 0.39
  148 D    -5  -2   3   7  -6  -1  -1  -3   0  -6  -6  -2  -6  -6  -5  -1  -3  -6   0  -6    0   1  13  67   0   2   2   1   2   0   0   2   0   0   0   4   1   0   3   0  1.57 0.61
  149 K     1  -2  -2   1  -5   0   2  -2  -3  -2  -4   1  -3  -5   5   0   0  -5  -5  -3   10   1   1   8   0   4  15   2   0   3   0   7   0   0  35   7   5   0   0   2  0.73 0.36
  150 E    -1   0   0   2  -3   3   3  -3  -2  -1  -1   2  -1  -4  -2   0   0  -4  -3  -2    3   2   3  11   0  17  22   1   0   4   7  12   2   0   1   5   6   0   0   3  0.34 0.24
  151 K    -2   2  -2  -3  -5   1  -1  -4  -4  -3   0   6  -2  -5  -4   0   0  -5  -4  -3    2   8   2   1   0   4   1   0   0   1  10  57   1   0   0   8   5   0   0   1  0.93 0.47
  152 R    -5   8  -4  -5  -7  -3  -4  -6  -4  -6  -6   3  -5  -6  -5  -4  -5  -6  -5  -6    0  81   0   0   0   0   0   0   0   0   0  17   0   0   0   0   0   0   0   0  2.26 0.77
  153 D     4   2  -1  -2  -4   1   0  -2  -3  -3  -3   2  -2  -5  -3   0  -2  -5  -4  -2   42  12   3   2   0   5   6   2   0   1   2  16   1   0   1   7   1   0   0   1  0.53 0.33
  154 L     2   1   0  -1  -3   2   2  -3   0   1  -1   0   0  -3  -3  -1  -1   2  -3  -1   19  10   4   2   0   9  19   0   2  11   4   5   3   1   0   3   2   3   0   3  0.22 0.19
  155 Y    -6  -6  -6  -7  -6  -5  -6  -7  -2  -5  -3  -6  -5   2  -7  -6  -6   0  10  -3    0   0   0   0   0   0   0   0   0   0   2   0   0   5   0   0   0   1  90   1  3.01 0.93
  156 D    -4  -5   0   8  -7  -3  -1  -5  -5  -6  -4  -4  -6  -7  -5  -2  -4  -7  -6  -6    1   0   4  89   0   1   2   0   0   0   2   0   0   0   0   2   0   0   0   0  2.31 0.74
  157 Q    -2   4   0  -1  -4   5   1  -3  -1  -3  -2   2   0  -4  -3  -1  -1  -4   0  -3    3  24   4   2   0  27   8   1   1   1   5  13   2   0   0   3   2   0   3   0  0.58 0.29
  158 V    -2  -3  -3  -3   1   0  -1  -2   1  -2  -1  -2   0   5  -4  -2   0   1   6  -2    2   1   0   1   4   5   4   4   4   1   5   1   2  25   0   1   5   1  31   3  0.67 0.30
  159 G    -2  -1  -3  -3  -4  -3  -4   6  -3  -4   1  -3  -3  -4  -1  -1  -3  -2  -4  -4    1   4   0   1   0   1   1  68   0   1  14   1   0   0   3   3   1   1   0   1  1.15 0.40
  160 H    -1   1  -1   0  -3   0   2  -2   7  -3  -2   1  -1   0  -2   0  -1  -3   1  -3    5   6   2   5   1   4  14   2  30   2   3   7   2   4   2   6   3   0   3   1  0.48 0.24
  161 E     3  -1   0   2  -3   0   2  -1  -1  -2  -2  -1  -2  -3   1   1  -1  -3  -2  -1   27   3   4  14   0   2  14   3   1   1   4   2   1   1   7   8   3   0   1   4  0.25 0.17
  162 A     3  -1  -1   1  -2  -2  -2   4  -2  -2  -2  -2  -1  -3  -1   1  -2  -2  -2  -3   25   3   2  10   0   1   1  33   1   3   3   2   2   0   3   8   1   0   2   1  0.43 0.23
  163 F     0  -1  -2  -1  -2  -2  -1  -1  -2   1   1  -2   0   4  -1  -1  -2   0   0   1    9   3   2   4   1   1   4   6   0   6  16   1   2  23   3   4   1   1   1  13  0.16 0.13
  164 E     0   0   1   2  -3   1   2   0  -1  -2  -2   1  -2  -2   1   0  -1  -3  -2  -2    7   5   9  13   0   7  16   5   0   1   3  11   0   2   8   6   3   0   1   3  0.22 0.13
  165 Q     0   1   1  -1  -3   3   0   2   1  -2  -2  -1  -1  -1   3   0  -1  -3  -1  -2    5   7   8   2   0  18   4  16   3   2   4   2   2   2  13   5   2   0   2   2  0.25 0.16
  166 N     1  -1   2   0  -3   2  -1   4   1  -3  -3  -1  -2  -2  -1   0  -1  -1  -1  -2   10   3   9   4   0  10   3  31   3   1   1   3   1   2   3   8   3   1   3   2  0.30 0.17
  167 A     1  -1   0   0  -2   0  -1   3  -2  -1  -2  -1   2   1  -1   0   0  -1   0  -1   10   4   5   5   1   5   2  28   0   2   1   3   7   8   2   5   5   1   2   3  0.19 0.14
  168 S     1  -1   0  -1  -3   0  -2   4  -2  -2  -2  -1   0   1   1   1  -1  -3  -2  -2   13   2   3   2   0   4   1  30   1   1   2   2   4   8   7  12   3   0   1   1  0.31 0.18
  169 G     0   0   0  -1  -3   1  -2   4   1  -2  -2  -1   0   1   0   0  -1  -3  -2  -2    7   5   4   2   0   7   2  35   4   1   2   2   3   6   5   5   3   0   1   3  0.32 0.18
  170 G     0  -1   0  -1  -3   0  -1   5  -1  -3  -4  -1  -2   0   0   0  -2  -4  -2  -2    9   3   4   3   0   5   4  44   1   1   1   3   1   4   4   7   2   0   1   3  0.51 0.25
  171 F     0  -1  -1   1  -3  -1  -2   4  -1  -2  -2  -2  -2   2   0   0  -1  -2   1  -2    8   3   2   8   0   2   2  36   1   2   2   2   1  12   4   5   2   0   4   2  0.37 0.21
  172 P     0   0  -1   0  -3   0  -1   4   0  -3  -2  -2   0   1   2   0  -1  -2  -1  -3    7   4   2   7   0   4   3  32   2   1   3   1   2   6  12   7   3   0   2   1  0.34 0.20
  173 N     0  -1   2   0  -3   0  -1   3   0  -2  -2  -2   0   3  -1   0  -2  -3   1  -3    6   4   9   6   0   4   4  25   2   1   2   1   2  15   4   8   1   0   4   1  0.26 0.18
  174 D    -1  -1   0   2  -1   0   0   3   1  -3  -3  -2  -2   1   1   0  -1   1   0  -3    4   3   4  11   1   4   8  25   4   1   2   1   1   9   8   7   2   2   3   1  0.25 0.16
  175 Q    -1   0   1   1  -3   1   0   3   0  -2  -1  -1  -1   2  -1   0  -1   0  -1  -2    5   4   7   8   0   6   6  25   2   1   5   2   1  13   3   6   3   1   1   2  0.20 0.14
  176 G     0  -2   0   1  -3  -1   0   3   0  -2  -3  -2  -1   3   0   1  -1  -3   1  -2    8   2   3   8   0   2   5  29   2   1   1   1   2  13   5   9   2   0   4   3  0.29 0.19
  177 F    -1   0  -1   0  -3  -1  -1   3  -1  -2  -2  -2   0   3  -2   0  -2   2   2  -2    5   6   2   5   0   3   4  25   1   2   3   1   3  18   2   6   2   2   7   3  0.27 0.18
  178 G     0   0   0   1  -3   0  -1   3   2  -2  -1  -2  -1   3   0   0  -1  -1   0  -2    6   4   4   7   0   3   3  26   5   2   4   1   1  13   5   5   3   1   2   2  0.20 0.15
  179 G     0   0   0   0  -3   0  -1   3   0  -2  -2  -1   0   2  -1   0   0   1   1  -2    9   4   5   6   0   4   3  22   2   1   2   2   3  12   2   6   8   2   4   1  0.17 0.13
  180 G     0  -2   1   1  -2   0   0   3   0  -2  -1   0  -1   1  -1   0  -1  -2   0  -2    6   1   6   9   1   4   4  25   2   2   5   5   2   9   2   8   4   0   3   2  0.17 0.12
  181 G     0  -2  -1   1  -2  -1  -1   2  -1  -1  -1  -1   0   4  -1   0  -1  -2   0  -2    8   2   2   9   1   2   3  20   1   4   3   3   3  19   3   8   4   0   3   2  0.20 0.15
  182 G     0  -2  -1   1  -3  -2   0   3   0  -2  -2  -2   2   3  -2   0  -1   0  -1  -1    7   2   2   7   0   1   7  24   2   1   3   1   6  18   1   9   3   1   1   3  0.26 0.18
  183 G     1  -2   0   2  -3  -1   0   3  -1  -1  -1  -1  -2   2  -1   0  -1  -3  -1  -2   11   1   3  11   0   3   8  22   1   3   4   4   1  12   2   8   4   0   1   2  0.19 0.14
  184 G    -1  -1   1   2  -3  -1   0   2   0   0  -1   0  -1   3  -2   0  -1  -1   1  -2    5   2   6  15   0   1   5  17   2   5   4   5   2  13   2   8   2   1   4   2  0.16 0.12
  185 F    -1  -1  -1   1  -3  -1   0   2  -1   0  -1  -2   0   3  -2   0  -1  -2  -1   0    5   4   2   8   0   1   6  15   2   7   4   1   3  19   2   9   2   0   1   8  0.14 0.12
  186 N    -1  -2   3   4  -4  -2   0   1  -1  -1  -3  -1  -3   0  -2   1  -1  -4  -2  -3    3   1  15  29   0   1   5  12   1   3   3   2   0   5   2  10   3   0   1   1  0.44 0.24
  187 P    -2  -3  -2   0  -3  -3  -1  -2  -2   2   0  -3   1   5   3  -1  -3  -2   0  -1    2   1   1   5   0   1   4   4   1  12   6   1   4  30  16   5   1   0   3   4  0.51 0.27
  188 F    -1  -2   1   0  -3  -1   2   2  -2  -3  -1  -2  -1   4  -1   1  -2  -3  -1  -3    3   2   7   6   0   2  18  16   1   1   5   1   2  20   3  10   2   0   1   1  0.30 0.21
  189 D    -4  -4  -1   7  -6  -2   1  -1  -4  -2  -5  -1  -3  -2  -3  -1  -3  -6  -3  -5    1   0   2  65   0   1   9   4   0   2   1   4   1   2   1   4   1   0   1   0  1.43 0.58
  190 I    -1  -4  -3  -1  -3  -2  -4  -1  -3   5   1  -4   0   0  -4  -2  -2  -2   0   2    5   0   1   4   0   1   1   5   1  44  13   0   1   4   1   3   1   0   3  10  0.58 0.30
  191 F    -1  -2   1   1  -2   1   0   0  -1   0   0  -1   2   1  -2   0  -1  -2   1   0    1   0   8   8   0   8   8   8   0   8   8   0   8   8   0   8   0   0   8   8  0.07 0.11
  192 G    -1   0   1   1  -4   0   1   3   1  -2  -4  -1  -1   1  -1   1  -1  -4   0  -3    3   4   6   8   0   3   9  28   4   3   0   2   2   6   2  13   2   0   3   0  0.30 0.26
  193 S     0  -1   0   2  -3   1   1   2   0  -2  -2  -1   0   0   0   1   0  -3  -1  -1    5   3   5  14   0   6  10  17   2   3   2   3   3   4   3   9   4   0   2   3  0.15 0.15
  194 F    -1  -1  -1  -2  -4  -1  -2   2  -3   1  -1  -3   2   5  -1  -1  -3  -3  -1   0    4   4   3   3   0   2   3  15   0   9   4   0   6  31   3   5   0   0   0   8  0.39 0.32
  195 N    -1  -1  -1  -1  -4   0  -1   1  -3  -2  -2  -3   0   6  -4  -1   0  -3   1  -2    5   4   2   4   0   4   4  12   0   2   2   0   3  40   0   5   6   0   3   2  0.58 0.41
  196 G    -1   0   0   1   0   1   0   4  -1  -3  -4  -1   0   0   0   0  -1   0  -3  -4    4   6   4   7   2   9   5  36   1   2   0   2   3   4   4   7   3   1   0   0  0.40 0.31
  197 D    -1   1   0   1  -4  -1   0   3   0  -2  -3  -1   0   2  -1   0  -2  -4  -1  -2    4   7   5   7   0   3   7  29   3   2   0   3   3  12   4   5   2   0   2   2  0.30 0.27
  198 I    -1   1  -1  -1  -1   1  -1   3   1   0  -1  -1   0   1   0   0  -1  -4  -2  -1    5  10   3   2   1   7   3  23   4   6   4   3   2   8   4   9   1   0   0   4  0.16 0.19
  199 F    -1   2  -2  -2   0   0  -2   2  -1  -3  -2  -2   1   4   0   0  -1   1   0  -2    5  13   1   2   2   4   2  18   1   0   4   2   4  22   4   6   4   2   3   2  0.31 0.30
  200 N    -1   3   1   0   0   1   0   4   0  -5  -5  -1  -2  -2  -1   1  -2  -5  -4  -3    4  15   5   4   3   6   7  30   3   0   0   3   1   2   4  10   2   0   0   2  0.42 0.34
  201 M    -1   3   0  -1   0   1  -2   3  -1  -3  -3   0   1  -1   0   1  -1   1  -4  -3    4  18   5   3   2   6   1  24   1   1   2   4   4   3   6  10   3   2   0   1  0.33 0.30
  202 Y    -2   3  -2  -2   0   0  -1   2   2  -2  -3  -1   0   2   1   1  -2  -4   0  -3    3  21   1   1   2   5   3  17   5   3   1   2   2   8   8  10   2   0   3   1  0.33 0.31
  203 R    -1   4   1  -1  -1   2   0   1   0  -5  -4   0  -1   0  -2   1   0  -5  -3  -4    5  27   8   3   1  11   5  12   2   0   0   3   2   5   2  10   5   0   1   0  0.43 0.36
  204 Q     0   4   0   0  -5   3   0   2   0  -5  -5   0  -2  -5  -1  -1  -1  -5  -2  -2    6  24   4   4   0  13   7  18   2   0   0   5   1   0   4   3   3   0   2   3  0.46 0.37
  205 D     0   2   1  -1  -1   0  -1   1  -1  -2  -3   0  -2  -1   4   0  -1  -4  -2   0    8  11   6   3   1   5   4  10   1   2   1   5   1   4  19   7   4   0   1   7  0.25 0.22
  206 I    -1   4  -1  -2  -1   2   0   1  -1  -1  -2   0  -2  -1   0  -1   0  -4   1  -1    4  23   2   1   1  12   6  11   1   3   3   5   1   3   5   4   5   0   5   5  0.25 0.25
  207 G    -2   6  -3  -4  -1   2  -3   1  -1  -3  -4   1  -2   0  -1  -1  -2  -5   0  -4    3  40   1   1   1   9   1  12   1   2   2   9   1   4   4   5   2   0   3   1  0.74 0.51
  208 G    -1  -2  -1   1  -6  -1   0   6  -2  -5  -6  -2  -5  -4  -1   0  -2  -6  -2  -4    6   2   3   7   0   3   5  53   1   1   0   2   0   1   3   6   3   0   2   1  0.93 0.56
  209 Q     2   0   1   1  -4   1   1  -1   0  -3  -2  -1  -2  -3   0   3  -1  -5  -2  -1   16   4   5  10   0   7   8   3   3   1   4   3   1   1   4  21   3   0   1   3  0.23 0.25
  210 D    -2  -2   0   7  -6  -2  -1  -3  -5  -6  -4  -1  -1  -3   0   0  -3  -7  -6  -4    4   3   4  60   0   1   3   2   0   0   2   4   2   1   6   6   1   0   0   1  1.28 0.71
  211 V    -1  -2  -2  -4  -4   0  -2  -3  -1   2   4  -2   0  -1  -3  -1  -1  -4  -2   1    4   2   1   0   0   5   3   2   2  13  42   3   2   1   1   5   3   0   1  10  0.45 0.34
  212 K    -1   5  -2   0  -3   2   2  -3   0  -1  -1   1   0  -2  -3  -1  -2  -5  -2  -2    5  29   1   5   1   8  16   1   2   4   6   7   2   1   1   5   1   0   2   3  0.43 0.34
  213 V    -2  -3  -4  -4  -1   0   0  -2   2   1  -1  -3   1  -1  -3  -3  -1   2   7   1    3   1   0   1   2   5   6   4   5   8   7   1   3   1   1   2   3   3  34   9  0.66 0.45
  214 L    -2   2   3   3  -1   0   2  -1   1  -2  -2  -1  -2  -1  -1  -1   1  -5  -3  -1    3  13  13  18   1   4  12   4   4   2   3   3   1   3   2   3   8   0   0   4  0.30 0.26
  215 L    -2  -4  -5  -5  -4  -4  -4  -5   0   3   3  -4   6  -1  -3  -2   0  -1  -2   2    2   0   0   0   0   0   1   1   3  14  31   0  20   2   1   3   6   1   1  13  0.76 0.45
  216 D    -2  -1   1   2  -5   0   4  -4   0  -4  -5   2  -2  -4  -2   0   2  -2  -1  -3    3   3   6  10   0   3  34   0   2   1   1  11   1   1   2   6  11   1   2   2  0.55 0.42
  217 L    -1  -2  -1  -1  -2  -4  -4  -4  -5   4   3  -4  -1  -3  -4  -2  -2  -4  -4   2    5   3   4   4   1   0   0   1   0  29  31   0   1   0   0   2   2   0   0  15  0.65 0.39
  218 S    -1  -2   1   3  -4  -1  -1  -1  -2  -4  -4  -2  -4  -2  -1   3   4   0  -4  -4    3   2   5  15   0   2   3   5   1   0   1   2   0   2   3  25  30   1   0   1  0.63 0.45
  219 F    -5  -6  -6  -6  -5  -6  -6  -4  -1  -3   5  -6   0   6  -6  -3  -5  -4  -3  -2    0   0   0   0   0   0   0   1   1   0  52   0   2  36   0   2   0   0   0   2  1.53 0.73
  220 M    -2  -1  -1  -1  -6   0   6  -5  -4  -3  -2   1   1  -1  -1   0  -1  -6  -5  -3    3   3   3   2   0   4  51   0   0   1   4   8   4   2   3   6   3   0   0   1  0.85 0.55
  221 E    -2  -2  -2   3  -6   1   6  -4  -4  -6  -6  -1  -1  -6  -2  -3  -3  -6  -6  -6    3   2   1  16   0   7  59   1   0   0   0   2   2   0   2   2   1   0   0   0  1.36 0.74
  222 A     5  -1  -4  -3   0  -4  -4  -3  -4  -1   0  -4   2   1  -4  -1  -1  -4   0  -1   51   3   0   2   2   0   0   1   0   3  10   0   5   5   0   4   3   0   4   4  0.67 0.46
  223 V     2  -2  -2  -4  -3  -3  -3  -2  -3   1  -1  -4  -1   3  -2  -1  -2  -3   4   3   19   2   1   0   0   1   2   2   0   7   5   0   1  15   1   5   2   0  13  21  0.43 0.33
  224 Q    -1   2   1  -1  -4   0  -1  -1   2  -1  -1   1   0   4  -2  -1   0  -2   0  -2    4  11   8   2   0   4   4   5   6   5   4  12   3  20   1   3   6   0   2   1  0.20 0.21
  225 G    -2  -5  -2  -1  -6  -5  -1   7  -6  -7  -7  -3  -6  -2  -6  -4  -5  -6  -6  -7    4   1   2   3   0   0   4  82   0   0   0   2   0   2   0   0   0   0   0   0  1.99 0.87
  226 C     0  -2  -2  -1   3  -1  -1   1   0   0  -1   2  -2  -2  -2  -1   1  -4  -2   2    7   1   1   3   8   2   3  13   2   3   6  15   1   2   2   3  11   0   1  18  0.16 0.20
  227 S    -3  -2   0   2  -5   0   4   0  -2  -4  -4   1  -3  -1  -4   1   3  -5  -4  -3    1   1   3  10   0   3  28   8   1   1   1   8   1   3   0   8  22   0   0   1  0.57 0.44
  228 K    -1   2   0  -2  -5  -1   0  -2  -4   0  -3   5   0  -3  -2  -2   0  -5  -3   1    5  12   4   1   0   2   5   2   0   5   2  39   2   1   2   2   6   0   1  10  0.53 0.40
  229 T    -3  -1   0   1  -5   2   3  -4  -2  -2  -3   2   0  -1   1   0   2  -5  -4  -2    1   3   3   9   0  11  23   0   1   2   1  14   3   3   6   5  13   0   0   2  0.42 0.35
  230 V    -1  -1   0  -4  -4   0  -1  -1  -4   4   1  -4   1   1  -4  -1   0  -4   0   2    4   4   5   0   0   4   4   4   0  28  12   0   4   6   0   4   4   0   4  12  0.33 0.26
  231 T     0   0   0   0   0   0   0   1   0   0  -2   0  -2   1   1   0   0   2   0  -1    7   5   3   7   3   3   4  14   3   6   3   7   0   6   6   8   5   3   3   3  0.06 0.07
  232 F    -2  -2  -3  -5  -4  -4  -5  -1   1   4   1  -3   0   3  -3  -4  -3  -3   4   3    2   3   1   0   0   0   0   6   3  21  14   1   2  13   2   0   0   0  13  20  0.56 0.36
  233 Q    -1   1   2   0  -5   2  -1  -1  -1  -3  -3   0  -4  -5   5   1   1  -5  -3  -2    4   6  10   6   0   8   4   5   1   1   3   5   0   0  26  10   8   0   1   2  0.46 0.34
  234 T    -1   3  -2  -2  -4  -1   0  -1   1  -1  -2   1   0   0  -1   0   3  -4   0   0    3  18   1   1   0   2   5   4   3   3   3   9   2   5   2   8  22   0   3   6  0.26 0.27
  235 E    -1   0   1  -1  -3   1   1  -1   0  -2   1   0   0  -1   2   0   0   3   1  -1    5   6   6   2   0   6   9   3   2   1  17   5   2   2  10   8   4   4   4   3  0.11 0.14
  236 M     1  -2  -1   0  -1  -1   2  -1  -3   1  -1  -1   1  -3   0   0  -1  -4  -3   3   10   2   2   6   1   2  15   6   0   9   2   3   4   0   4   8   3   0   0  23  0.17 0.20
  237 A     0   0   1   0  -2   0   0  -1   0   0  -1   0   0  -1   2   0   1  -3  -2   1    9   4   6   4   0   3   6   5   3   5   7   5   2   2   9   6  13   0   0  12  0.09 0.09
  238 C    -4  -1  -5  -1  10  -1  -5  -1  -5  -5  -5  -5  -5   0  -5  -1  -4  -5  -5  -4    1   4   0   5  68   4   1   5   0   0   1   1   0   4   0   4   1   0   0   1  2.44 0.86
  239 N    -2  -1   1   3  -4   0   2   0   2  -2  -3   0  -3  -1   1   0  -1   0   2  -2    2   3   7  20   0   2  14   6   5   2   3   5   0   2   7   7   4   1   8   2  0.26 0.20
  240 T    -1   0   0   1  -3   1   0  -2   1  -1  -1   0   2  -3   2   0   2  -4  -3   0    5   4   3   8   0   6   4   3   4   2   4   7   7   0  11   7  17   0   0   8  0.18 0.18
  241 C    -4   1  -5  -5  10  -4  -5  -5  -5  -4  -1  -4   2   1  -1  -4   0  -5  -4  -4    1   7   1   1  61   0   1   1   0   1   5   1   5   5   4   1   5   0   0   1  2.08 0.71
  242 G    -1   1   2   2  -3   0   0   1   4  -2  -3   1  -1  -2  -3   0  -1   2  -1  -3    4   7   9  12   0   5   5  13  12   2   2   9   1   1   1   7   3   3   2   1  0.26 0.18
  243 G    -2   0  -3  -4  -5  -4  -4   6  -4  -5  -2   0  -4  -5   0  -3  -4  -5  -5  -5    3   5   0   1   0   0   1  69   0   1   5   6   0   0   5   1   1   0   0   1  1.41 0.54
  244 Q    -1   2   1  -1  -3   1   0  -1  -1  -2  -3   1  -1  -1  -1   3   2  -4  -1  -2    2  11   7   2   0   5   4   3   1   2   2  10   2   3   3  26  15   0   2   2  0.30 0.23
  245 G    -3  -3  -3  -4  -3  -1  -4   7  -4  -5  -5  -3  -4  -5   0  -1  -2  -4  -5  -5    1   1   1   1   1   3   1  75   0   1   1   2   0   0   6   3   2   0   0   1  1.57 0.58
  246 V     4  -2  -2  -1   0  -2  -2  -1   0  -2  -2  -2  -1  -2  -3   1   0  -1   1   1   42   2   2   3   2   1   3   4   2   1   3   1   1   2   1  11   4   1   6  12  0.39 0.28
  247 P     0   1   0  -1  -3   0   2  -1  -1  -4  -3   4  -3  -4   2  -1  -2  -4  -1  -3    6   7   4   2   1   2  16   5   1   1   2  35   0   1   9   3   1   0   2   2  0.49 0.28
  248 P     0  -2   0   0  -4  -1   0   0  -3  -4  -4   1  -3  -4   6   1  -1  -4  -3  -3    6   2   5   5   0   2   5   7   0   1   1  10   0   1  39  10   3   0   1   2  0.74 0.33
  249 G     0  -2  -1   0  -3  -2  -2   5  -3  -4  -3   0  -3  -3  -1   0  -2  -4  -4  -2    6   2   3   5   0   1   3  53   0   1   3   5   0   1   3   7   2   0   1   3  0.76 0.33
  250 T     1   1  -1  -1  -2  -1  -1  -2  -1  -2  -2   0  -1  -3  -1   3   4  -3  -2  -1   12   9   2   2   0   2   2   2   1   1   3   4   1   1   3  20  28   0   2   3  0.35 0.23
  251 K    -1   1  -1   1  -3   1   0   1   1  -3  -2   3  -2  -3  -2   1  -1  -3  -2  -1    4   5   2   7   0   6   5  12   5   1   5  23   0   1   1  15   3   0   1   4  0.23 0.17
  252 R    -1   1  -2  -3  -3  -2  -1  -2  -3   1  -1   2   0  -3   5  -1  -1  -2  -2   1    5   8   1   1   0   1   3   2   0   9   5  12   3   0  28   4   4   1   2  11  0.44 0.25
  253 E    -1   3  -1  -1  -2   3   1  -3   0   0  -2   2  -2  -3  -3   0   0  -4  -2   1    3  16   2   2   1  16  11   1   2   5   2  12   1   0   0   6   7   0   1  12  0.29 0.22
  254 K    -2  -1  -1   1  -1   1  -2  -3  -2  -1  -2   0  -2  -2   1   0   5  -4  -3   1    1   4   2   8   1   6   2   1   1   3   3   7   0   2   6   4  39   0   0   9  0.47 0.32
  255 C    -4  -5  -5  -2  11  -5  -5  -2  -5  -4  -3  -3  -5  -5   2  -4  -4  -5  -5  -3    1   0   0   2  72   0   1   4   0   0   2   2   0   0  11   1   1   0   0   2  2.67 0.85
  256 K    -1  -1   1   0  -4   0  -2   0   1  -4  -2   0  -3  -3   5   1   0  -2  -2  -3    3   3   6   6   0   3   2   8   3   0   5   4   0   1  34  11   5   1   1   1  0.59 0.31
  257 A     0  -1   0  -1   1   0  -2  -2   0   0  -1   0   2  -2  -1   0   4  -3   0   1    6   3   3   3   4   4   2   2   3   4   5   7   6   1   2   4  29   0   4   9  0.20 0.20
  258 C    -4   0  -5  -5  10  -2  -5  -5  -5   0  -2  -5  -4  -4  -5  -4  -2  -5  -1  -1    1   5   1   1  68   2   1   1   0   5   4   1   0   0   1   1   2   0   3   3  2.37 0.76
  259 N    -2   0   4   0  -4   1   0   3   6  -5  -4   0  -2  -4  -4  -1  -3  -4  -3  -3    1   4  22   6   0   7   5  20  20   0   1   5   1   0   0   4   0   0   1   2  0.68 0.36
  260 G    -1  -1  -3  -4  -4  -4   0   7   0  -5  -5  -4  -4  -5  -4  -3  -4  -4  -5  -5    4   4   1   1   0   1   6  75   2   1   1   1   0   0   1   1   1   0   0   1  1.57 0.58
  261 S     1   1   0  -1  -3   2  -1  -3   1  -2  -2   0   1  -1  -3   2   3  -3  -2   0    9   7   4   2   0  11   2   1   3   1   1   5   5   3   1  18  19   0   1   6  0.26 0.22
  262 G    -3  -2  -3  -2  -5  -4  -3   7   1  -2  -3  -4  -4  -5  -4  -3  -4  -5  -2  -4    1   2   0   2   0   0   2  76   4   2   4   1   0   0   1   1   1   0   2   1  1.55 0.59
  263 M    -2   1   0  -2  -4   5   0  -3   0  -1  -1   0   2   1  -2  -1   1  -3  -1   0    3   9   4   1   0  30   5   1   2   3   6   4   5   6   2   3   7   0   2   8  0.36 0.27
  264 T    -2   0  -2  -4  -3   0  -2  -4  -4   3  -1  -2  -1  -3   1  -3   0  -4  -2   5    2   6   2   1   0   4   3   1   0  17   4   3   1   0   6   1   5   0   1  44  0.59 0.34
  265 S    -3   5   0   1  -4   3   1  -3   1  -2  -3  -1  -3  -3   0   0   1  -4  -3  -1    1  31   4   7   0  13   9   1   4   2   2   1   0   1   5   6  10   0   1   6  0.47 0.31
  266 L    -1   1  -2  -2  -3   1   0  -1  -1   1   2  -1   3  -1  -3   0   1  -3  -1   1    4   7   1   1   0   6   7   4   2  10  18   3  11   2   0   5  11   0   1   7  0.14 0.15
  267 R    -1   4   0  -1  -4   3   1   0  -2  -2  -3   0   0  -1   0   0  -1  -4  -3  -1    4  26   5   3   0  14   9   7   0   2   1   2   2   3   5   7   4   0   0   5  0.33 0.25
  268 R    -2   2  -1   0  -4   5   0  -2   0  -3   0   0  -1   0   0  -2  -1  -4  -3   0    2  13   2   6   0  32   3   2   2   0   8   3   1   5   5   2   4   0   0   8  0.42 0.31
  269 G    -1  -3  -3  -4  -5  -4  -5   6  -2  -5  -1  -3  -2  -5  -2   2  -4  -3  -5  -5    4   1   0   0   0   0   0  66   1   0   6   1   1   0   2  15   0   0   0   0  1.35 0.58
  270 M    -2   2  -1  -2  -4   0  -3  -2  -3   0   1  -2   2   5  -1  -2  -2  -1   1  -1    2  13   2   2   0   5   1   3   0   4  14   2   7  29   3   3   2   1   4   4  0.39 0.26
  271 L    -3  -3  -4  -4  -4  -1   1  -3  -4   1   0  -4   3   6  -4  -1  -3  -3  -1   2    1   2   0   0   0   3  11   2   0   6   6   0   7  42   0   4   1   0   1  13  0.79 0.40
  272 S     0   0  -1   0  -3   3   1  -1  -1  -2  -2  -1   1  -2  -3   1   1  -3  -1   1    6   5   3   6   0  17   9   4   1   1   3   2   3   1   0  14  11   0   1  12  0.20 0.19
  273 I    -2   0   0   0  -3   1  -1  -3  -3   2   0  -2   3   1  -3   0   1  -1  -2   2    2   4   5   5   0   6   3   1   0  14   9   1  11   6   1   7   8   1   1  16  0.16 0.16
  274 Q    -1   0  -2  -1  -4   4   3  -3   1  -1  -2  -1  -2   0  -2   0   0  -3   1  -1    5   6   1   2   0  24  18   1   4   3   4   2   1   4   1   7   6   0   6   6  0.31 0.24
  275 T    -1   3  -1   0  -3   4  -1  -3   1  -3  -2   0  -1  -4  -3   1   2  -4  -2  -1    4  17   2   5   0  23   3   1   3   1   3   4   2   0   1  12  14   0   1   6  0.40 0.28
  276 T     0  -3  -2  -3  -3  -3  -1   1  -2  -1  -1  -3  -2  -3   3   1   4  -4  -3   0    7   1   1   1   0   1   4  10   1   3   7   1   1   0  13   8  33   0   0   8  0.43 0.28
  277 C    -4  -5  -5  -5  11  -5  -5  -5   0  -4  -2  -5  -4   0  -5  -2  -4  -4  -4  -4    1   1   1   1  76   1   1   1   3   1   5   1   0   4   1   3   1   0   0   1  2.83 0.84
  278 Q    -2  -1   0   1  -4   1  -2  -2   1  -1  -4  -2  -3   0   6   0   1  -1  -3  -3    3   3   4   8   0   6   2   2   4   4   1   1   1   4  38   8  10   1   0   1  0.71 0.34
  279 K    -1   1   1   0  -3   1   0   0   1  -2  -2   2  -1  -3  -2   0   3  -3  -1   0    3   7   5   6   0   7   5   6   4   1   2  16   1   1   1   5  19   0   2   8  0.20 0.17
  280 C    -3  -4  -4  -4  11  -4  -4  -4  -4  -3  -3  -4   2  -1  -4  -3  -3  -4  -4  -3    2   1   1   1  72   1   1   2   0   1   2   1   6   3   1   1   1   0   1   1  2.59 0.72
  281 G    -2   2   2   0  -2   1  -1   2   4  -3  -3   1  -2  -3   0   0   0  -3   0  -3    2  11  11   4   1   7   3  14  14   1   2   9   0   1   4   6   5   0   2   1  0.29 0.18
  282 G    -2  -3  -3  -3  -4  -3  -3   6  -4  -2  -2  -1  -4  -4  -3  -3  -3   3  -4  -4    1   1   1   1   0   1   1  72   0   3   4   4   0   1   1   1   1   4   1   1  1.42 0.50
  283 A     0   2   0  -1  -3   1   2  -2   0  -2  -2   1  -1  -2   0   1   2  -3  -2  -2    6  11   3   1   0   4  15   1   2   2   2  11   1   1   4  13  17   0   1   2  0.24 0.18
  284 G    -3   1  -3  -2  -3  -4  -4   6  -4  -1  -5   0  -4  -5  -4  -2  -4  -5  -5  -4    1   8   0   2   1   0   1  71   0   4   1   6   0   0   1   2   1   0   0   1  1.42 0.55
  285 Q    -2   1  -2  -2  -4   4   2  -3   2  -3  -3   4   3  -2  -3  -1   1  -4  -1  -1    1   6   1   1   0  18  12   2   4   1   2  27   8   1   1   3   7   0   2   4  0.48 0.30
  286 T    -2  -1  -2  -2  -3   0   0  -3  -2   4   0   1   2  -1  -3  -2   1  -3   0   2    1   2   1   2   0   3   7   1   1  30   6  11   5   2   1   2   8   0   3  14  0.30 0.21
  287 F    -1  -4  -2  -4  -3  -4  -4  -4  -3   6   0  -4  -2  -1  -1  -1   0  -4  -1   2    4   1   2   1   0   1   1   1   1  55   5   1   0   3   3   5   5   0   2  11  0.87 0.40
  288 S    -1   1   0   1  -2   0   2  -2  -2  -3  -3   3  -3  -3   1   1   1  -4  -2  -2    4   7   3   8   1   3  11   2   1   1   1  24   0   1   7  14   9   0   1   2  0.32 0.21
  289 S    -1   2   3   3  -3   0   2  -2   2  -3  -3   1  -3  -1  -2   0  -1  -3  -2  -1    4  12  13  21   0   3  12   1   4   1   1   7   0   2   2   4   4   0   1   5  0.33 0.20
  290 I    -2   1  -2  -3  -4  -2  -2  -3  -2  -3  -3   3   0  -4   6  -1  -1  -4  -2   0    3   7   1   1   0   1   1   1   1   1   2  21   2   1  39   4   3   0   1   8  0.85 0.38
  291 C    -1   0  -5  -5  11  -5  -5  -2  -5  -4  -2  -5  -4  -5  -5  -4  -4  -5  -5  -2    5   6   1   1  72   1   1   3   0   1   4   1   0   0   1   1   1   0   0   2  2.58 0.80
  292 K    -1   0   1   1  -3   1   0  -1   1  -3  -1   2  -2  -4   4   0   1  -4  -2  -2    3   6   7   7   0   6   4   4   3   0   7  13   1   0  20   7   9   0   1   2  0.30 0.20
  293 S     0  -1   2   0  -3   1   2   0   0  -1  -2   1  -2  -2  -2   1   2  -4  -3   0    6   2  10   5   0   6  13   6   2   4   2  10   1   1   1  12  14   0   0   6  0.18 0.16
  294 C    -1  -5  -5  -2  11  -5  -5  -5   2  -4  -4  -5  -4  -5   0  -2  -4  -5  -5  -4    5   1   1   2  72   1   1   1   5   1   1   1   0   0   5   3   1   0   0   1  2.63 0.81
  295 R    -1   3   1   1  -3   0  -1  -1   4  -3  -2   2  -1  -2   1  -1  -1  -3   0  -1    4  17   8   8   0   3   2   5  13   0   2  12   2   2   6   3   2   0   3   6  0.24 0.16
  296 G    -1  -4   1  -3  -4  -4  -4   6  -4  -4  -5  -4  -4  -4  -4  -1  -3  -4   1  -1    5   0   7   1   0   0   1  67   0   0   1   1   0   0   1   5   1   0   5   6  1.29 0.45
  297 A     1   1   0   0  -3   1   0   0   0  -2  -2   1  -1  -3   0   1   0  -3  -1   0   11   8   4   5   0   6   6   6   3   0   3  10   2   0   4  14   6   0   3   9  0.11 0.09
  298 R    -2   1  -2  -3  -4  -2  -1   5   1  -5  -4   3  -4  -4  -3   1  -1  -4  -4  -4    1   7   0   1   0   0   4  49   4   1   1  17   0   0   1  10   4   0   0   1  0.85 0.35
  299 V     0   0   0  -2  -3   1  -2   0   2   0   0   0   1   1  -3   0   0   4   1   0    6   6   6   0   0   6   0   6   6   6   6   6   6   6   0   6   6   6   6   6  0.09 0.13
  300 V     0   0   0  -2   0   0   1  -1   0   1  -1   0  -1  -2  -3  -2   1  -3   0   3    7   5   5   0   3   3   9   4   3   8   4   7   0   0   0   0   7   0   4  30  0.16 0.21
  301 R    -1   2   0   0  -3   2   2  -3   2  -1  -1   2  -2  -3  -1   0   0  -3  -1  -1    3  12   5   5   0  11  13   0   5   5   5  15   0   0   3   7   5   0   3   4  0.20 0.18
  302 G    -1   2   0   0  -4   1   3   0  -2  -1  -3   3   0  -4  -3   0   0  -4  -3   0    4  10   3   4   0   6  19   7   0   4   0  21   2   0   0   6   5   0   0   7  0.27 0.24
  303 Q    -1   2   0   0  -4   2   2  -2   1  -3  -3   2  -3  -3  -1   0   2  -4  -2  -2    2  12   4   5   0  11  15   2   3   1   1  15   0   1   2   6  16   0   1   3  0.32 0.25
  304 K    -2   4  -2  -1  -5   0   1  -3   1  -2  -4   4  -3  -4  -4  -2  -1  -5   0   0    2  25   1   2   0   4  10   1   4   2   0  32   0   0   0   2   3   0   4   8  0.60 0.38
  305 S    -2   1   1   0  -3   0   1  -3  -1   0  -2   1   0  -2  -1   1   4  -4  -3  -1    1   6   7   4   0   2   8   1   1   5   2  11   2   2   2  12  30   0   0   4  0.30 0.27
  306 V    -2  -3  -5  -2  -4  -2  -5  -6  -5   4   4  -2   1   0  -5  -4  -2  -4  -3   3    2   2   0   3   0   1   0   0   0  23  43   2   3   3   0   0   1   0   0  18  0.74 0.40
  307 K    -2   1   1   0  -4   1   3  -3   1  -3  -3   2  -2  -4  -2   2   2  -5  -3  -2    1   7   8   4   0   5  19   1   4   1   2  12   1   0   1  20  13   0   0   2  0.38 0.29
  308 V    -2  -5  -6  -6  -4  -5  -5  -6   0   4   0  -5  -2   0  -5  -5  -2  -5  -4   6    3   0   0   0   0   0   0   0   3  18   5   0   0   4   0   0   2   0   0  65  1.30 0.61
  309 T    -2   2   4   1  -5   0   0  -3   1  -3  -4   4  -3  -3  -1   0   1  -5  -4  -3    2  11  19   9   0   3   4   0   3   1   0  27   0   1   3   5  10   0   0   2  0.50 0.34
  310 I    -3  -5  -5  -5  -4  -5  -5  -6  -5   6   0  -5   0  -3  -5  -4  -3  -5  -4   5    0   0   0   0   0   0   0   0   0  56   4   0   1   0   0   0   0   0   0  34  1.43 0.54
  311 D    -3  -3  -2  -1  -6  -1   1  -5  -5  -5  -5  -1  -5  -6   8  -4  -4  -6  -5  -5    2   1   2   3   0   3   8   0   0   0   1   4   0   0  74   0   0   0   0   0  2.07 0.71
  312 P     4  -1  -3  -3  -3  -1  -1  -1  -2  -4  -2   2  -2  -2   3  -1  -2  -4  -4  -2   46   3   0   0   0   1   4   3   1   0   3  11   0   2  17   3   1   0   0   1  0.65 0.37
  313 G    -3  -2  -1  -2  -5  -4  -4   7  -5  -6  -6  -4  -5  -6  -5  -1  -4  -5  -5  -6    0   2   3   2   0   0   0  85   0   0   1   0   0   0   0   4   0   0   0   0  1.89 0.65
  314 V     0  -4  -4  -5  -3  -4  -4  -4   1   4  -1  -4   3  -2  -4  -2   0   3  -3   5    7   0   0   0   0   0   0   0   3  22   3   0   9   1   0   2   5   4   0  43  0.76 0.38
  315 D    -2   1   0   4  -2   2   2  -2   0  -3  -3   1  -2  -2  -1  -1  -2   0  -1  -3    3   6   3  31   1   9  16   3   2   1   3  10   0   2   2   2   2   1   2   2  0.44 0.25
  316 N    -1  -1   3   4  -4  -1   2   0   1  -5  -5  -2  -4  -3  -2   1   2  -5  -2  -4    4   3  14  29   0   1  11   6   4   0   0   1   0   1   2  10  14   0   1   0  0.54 0.31
  317 S    -3   0   2  -3  -6   0  -3   7  -5  -7  -7  -4  -6  -6  -5  -2  -4  -6  -6  -6    1   6  11   1   0   4   2  75   0   0   0   0   0   0   0   1   0   0   0   0  1.65 0.63
  318 D    -2  -1   1   2  -4   4   0  -3   3  -3  -2  -2   3  -4  -2  -1   2  -4   0  -3    3   2   8  14   0  24   6   1   7   1   2   1  10   0   2   3  15   0   3   0  0.49 0.35
  319 T     0   5  -2  -3  -3   2   0  -4   0  -3  -3   3  -1  -4  -4  -1  -1  -5  -1  -1    7  37   1   0   1  11   6   0   2   1   1  17   2   0   0   2   4   0   2   6  0.64 0.36
  320 L    -2  -5  -5  -3  -4  -3  -5  -6  -5   5   3  -5   2  -1  -5  -4  -3  -4   2   2    2   0   0   2   0   1   0   0   0  43  27   0   4   1   0   0   1   0   6  12  0.89 0.41
  321 K    -3   6  -3  -4  -5  -1  -3  -4  -2   0  -3   1  -2  -5   1  -1   2  -5  -4  -1    1  51   0   0   0   1   0   1   1   7   2   6   1   0   8   3  13   0   0   5  0.91 0.45
  322 V    -2  -3  -5  -5  -4  -4  -5  -5  -2   2   4  -4   3   3   0  -2  -3  -3   0   2    2   1   0   0   0   0   0   0   1   9  39   0   7  13   6   2   0   0   2  16  0.60 0.32
  323 A     1   2   0  -2  -3   1   0  -2   0  -1  -1   1  -2  -3   2   1   0  -4  -2  -1   14  11   3   1   0   9   6   2   2   3   6   9   0   1  10  15   5   0   1   4  0.18 0.15
  324 R    -1   1   0   1  -4   0  -1   5   0  -3  -4  -1  -3  -1  -3  -1  -1  -4  -3  -1    3   9   4  10   0   4   3  45   2   0   1   3   0   3   0   3   2   0   0   6  0.51 0.26
  325 V     0   0  -1   1  -4   3   3   1   0  -3  -2   2   0  -2  -2  -1  -2  -3  -1  -1    6   4   2   6   0  15  23  11   2   0   2  14   2   2   0   2   0   0   2   4  0.30 0.21
  326 G    -1  -4  -2  -1  -4  -3  -3   6   2  -5  -5   0   1  -5  -4  -1  -3  -4  -4  -4    5   0   0   4   0   0   0  70   5   0   1   5   4   0   0   4   0   0   0   0  1.23 0.49
  327 G     0  -1   3   2  -3  -1   3   1   1  -2  -2  -1  -1  -1  -1   0  -1  -4  -3  -3    7   3  15  13   0   0  26  13   3   2   2   0   2   4   2   4   2   0   0   0  0.32 0.22
  328 A     4  -1  -2  -1  -3   1   0   0  -2  -1  -3  -1  -2  -4   3   0  -2  -4  -2   0   38   3   1   2   0   6   7   6   1   2   1   3   0   0  16   4   1   0   1   7  0.42 0.27
  329 D     0  -4   0  -2  -5  -2   0   6   0  -3  -4  -3  -5  -5  -2  -1  -2  -5  -5  -4    6   0   4   2   0   2   5  65   2   2   1   1   0   0   2   4   2   0   0   1  1.13 0.46
  330 P    -1   0  -2  -1  -3   0   1  -2   0   0   0   0   0  -1   4  -1   0   0   1   0    4   4   1   3   0   3  12   1   2   7   7   6   2   2  23   5   5   2   5   6  0.25 0.15
  331 E    -2   3   4   2  -4   0   0   0   2  -3  -3   0  -2  -1  -2  -1  -2  -3   1  -2    3  19  26  10   0   2   4   6   4   1   1   6   1   3   2   3   1   0   6   2  0.41 0.24
  332 G    -3  -4  -1  -2  -4  -4  -4   7  -4  -3  -4  -1  -4  -3  -4  -2  -2  -4  -4  -5    1   1   3   2   0   0   1  76   0   2   1   5   0   1   1   2   2   0   0   1  1.50 0.51
  333 D     1  -3  -2  -1  -3  -2  -3   5  -1  -1  -3  -2  -1  -4  -3  -1   0  -4  -4  -1   12   1   1   3   0   1   1  54   1   5   3   2   2   0   1   3   6   0   0   4  0.76 0.32
  334 Q    -1  -1  -2  -3  -4   1   0  -1  -1  -2  -3   0  -1  -4   6  -1  -1  -5  -4   0    4   4   1   1   0   5   7   4   2   3   1   5   1   0  48   3   3   0   0   6  0.96 0.38
  335 P     2   1   2  -2   1  -1  -2  -2  -1  -3  -3  -2  -3  -3   4   1   0  -4   1  -2   21   7  12   0   3   1   2   2   1   0   1   1   0   1  24  11   5   0   6   2  0.48 0.27
  336 G    -3  -4  -3  -4  -5  -4  -4   7  -4  -3  -5  -3  -5  -3  -4  -3  -4  -5  -5  -5    1   1   0   0   0   0   1  88   0   2   1   2   0   1   0   1   1   0   0   1  2.00 0.63
  337 D    -5  -5  -1   8  -6  -4  -1  -5  -5  -6  -7  -3  -6  -7  -5  -4  -3  -7  -6  -6    0   0   1  92   0   0   1   0   0   0   0   2   0   0   0   0   1   0   0   0  2.48 0.80
  338 L    -4  -5  -6  -6  -2  -5  -6  -6  -6   2   6  -5   0  -3  -6  -5  -4  -5  -4   0    0   0   0   0   1   0   0   0   0  10  81   0   1   0   0   0   0   0   0   5  1.52 0.57
  339 Y    -4  -3  -5  -6  -5  -2  -3  -6   0   2  -1  -1  -3   2  -6  -5  -4   0   8   1    0   1   0   0   0   2   2   0   2  11   4   4   0   8   0   0   0   1  56   8  1.45 0.57
  340 V    -3  -5  -6  -6  -2  -5  -6  -6  -6   4   2  -5  -2   3  -6  -5  -3  -5  -3   5    0   0   0   0   1   0   0   0   0  28  16   0   0  12   0   0   0   0   0  44  1.12 0.47
  341 T    -2   1  -1  -1  -2   1   1  -4   1   1  -2  -1  -1   2  -4  -2   1  -3   1   3    1   7   2   3   1   8  13   0   4   8   1   4   0   9   0   1  10   0   4  24  0.22 0.21
  342 L    -3  -5  -6  -6  -2  -5  -6  -6  -5   5   2  -5   0   2  -5  -4  -2  -4  -3   4    1   0   0   0   1   0   0   0   0  39  19   0   1  10   0   0   1   0   0  28  1.01 0.43
  343 K    -1   3   1   0  -4   2   1  -1   4  -1  -3   2  -2  -2  -2   1  -1  -4  -1  -2    3  18   7   4   0   9   6   3  13   3   1  11   1   2   1  10   3   0   2   2  0.30 0.21
  344 V    -2  -1  -5  -2  -3   0   1  -6  -5   3   0  -3   0  -4  -5  -4  -2  -5  -4   5    2   3   0   2   0   5  11   0   0  14   7   1   1   0   0   0   1   0   0  53  0.81 0.42
  345 R     1   3  -1  -2  -4   2   1  -3  -2  -1  -1   5  -1  -5  -3  -1  -1  -5  -4  -2   11  14   2   2   0   7   8   0   0   3   5  37   1   0   0   3   4   0   0   2  0.52 0.31
  346 E    -1  -2  -1   0  -5   1   3  -2  -2  -5  -4   1  -4  -2   6  -1  -2  -5  -4  -4    5   2   3   5   0   6  24   2   1   0   1   9   0   2  35   4   1   0   0   1  0.85 0.40
  347 D    -5  -4  -1   3  -6  -3  -3  -5  10  -3  -6  -4  -5  -5  -4   2  -5  -6  -2  -6    0   0   2  15   0   0   1   0  64   2   0   0   0   0   1  15   0   0   1   0  2.16 0.77
  348 P     0  -1   0   2  -5  -1   2  -4  -1  -4  -4   2  -2  -5   5   0  -2  -5   0  -3    6   3   4  11   0   1  12   0   1   0   1  16   1   0  31   6   1   0   3   2  0.66 0.33
  349 V    -2   0   0  -2  -3  -1  -1  -1   2   3   0   0  -1   2  -4  -2  -1  -3   1   2    0   7   5   2   0   1   3   4   5  24   9   6   1  10   0   1   3   0   4  15  0.19 0.17
  350 F    -6  -7  -7  -7  -6  -7  -5  -7  -5  -3  -1  -7  -4   9  -8  -6  -6   0   2  -4    0   0   0   0   0   0   1   0   0   1   5   0   0  87   0   0   0   1   4   1  2.65 0.84
  351 R    -2   2  -2  -1  -5   4   3  -3  -2  -2  -3   3  -2  -5  -4   0   1  -5  -4  -1    1  12   0   3   0  19  23   1   1   2   1  17   1   0   0   5  10   0   0   5  0.55 0.33
  352 R    -5   8  -4  -6  -7  -3  -4  -6  -4  -3  -1   0  -4  -1  -6  -5  -5  -6  -5  -1    0  82   0   0   0   0   0   0   0   1   6   3   0   3   0   0   0   0   0   5  2.03 0.75
  353 E    -3   1   1   5  -2   1   3  -4   0  -2  -4   1   0  -5  -4   0  -2  -5  -3  -2    0   8   7  35   1   6  16   0   2   2   1   7   2   0   0   6   1   0   0   4  0.62 0.33
  354 G    -2  -4   1   1  -6  -4  -2   7  -2  -7  -7  -2  -6  -6  -5  -3  -5   1  -4  -6    2   0   6   8   0   0   3  74   1   0   0   2   0   0   0   1   0   2   1   0  1.58 0.59
  355 S     0  -2   4   5  -3   1   0  -3   0  -2  -3  -1  -2  -3  -2   1  -1  -5  -1  -3    9   2  20  31   1   6   4   0   3   2   2   2   1   1   1  10   3   0   2   0  0.54 0.31
  356 D    -5  -2   5   7  -7  -3  -1  -2   2  -7  -7  -4  -5  -7  -5  -3  -2  -7  -6  -6    0   2  23  63   0   0   1   2   5   0   0   0   0   0   0   0   2   0   0   0  1.72 0.65
  357 I    -4  -5  -6  -7  -4  -5  -6  -7  -6   4   5  -6   1  -3  -6  -5  -4  -5  -4   1    0   0   0   0   0   0   0   0   0  26  64   0   2   0   0   0   0   0   0   8  1.36 0.53
  358 H    -3  -2  -4  -5  -5  -3  -2  -5   6   3  -1  -2  -2   3  -5  -4  -2   0   6   0    1   1   0   0   0   1   2   0  21  16   5   2   1  10   0   0   2   1  31   7  0.97 0.43
  359 V    -1  -2  -4  -5   7  -4  -4  -3  -2   1   0  -3   2   0  -4   0   0  -3   4   1    4   2   0   0  29   0   0   1   1   7   6   1   7   3   0   8   6   0  15   9  0.74 0.36
  360 D    -1   1   2   2  -3   1   4  -3  -1  -3  -4   1  -3  -4  -2   0   2  -2  -4  -2    3   6  11  11   1   4  27   0   1   1   0   7   0   0   1   5  17   1   0   3  0.44 0.27
  361 A     0  -2  -3  -4   0  -2  -2  -4   0   2   2  -2   3  -1  -4  -2  -1  -4  -1   4    9   2   1   0   2   2   3   0   3   8  17   2   9   2   0   2   2   0   2  34  0.38 0.25
  362 V    -2  -1  -1   0  -5  -2   0  -4  -1  -3  -2   1  -4   0   6  -1   1  -5  -2  -2    3   2   3   5   0   1   5   0   2   1   4   9   0   4  45   3  10   0   1   2  0.90 0.40
  363 L    -4  -6  -6  -6  -4  -6  -6  -7  -6   7   2  -6  -1  -3  -6  -5  -4  -6  -4   4    0   0   0   0   0   0   0   0   0  61  14   0   1   0   0   0   0   0   0  24  1.53 0.57
  364 S    -1  -2   2   2  -4  -1  -3  -1  -4  -4  -5  -2  -4  -1   2   5   0  -6  -4  -4    2   2   8  10   0   1   0   3   0   1   0   2   0   4  10  52   6   0   0   0  0.80 0.45
  365 V    -2  -5  -5  -6  -3  -5  -5  -6  -4   1   2  -5   4   6   1  -4  -4  -3   3   0    3   0   0   0   0   0   0   0   0   7  18   0  12  37   9   0   0   0   9   5  0.96 0.43
  366 T     2  -1  -3  -3  -3  -2  -3  -2  -4   0   0  -1   0  -2   2   0   3   1  -2   2   16   2   0   0   0   1   0   2   0   5   9   3   2   1   9   6  24   2   1  15  0.28 0.23
  367 Q    -1  -2  -1   2  -5   4   3  -3  -2  -2  -2   0   0  -5  -4  -2   2  -2  -4  -1    4   1   2  11   0  26  21   1   0   2   4   5   3   0   0   1  14   0   0   4  0.52 0.33
  368 A     7  -5  -5  -5  -4  -4  -4  -4  -5  -3  -2  -4   1  -5  -3  -1  -2  -6  -5  -1   84   0   0   0   0   0   0   0   0   1   3   0   4   0   1   3   1   0   0   3  1.57 0.67
  369 I     4  -3  -5  -5  -1  -4  -4  -4  -5   3   2  -4  -2  -3  -3  -2  -1  -5  -1   1   41   1   0   0   1   0   0   0   0  21  21   0   0   0   0   1   3   0   2   9  0.67 0.38
  370 L    -3  -5  -1  -6   4  -5  -5  -4  -5  -1   5  -5  -1   0  -4  -4  -1  -4  -2   0    1   0   4   0   9   0   0   2   0   0  69   0   0   4   1   0   4   0   1   4  1.05 0.48
  371 G    -4  -5  -4  -5  -1  -2  -4   7  -6  -8  -7  -5  -6  -7  -6  -2  -5  -6  -7  -7    0   0   0   0   1   2   1  94   0   0   0   0   0   0   0   2   0   0   0   0  2.38 0.78
  372 G     0  -4   0   1   2  -3  -2   5  -2  -4  -4  -2   0   2  -4  -1   1  -4  -3  -3    9   0   3   9   6   0   2  41   1   0   0   3   3  11   0   2   9   0   0   0  0.61 0.33
  373 T    -2   0  -2   0  -4   1   4  -4  -1  -2  -3   2  -3  -5  -2   0   3   1  -4  -2    3   5   0   4   0   6  32   0   1   3   1  14   0   0   2   5  21   2   0   2  0.53 0.34
  374 I    -2  -2  -5  -5  -4  -3  -4  -5  -5   5   1   0   0   1  -5  -2  -2  -5  -3   4    2   2   0   0   0   1   1   0   0  36   9   6   2   6   0   2   1   0   0  32  0.75 0.37
  375 Q    -2   0   0   1  -2   0   4  -4  -2  -1  -3   2  -2  -3  -1   0   1  -5  -2  -2    2   4   3   9   1   2  37   0   0   5   1  13   1   1   3   5  10   0   2   3  0.46 0.29
  376 V    -2  -6  -6  -6  -4  -5  -6  -6  -6   4   0  -5   0  -1  -5  -3  -3  -6  -4   6    2   0   0   0   0   0   0   0   0  26   7   0   2   2   0   2   0   0   0  58  1.28 0.52
  377 P    -3  -1  -1   0  -6   1   0  -5  -3  -5  -5   1  -2  -2   7  -2   0  -6  -5  -4    2   3   3   5   0   6   5   0   1   0   0  10   1   2  55   2   6   0   0   1  1.30 0.52
  378 T    -3  -4  -3  -4  -3  -4  -4  -1   4  -3  -3  -3  -2  -3  -2   1   7  -6  -4  -2    1   0   0   1   0   0   0   5   9   1   2   1   1   1   2   7  67   0   0   2  1.29 0.61
  379 L    -4  -5  -6  -6  -4  -5  -5  -6  -5   3   5  -5   0   1   2  -5  -4  -5  -3   2    0   0   0   0   0   0   0   0   0  16  55   0   1   5  11   0   0   0   0  12  0.99 0.44
  380 T    -3  -1   0   6  -6  -2   1  -2   2  -5  -5  -1  -5  -4  -4  -1   0  -5   1  -4    1   4   3  54   0   1   9   2   5   0   0   2   0   1   0   3   7   0   5   1  1.04 0.46
  381 G    -3  -5  -1  -1  -6  -4   0   7  -5  -7  -6  -3  -6  -6  -5  -2  -3  -6  -6  -6    0   0   3   4   0   0   7  81   0   0   0   1   0   0   0   1   1   0   0   0  1.82 0.65
  382 D    -2   4   0   1  -4   0   1  -3   1  -2  -2   3   0  -3   1   0  -1  -5  -3  -3    2  23   3   9   0   4   9   1   3   3   5  19   3   1   8   6   3   0   0   1  0.36 0.23
  383 V     0  -1  -3  -3  -1  -1  -1  -2  -2   2   1   1   0  -1  -3  -1   0  -1  -1   3    8   3   0   0   1   2   4   2   0  11  14   9   1   2   0   4   4   1   2  30  0.21 0.18
  384 V    -2   1   1   0  -4   0   2  -3   0  -2  -1   4  -1  -4   0  -1   0  -1  -2  -2    1   8   6   3   0   3  17   1   2   1   8  30   1   0   5   3   7   1   1   3  0.35 0.25
  385 V    -4  -5  -6  -6  -4  -5  -4  -6  -5   4   4  -5   3   0  -5  -5  -3  -4  -1   4    0   0   0   0   0   0   1   0   0  21  39   0   6   3   0   0   0   0   2  29  0.96 0.42
  386 K    -2   1   0   0  -5   0   0  -3  -1  -2  -4   5  -3  -2  -1   0   2  -1  -2  -2    1   7   5   6   0   3   5   1   1   2   0  39   0   2   3   7  13   1   2   3  0.50 0.32
  387 V    -3  -1  -5  -6  -2  -5  -5  -6  -5   6   1  -5  -1  -1  -5  -1  -2  -5  -2   4    1   4   0   0   1   0   0   0   0  44  12   0   1   2   0   5   1   0   1  30  0.96 0.43
  388 R    -2   0   1  -1  -6   0  -1  -4  -2  -4  -4   1  -5  -5   7  -1  -2  -6   0  -3    2   5   8   4   0   3   4   1   1   1   1   7   0   0  53   4   1   0   4   2  1.19 0.50
  389 P     3  -3  -3   1  -3   0   2  -1  -4  -5  -4   0  -4  -5   5   0  -2  -5  -4  -3   23   1   0   9   0   3  13   4   0   0   1   6   0   0  30   7   1   0   0   2  0.72 0.37
  390 G    -2  -4  -1  -2  -5  -4   1   6  -2   0  -4  -2  -4  -2  -3  -1  -3  -5   0  -2    1   0   3   1   0   0   9  63   1   7   1   1   0   2   1   3   1   0   4   3  1.03 0.46
  391 T    -2  -2  -4  -5  -2  -4  -4  -5  -5   3  -1  -4  -3  -2  -4   0   6  -5   0   1    2   2   0   0   1   0   0   0   0  14   5   0   0   1   0   6  55   0   4  10  0.99 0.51
  392 Q    -2   0  -1  -2  -6   7   0  -3   1  -6  -5   3  -4  -6  -1  -1  -2  -1  -3  -5    3   5   2   1   0  53   4   1   3   0   0  20   0   0   2   3   2   1   1   0  1.21 0.58
  393 P    -1  -4   2   0  -1  -2  -2  -3   1  -3  -5  -3  -4  -2   5   3   3  -6  -3  -4    3   0   9   5   2   1   1   1   4   1   0   0   0   2  31  24  18   0   1   1  0.82 0.43
  394 G    -2  -3   2   0  -6  -3  -2   6   1  -6  -6   0  -5  -6  -5  -2  -3  -6  -5  -4    1   1   8   6   0   1   3  67   4   0   0   5   0   0   0   2   1   0   0   1  1.32 0.53
  395 H     0   2  -1   2  -1   3   2  -4   0  -4  -4   2   0  -4  -3   0   2  -4   0  -4    6   9   2  12   2  17  11   0   2   0   0  16   2   0   0   4  15   0   3   0  0.44 0.29
  396 K    -2   1  -2  -3  -1   2  -1  -4  -1   2   0   1   1   0  -3  -1   1  -3  -1   2    2  10   1   0   2  10   4   0   1  12   8   9   5   4   0   2  12   0   2  17  0.19 0.18
  397 V    -3   0  -4  -5  -4  -3  -3  -5  -2   2   2   1   2   5  -5  -2  -3  -3   0   0    0   6   0   0   0   0   1   0   1  14  22  10   5  29   0   3   0   0   2   7  0.61 0.33
  398 V    -1   6  -3  -4   0  -2  -2  -4  -3  -1  -3   2  -2  -5  -3  -2   1  -1  -1   1    4  48   0   0   2   0   2   1   0   4   1  11   1   0   1   1   9   1   2  12  0.80 0.42
  399 L    -3  -4  -6  -6  -2  -4  -5  -6  -5   4   4  -2   2   1  -5  -5  -3  -4  -1   2    1   1   0   0   1   0   0   0   0  21  45   3   4   7   0   0   0   0   2  16  0.85 0.38
  400 R    -1   5   0  -2  -4  -1   1  -4   0  -3  -4   4  -4  -5   2  -1  -2  -5  -3  -4    4  36   4   1   0   1   9   1   2   1   1  25   0   0   9   4   1   0   1   1  0.76 0.39
  401 N    -1  -3   3   1  -5  -2  -1   6  -4  -6  -6  -2  -5  -6  -5  -1  -4  -6  -6  -6    5   1  14   7   0   1   4  62   0   0   0   3   0   0   0   3   0   0   0   0  1.27 0.52
  402 K    -2   1  -2  -3  -6   1   3  -1   1  -5  -2   5  -1  -2  -4  -2  -3  -5  -2  -5    3   6   1   0   0   6  21   5   3   0   5  46   2   1   0   1   0   0   1   0  0.82 0.44
  403 G    -1  -6  -4  -5  -6  -6  -6   7  -6  -8  -8  -5  -7  -7  -6  -4  -5  -7  -7  -7    4   0   0   0   0   0   0  96   0   0   0   0   0   0   0   0   0   0   0   0  2.51 0.83
  404 I    -1  -5  -5  -6  -4  -4  -5  -5  -5   3   1  -5   7   1  -1  -4  -3   0  -1   3    4   0   0   0   0   0   0   0   0  15  13   0  30   7   4   0   1   1   2  24  0.90 0.43
  405 R    -3  -2  -1  -1  -5  -2  -3  -3  -3  -5  -4   3  -5  -6   7  -2   0  -6  -3  -2    2   2   3   3   0   2   1   2   0   0   2  19   0   0  53   2   6   0   1   3  1.32 0.55
  406 A    -1   1   2   0  -3  -1  -2   0   3   0  -1   0  -1  -1   1   1  -1  -3   2  -1    3  11  11   4   0   1   1   6   8   6   4   6   1   2   8  14   2   0   7   6  0.15 0.15
  407 R    -2  -1  -3  -2  -3   0  -2  -3  -2   1   3   1   1  -1   0  -2  -1  -3   0   2    1   3   1   3   0   3   1   1   1   5  32  13   2   2   6   2   2   0   3  18  0.26 0.21
  408 K    -4   6   4  -2  -5   0  -1  -1   2  -4  -5   2  -4  -5  -3  -3  -1  -5  -3  -5    0  41  21   2   0   4   2   5   5   1   0  12   0   0   1   0   4   0   1   0  0.93 0.45
  409 S    -1  -2   1  -3  -2  -2  -3   4  -1  -5  -5  -1  -4  -3   3   3   1  -3  -2  -4    4   1   6   0   1   1   0  29   2   0   0   3   0   1  17  25   7   0   1   0  0.65 0.36
  410 T    -1   1   2   0  -3  -1  -1   3   1  -3  -3  -1  -2   0  -1   1   1  -3   1  -2    4   9  10   4   0   2   2  22   5   0   2   3   0   5   2  14   8   0   6   3  0.23 0.18
  411 K     0   2  -1  -1  -3   1   0   3  -1   0  -2   1   0  -3  -2   0  -2  -3   1  -2    9  11   1   2   0   7   6  28   1   6   2   8   4   0   1   6   1   0   5   1  0.26 0.19
  412 F    -1   5   0  -3  -3   0  -2  -3   1  -1  -3   3  -2  -2  -1  -1   0  -4   0  -1    6  35   4   0   0   4   1   1   4   4   1  16   1   2   3   3   7   0   3   5  0.48 0.30
  413 G    -4  -3  -4  -5  -6  -5  -6   7  -6  -7  -7  -5  -6  -7  -6  -4  -5  -6  -7  -7    0   1   0   0   0   0   0  97   0   0   0   0   0   0   0   0   0   0   0   0  2.54 0.85
  414 D    -3  -2   2   7  -6  -4  -2  -5  -2  -5  -6  -1  -3  -6  -5  -1  -3  -7  -6  -5    1   2  10  74   0   0   1   0   1   1   0   4   1   0   0   4   1   0   0   1  1.81 0.69
  415 Q    -3  -5  -6  -6  -5   3  -3  -6   2  -1   5  -5   4  -2  -6  -5  -4  -5  -4  -2    1   0   0   0   0  12   1   0   5   1  68   0   9   1   0   0   0   0   0   0  1.28 0.58
  416 Y    -4  -2  -4  -6  -1  -3  -4  -5   2   4   2  -1   0   2  -6  -5  -4  -3   6  -1    0   2   0   0   1   1   0   0   4  26  17   4   2   6   0   0   0   0  33   2  0.95 0.46
  417 V    -1  -6  -6  -6   5  -5  -6  -6  -6   4   0  -5  -1  -2  -5  -4  -2  -6  -4   5    6   0   0   0  13   0   0   0   0  27   7   0   1   1   0   0   2   0   0  45  1.16 0.50
  418 H    -3   2  -1  -2  -5   3   2  -4   5  -1  -4   2  -3  -3  -4  -2   2  -5  -3  -1    1  11   2   1   0  14  12   1  18   3   1  15   0   1   0   1  14   0   0   5  0.56 0.35
  419 F    -3  -5  -6  -6  -2  -5  -6  -6  -5   3   1  -5  -1   4  -3  -5  -3   0   0   5    1   0   0   0   1   0   0   0   0  19  14   0   1  20   1   0   1   1   2  40  0.97 0.44
  420 N    -1   1   2   1  -4   1   1  -3   1   0  -2   3  -1  -2  -3   0   0  -4  -2   1    2   6  11   9   0   5  10   0   4   8   2  20   1   2   0   4   4   0   1  12  0.21 0.18
  421 V    -4  -6  -6  -7  -4  -6  -6  -7  -6   4  -1  -6  -1   0  -4  -5  -3  -5   1   6    0   0   0   0   0   0   0   0   0  26   3   0   1   3   1   0   0   0   4  61  1.45 0.60
  422 S    -1  -1   0   0  -4   1   4  -3  -3   0  -2   1  -1  -1  -4  -1   0  -3   0   1    5   1   3   5   0   5  37   1   0   4   2   7   1   2   0   4   7   0   4  12  0.39 0.29
  423 I    -3  -3  -4  -5  -4  -4  -5  -5  -5   3  -1  -3   1   4  -5  -2   5  -4   1   2    0   1   0   0   0   0   0   0   0  18   4   1   3  16   0   1  35   0   4  17  0.80 0.43
  424 P    -4  -7  -7  -6  -7  -6  -6  -7  -7  -7  -7  -3  -2  -8   9  -5  -6  -8  -7  -7    1   0   0   0   0   0   0   0   0   0   0   1   1   0  96   0   0   0   0   0  3.25 1.03
  425 A    -2  -1  -2   0  -2   1   2  -2  -3  -1  -3   4  -3  -5  -1  -1   2  -5  -4   2    1   1   1   4   1   7  11   2   0   3   0  31   0   0   2   4  15   0   0  17  0.45 0.32
  426 N    -2   2   4  -1  -5  -1   0  -3   1  -4  -4   4  -4  -5  -2   1  -1  -5  -2  -4    2  12  25   2   0   2   6   1   3   1   1  29   0   0   2   9   3   0   1   1  0.62 0.34
  427 I    -4  -5  -6  -6  -4  -2  -5  -6  -5   1   6  -4   0   1  -1  -4  -2  -2  -1   0    1   0   0   0   0   2   0   0   0   7  71   0   1   6   3   1   1   0   2   4  1.12 0.49
  428 T    -2  -4   4   2  -3  -3  -2  -3  -2  -4  -5  -2  -4  -4  -3   4   4  -1  -5  -4    1   0  20  11   0   0   1   1   1   0   0   2   0   1   1  31  31   1   0   0  0.91 0.49
  429 Q     1   0   0   2  -4   0   2  -1   0  -4  -3   2  -3  -3   3   1  -2  -5  -4  -4   10   4   3  13   0   3  16   3   2   0   3  15   0   1  16  10   1   0   0   0  0.40 0.25
  430 R     0   3   0   1  -5   1   4  -3   1  -4  -4   2  -4  -4  -2  -1  -2  -5  -3  -4    7  19   3   9   0   4  30   1   3   1   1  15   0   0   1   4   2   0   0   0  0.59 0.33
  431 Q    -1  -2  -2  -1  -6   7   3  -5  -1  -3  -4   0  -4  -3  -3  -1  -2  -5  -5  -3    6   1   1   3   0  56  17   0   1   2   1   4   0   1   1   3   2   0   0   1  1.24 0.60
  432 R    -2   4  -2  -4   0   1   0  -5  -3  -1  -1   5  -3  -5  -4  -3  -2  -5  -4  -3    3  27   1   0   2   5   6   0   0   3   8  42   0   0   0   1   2   0   0   1  0.88 0.45
  433 E     0  -1  -1   2  -1   1   5  -3   0  -4  -5   3  -2  -5  -3  -1  -1  -5  -4  -4    9   3   2   9   1   5  43   1   2   0   0  16   1   0   1   3   3   0   0   0  0.74 0.40
  434 L     1  -4  -2  -1  -2  -2  -3  -4  -4   1   5  -1   1  -3  -5  -2  -3  -4  -2  -1   11   0   2   4   1   1   1   1   0   6  61   5   2   0   0   2   0   0   1   3  0.71 0.39
  435 L    -4  -5  -6  -7  -5  -5  -6  -7  -6   1   6  -4   1  -1  -6  -4  -4   3  -1  -1    1   0   0   0   0   0   0   0   0   8  77   1   2   1   0   1   1   4   2   2  1.38 0.57
  436 E    -2   4   0  -1  -5   2   4  -4  -1  -4  -3   3  -2  -4  -4  -1  -1  -5  -2  -4    1  22   4   2   0  10  31   0   1   1   3  15   1   0   0   3   3   0   1   1  0.68 0.37
  437 E     1  -1  -1   0  -5   4   4  -4  -3  -4  -5   3  -3  -6  -4  -2  -3  -6  -5  -4   11   1   3   3   0  21  34   0   0   1   0  22   0   0   0   1   1   0   0   0  0.87 0.46
  438 F    -4  -5  -6  -7  -5  -5  -6  -6  -5   1   4  -6   0   6  -6  -5  -4   0   2  -2    1   0   0   0   0   0   0   0   0   9  42   0   1  39   0   0   0   1   6   1  1.31 0.52
  439 S     4   1  -2   0  -2   0   2  -2  -1  -1  -1  -1  -1  -2  -3   0  -2  -4  -2  -2   38   6   1   5   1   4  18   2   1   3   5   3   2   2   0   6   0   0   1   1  0.35 0.26
  440 K     0   0  -1   2  -5   2   4  -2  -1  -4  -4   3  -3  -5  -2  -1  -2  -5  -3  -4    8   4   2  11   0   8  32   2   1   0   1  23   0   0   1   4   1   0   1   0  0.61 0.32
  441 A     2  -2  -1  -2  -2  -1   1  -3  -1   1   1  -1   0  -3  -1   3   0  -4  -3  -1   16   1   2   1   0   1   9   0   2  10  16   2   2   0   3  26   5   0   0   3  0.23 0.21
  442 E    -1   1   1  -1   0   0   2  -1   0  -2   0   0   0   1  -2   1   0  -3   0  -1    3   9   6   2   2   2  15   3   2   1  12   3   2   8   1  16   7   0   3   3  0.09 0.12
  443 Q    -1   0   2   1  -2   2   1   3   0  -2  -3   1  -2  -4  -3   1  -1  -3  -3  -3    3   4  10   9   1   9   7  27   2   2   3  10   0   0   0   9   3   0   0   1  0.33 0.20
  444 G     0  -1   1   3  -4   1   2   2  -2  -2  -3   1  -2  -3  -2   0  -1  -4  -2  -2    8   1   6  18   0   5  17  18   1   3   1  11   1   1   1   6   1   0   1   2  0.30 0.19
  445 E    -1   0   1   2  -3   0   4  -1  -2  -4  -4   1  -3  -1  -1   1   0  -4  -2  -3    5   3   7  10   0   3  33   5   0   0   0   9   0   3   3  11   6   0   1   1  0.43 0.26
  446 Y    -1  -1   1   0   1  -1  -1   1   1   0  -2   0   0   1   0   0   1  -1   1   0    3   1   9   4   3   1   3  10   3   8   1   5   4  10   5   9   9   0   5   7  0.06 0.09
  447 E     1  -1   2   2  -2   0   3   0   2  -3  -2   0  -3  -3   0   1  -1  -4  -3  -3   13   2  11  12   1   2  20   8   5   1   4   6   0   1   3   8   2   0   0   1  0.27 0.19
  448 Q    -2   1   0  -2  -5   1   3  -4   2  -5  -5   3  -3  -5   5  -1  -2  -5  -4  -4    2   7   4   1   0   4  21   0   5   0   0  19   0   0  29   4   1   0   0   1  0.81 0.38
  449 R    -2   3   0   0  -5   2   1  -1   5  -4  -4   3  -3  -4  -2  -1  -1  -5  -2  -2    1  18   2   5   0  10  10   4  18   0   0  18   0   0   1   3   4   0   0   3  0.53 0.27
  450 T     0   0   2  -1  -3   0  -1   0   4  -4  -4   2  -2  -4   0   3   2  -4  -2  -3    7   3   9   1   0   3   2   6  11   0   0  14   1   0   5  24  13   0   1   0  0.38 0.23
  451 A     1   0   0  -1  -3   1   0  -1  -2  -1  -2   1  -2  -2   3   3  -1  -2  -3  -1   11   4   3   3   0   8   3   3   1   3   4  10   0   1  13  29   1   0   0   3  0.28 0.19
  452 T    -2   0  -2  -2  -4   1   2   0  -2  -4  -4   1  -3  -1   4   1   0   6  -2  -4    1   3   1   1   0   6  14   6   0   0   0   9   0   2  21  15   5  15   0   0  0.62 0.27
  453 G     0   1   0   0  -4  -1   0   3   1  -4  -4   3  -3   0  -2   1  -1  -4  -2  -3    8   5   2   6   0   1   5  26   4   0   0  22   0   7   1  11   2   0   0   0  0.34 0.18
  454 S     1  -1  -2  -2  -3   0  -1   1  -1  -3  -3   3  -3   0  -3   3   1  -4  -1  -1    9   0   0   0   0   2   2  10   1   0   0  28   0   4   0  32   6   0   2   3  0.40 0.24
  455 S     4  -2  -2  -2  -3   0  -2  -2  -3  -4  -4   1  -3  -2  -3   5  -1  -4  -3  -3   38   0   0   0   0   3   0   0   0   0   0   7   0   2   0  49   1   0   0   0  0.75 0.30
  456 Q    -2   3  -1  -1  -4   2   1  -3  -1  -4  -3   5  -2  -4  -2  -1  -2  -4  -3  -3    0  17   0   0   0   7   8   0   0   0   0  67   0   0   0   0   0   0   0   0  0.80 0.16

                      K         Lambda
Standard Ungapped    0.1346     0.3161
Standard Gapped      0.0472     0.2670
PSI Ungapped         0.1541     0.3177
PSI Gapped           0.0472     0.2670
