
Last position-specific scoring matrix computed, weighted observed percentages rounded down, information per position, and relative weight of gapless real matches to pseudocounts
            A   R   N   D   C   Q   E   G   H   I   L   K   M   F   P   S   T   W   Y   V   A   R   N   D   C   Q   E   G   H   I   L   K   M   F   P   S   T   W   Y   V
    1 M    -1  -2  -2  -3  -2  -1  -2  -3  -2   1   2  -2   6   0  -3  -2  -1  -2  -1   1    0   0   0   0   0   0   0   0   0   0   0   0 100   0   0   0   0   0   0   0  0.47 0.04
    2 W    -3  -3  -4  -4  -2  -2  -3  -3  -2  -2  -1  -3  -1   4  -4  -3  -2  10   2  -2    0   0   0   0   0   0   0   0   0   0   0   0   0  32   0   0   0  68   0   0  1.66 0.03
    3 D    -2  -1   4   4  -3   0   1  -1   0  -3  -4  -1  -3  -3  -2   0  -1  -4  -3  -3    0   0  53  47   0   0   0   0   0   0   0   0   0   0   0   0   0   0   0   0  0.70 0.02
    4 L     0  -2  -2  -2  -1  -1  -2  -2  -2   1   3  -2   1   0  -2   1   0  -2  -1   0    0   0   0   0   0   0   0   0   0   0  68   0   0   0   0  32   0   0   0   0  0.23 0.01
    5 N    -2  -1   6   1  -3   0   0  -1   0  -3  -4   0  -2  -3  -2   0   0  -4  -2  -3    0   0 100   0   0   0   0   0   0   0   0   0   0   0   0   0   0   0   0   0  0.81 0.03
    6 D    -1  -2   1   5  -2  -1   1  -1  -1  -2  -3  -1  -2  -3  -1   0   2  -4  -3  -2    0   0   0  68   0   0   0   0   0   0   0   0   0   0   0   0  32   0   0   0  0.61 0.02
    7 S     1  -1   0   3  -1   0   0  -1  -1  -2  -3  -1  -2  -3  -1   3   0  -3  -2  -2   19   0   0  32   0   0   0   0   0   0   0   0   0   0   0  49   0   0   0   0  0.38 0.01
    8 P    -1  -2  -2  -2  -3  -1  -1  -2  -2  -3  -3  -1  -3  -4   7  -1  -1  -4  -3  -3    0   0   0   0   0   0   0   0   0   0   0   0   0   0 100   0   0   0   0   0  2.10 0.03
    9 A     1  -1  -1  -2  -2  -1  -1  -2   5  -2  -1  -1  -1   3  -2  -1  -1  -1   2  -1   28   0   0   0   0   0   0   0  40   0   0   0   0  32   0   0   0   0   0   0  0.33 0.02
   10 A     1   0   0   0  -2   3   2  -1   4  -3  -2   0  -1  -2  -1   0  -1  -2  -1  -2   28   0   0   0   0  32  19   0  21   0   0   0   0   0   0   0   0   0   0   0  0.34 0.01
   11 E    -1   0   0   1  -4   2   5  -2   0  -3  -3   1  -2  -3  -1   0  -1  -3  -2  -3    0   0   0   0   0   0 100   0   0   0   0   0   0   0   0   0   0   0   0   0  0.79 0.03
   12 A     2  -1   0   1  -2   1   4  -1  -1  -2  -2   0  -2  -3  -1   2   0  -3  -2  -2   28   0   0   0   0   0  53   0   0   0   0   0   0   0   0  19   0   0   0   0  0.39 0.01
   13 A     2  -1  -1  -1  -1   0   1  -1  -1   0   1  -1   0  -1  -1   1   0  -2  -2   0   28   0   0   0   0   0  19   0   0   0  32   0   0   0   0  21   0   0   0   0  0.14 0.01
   14 P    -1  -1  -1   2  -3   0   2  -2  -1  -1   0  -1   3  -2   4  -1  -1  -3  -2  -1    0   0   0  21   0   0  19   0   0   0   0   0  32   0  28   0   0   0   0   0  0.44 0.01
   15 P    -1   0  -1  -1  -2   0   0  -2  -1  -2  -2   2  -1   2   4   1   0  -2   0  -2    0   0   0   0   0   0   0   0   0   0   0  32   0  19  28  21   0   0   0   0  0.41 0.01
   16 P     2   2  -2  -2   4  -1  -1  -1  -2  -2  -2   0  -2  -3   4   0  -1  -3  -2  -1   32  21   0   0  19   0   0   0   0   0   0   0   0   0  28   0   0   0   0   0  0.49 0.01
   17 L    -1  -2  -2  -3  -2  -2  -3   2  -1   0   3  -2   1   1  -3  -2  -1  -1   3   0    0   0   0   0   0   0   0  21   0   0  60   0   0   0   0   0   0   0  19   0  0.25 0.01
   18 S     0   0   3   0  -2   3   1  -1   0  -3  -3   0  -1  -3  -1   3   1  -3  -2  -2    0   0  21   0   0  32   0   0   0   0   0   0   0   0   0  47   0   0   0   0  0.38 0.02
   19 P     0  -2  -1  -1  -2  -1  -1  -2  -2  -3  -3  -1  -2  -3   7   2   0  -4  -3  -2    0   0   0   0   0   0   0   0   0   0   0   0   0   0  69  31   0   0   0   0  1.37 0.06
   20 S     0  -2  -1  -2  -1  -1  -1  -2  -1   0  -1  -1  -1  -1   2   3   0  -2   2   1    0   0   0   0   0   0   0   0   0   0   0   0   0   0  11  45   0   0  16  28  0.24 0.05
   21 A     1  -1  -1  -1  -2   0   1   1  -1  -2  -2  -1  -1  -1  -1   2   1  -1   2  -1   17   0   0   0   0   0  14  12   0   0   0   0   0   0   0  26  16   0  16   0  0.22 0.03
   22 D    -1   0   0   2   4   0   0  -2   3  -2  -1   2   2  -2  -2   0   1  -3  -1  -1    0   0   0  17  16   0   0   0  12   0   0  25  14   0   0   0  16   0   0   0  0.21 0.04
   23 D    -1   3   2   2  -3   0   1  -2  -1  -1   0   0  -1  -2  -2  -1  -1  -3  -2   0    0  27  16  17   0   0  14   0   0   0  14   0   0   0   0   0   0   0   0  12  0.20 0.03
   24 S     0   1   0  -1  -1   0  -1  -1  -1  -1  -2   0  -1  -2  -1   3   2  -3  -2   0    0  14   0   0   0   0   0   0   0   0   0   0   0   0   0  59  16   0   0  11  0.32 0.05
   25 G    -1  -1   3   2  -3  -1   0   3  -1  -3  -3   1  -2  -3  -2   1  -1  -3  -3  -3    0   0  26  13   0   0   0  36   0   0   0  12   0   0   0  13   0   0   0   0  0.46 0.05
   26 A     1  -2   0  -1  -2  -1  -1   2  -1  -2  -2  -1  -2  -1  -2   2   1  -1   2  -2   14   0   0   0   0   0   0  22   0   0   0   0   0   0   0  36  12   0  16   0  0.30 0.05
   27 S     1  -1  -1  -2  -2  -1  -1  -1  -1  -1  -1   1   1   3  -2   2   0  -2   0  -1   16   0   0   0   0   0   0   0   0   0   0  12  10  22   0  39   0   0   0   0  0.20 0.05
   28 S     0  -1   0  -1  -1  -1  -1  -1  -2  -1  -2  -1  -1  -2  -1   4   2  -3  -2   0    0   0   0   0   0   0   0   0   0   0   0   0   0   0   0  72  16   0   0  12  0.44 0.08
   29 S     0   1   1  -1  -2   1  -1  -2  -1  -2  -1   0  -1  -2   2   2   2  -3  -2  -1    0   9   8   0   0   9   0   0   0   0   9   0   0   0  11  34  20   0   0   0  0.28 0.06
   30 S     1   0   0   1  -2   0   0  -1  -2  -2   0   2  -1  -2  -1   2   1  -3  -2  -1   20   0   0   9   0   0   0   0   0   0  11  20   0   0   0  29  11   0   0   0  0.20 0.05
   31 A     1   0  -1  -1  -2   2   1  -1  -1  -2  -1   1   1  -1  -2   1   0  -2   2  -1   21   0   0   0   0  20  11   0   0   0   0   9  11   0   0  17   0   0  11   0  0.21 0.06
   32 A     2  -2  -1  -1  -1  -1  -1  -1  -2  -1  -2  -1  -1  -3   2   3   1  -3  -2   0   22   0   0   0   0   0   0   0   0   0   0   0   0   0  11  50   9   0   0   9  0.38 0.08
   33 A     1   1   1  -1   3  -1  -1  -1  -1  -3  -3  -1  -2  -2   2   2   0   4  -2  -2   12   9  11   0  11   0   0   0   0   0   0   0   0   0  11  37   0   9   0   0  0.35 0.07
   34 V     0  -2   2  -2  -2  -2  -2  -2  -2   1   2  -2   1  -1  -2  -1   1  -3  -2   1    8   0  20   0   0   0   0   0   0   9  40   0   0   0   0   0  11   0   0  12  0.18 0.05
   35 V    -1  -2  -2  -3   3  -2  -2  -3  -3   1   2  -2   0  -1  -2  -1   1  -2  -1   3    1   0   0   0   9   0   1   1   0   0  20   1   0   0   0   1  11   0   0  52  0.29 0.07
   36 E    -1   1  -1   1   3   0   3  -2  -1  -1  -2   0  -1   1  -2  -1  -1  -1   1  -1    1   9   0   8  10   0  40   1   0   0   1   0   0  10   0   1   0   0   9   8  0.25 0.06
   37 I    -1  -2  -2  -3  -1  -2  -2   0  -3   3   1  -2   2  -1  -2  -1   0  -2  -2   3    1   0   0   0   0   0   0   9   0  32   9   0   9   0   0   1   8   0   0  28  0.23 0.06
   38 P    -1  -2  -1   1  -3  -1   0  -2  -1  -3  -2  -1  -2   1   5   2  -1  -2   2  -2    0   0   0   7   0   0   6   0   0   0   1   0   0   8  41  23   0   0  10   0  0.70 0.10
   39 D    -1  -2   1   3  -2  -1   0  -2  -2  -1   0  -1   1  -2   1   2   1  -3  -2  -1    0   0   8  22   0   0   0   0   0   0  17   0   7   0   7  26  10   0   0   0  0.22 0.07
   40 D    -1  -1  -1   2  -3   2   1   0  -1  -2  -2   0  -1   3   1  -1   0  -2   0  -2    0   0   0  13   0  16  13  10   0   0   0   7   0  22   8   0   7   0   0   0  0.23 0.07
   41 A     1  -2  -1   0  -2  -1   0   0  -2  -1  -2  -1  -1   2   1   1   1  -2  -1   0   20   0   0   7   0   0   8   5   0   0   0   0   0  14   8  20   7   0   0   7  0.15 0.06
   42 D    -1   0   3   3  -3  -1   0   0  -1  -3  -3  -1  -2  -3   1   0   2  -4  -3  -2    0   6  26  28   0   0   0   9   0   0   0   0   0   0   7   0  21   0   0   0  0.45 0.11
   43 D    -2  -2   3   5  -3  -1   2  -2   2  -4  -4  -1  -3  -3  -2   0  -1  -4  -2  -3    0   0  22  49   0   0  11   0   7   0   0   0   0   0   0   7   0   0   0   0  0.74 0.14
   44 D     0   1   0   3  -2  -1   0  -2   2  -2  -1  -1  -2  -3  -2   3   1  -3  -2  -2    6   8   0  28   0   0   0   0   6   0   7   0   0   0   0  35   8   0   0   0  0.33 0.11
   45 S    -1  -1   1   0  -2   1   2   2  -1  -2  -1   1  -1  -3   0   1   1  -3  -2  -2    1   0   8   0   0   6  16  19   0   0   7  13   0   0   4  11  13   0   0   1  0.20 0.06
   46 A     0   0   1   1   2  -1  -1  -1   1  -1  -1  -1  -1  -2   1   1   1  -3  -2   0    9   8   6  12   6   0   0   0   6   0   6   0   0   0   8  19  12   0   0   6  0.15 0.06
   47 A     0   0   1   0  -2   1   1  -2  -1  -1  -1  -1   1   1  -2   1   0  -2   1  -1    8   6   9   5   0   6  12   0   0   6   0   0   6  11   0  15   7   0   6   0  0.10 0.05
   48 V     0  -1   0   1  -2   1   0  -2  -1   0  -1  -1  -1   2   1   1  -1  -2   0   1    4   1   4   7   0  13   6   1   0   1   4   1   0  18   6  12   1   0   0  21  0.11 0.07
   49 V     0  -2  -1   2  -2  -2  -1  -2  -2   2   0  -2  -1  -2   3   0  -1  -3  -2   1   10   1   0  18   0   0   1   1   0  20  10   1   0   0  21   6   1   0   0   9  0.29 0.08
   50 V     0  -2  -1   1  -2  -1   0  -2  -2   0   0  -1   0   0   0   2   0  -2  -1   1    7   1   0  13   0   0   6   1   0   1  10   1   4   6   4  23   1   0   0  23  0.10 0.06
   51 V    -1  -2  -2  -2  -2  -2   0  -3  -2   0   0  -2   2   4  -3   0   0  -1   0   2    0   0   0   0   0   0  11   0   0   0   7   0   9  29   0   7   7   0   0  26  0.25 0.11
   52 T    -1  -2  -1   1  -2  -1   2  -2  -2  -2  -1  -1  -2  -3  -2   2   4  -3  -2  -2    0   0   0   5   0   0  23   0   0   0   7   0   0   0   0  19  42   0   0   0  0.43 0.14
   53 R    -2   3  -2  -2  -3   2   0  -1   1  -1  -2   1  -1   4  -3  -2  -2  -2   0  -2    0  30   0   0   0  15   5   4   3   6   0   6   0  27   0   0   0   0   0   0  0.38 0.13
   54 Q    -1   1   1   0  -3   3   2   1  -1  -3  -3   1  -2   0  -2   1  -1  -3  -2  -3    0   6   8   4   0  27  16  13   0   0   0   7   0   5   0  12   0   0   0   0  0.33 0.10
   55 F    -2   0  -2  -3  -3   2  -2  -3  -2  -1   3  -2   0   3  -3  -1   1   3   0  -1    0   6   0   0   0  14   0   0   0   0  37   0   0  22   0   4  11   5   0   0  0.34 0.14
   56 F    -3  -2   1   0  -3  -2  -2  -3  -2   0  -1   0  -1   6  -3  -2   1  -1   2  -2    0   0  10   6   0   0   0   0   0   7   0  10   0  52   0   0  10   0   5   0  0.59 0.18
   57 P    -2  -3  -3   0  -4  -2  -1  -3  -3  -4  -4  -2  -4  -5   7   0   0  -5  -4  -4    0   0   0   5   0   0   4   0   0   0   0   0   0   0  79   6   6   0   0   0  1.90 0.29
   58 P    -1   1   2  -1  -3  -1   0  -2  -1  -1  -1   1   3  -2   2   1  -1  -3   0   0    3  11  17   0   0   0   3   0   0   0   0  11  16   0  12  14   0   0   5   9  0.22 0.11
   59 A     1   2   0  -2  -2   3   0  -2  -1  -1  -2   0   0  -3   1   1   0  -3  -2   1   17  18   5   0   0  20   4   0   0   0   0   0   3   0   6   9   5   0   0  14  0.23 0.10
   60 V     1   1  -1  -1  -2  -1   0   0  -2   0   1   0   0   0  -2   1  -1  -2  -1   0   18  11   0   3   0   0   6   9   0   5  20   3   0   5   0  11   0   0   0   8  0.06 0.05
   61 P     1  -1  -1   0  -2   0  -1   1   3  -2  -2   0   0  -3   3   1   1  -3  -2   0   19   0   0   6   0   5   0   9  10   0   0   3   5   0  14  10   8   0   0   9  0.21 0.08
   62 G     1  -1   2   0   0   0   0   2  -1  -2  -2   1   0  -3  -2   1  -1  -3  -2   0   18   0  13   6   3   5   6  16   0   0   0  10   3   0   0  12   0   0   0   8  0.17 0.07
   63 G     0   2   1   0  -3   2   1   2  -1  -1  -2   0  -2   0   0   0  -1  -3  -2  -2    5  18   8   5   0  12   9  22   0   5   0   0   0   6   5   5   0   0   0   0  0.22 0.08
   64 G     1  -1  -1  -2  -2   1   0   1   2   0  -1  -1   1  -1  -2   1   1  -3  -1  -1   19   3   0   0   0   8   4  10   8  10   4   0   5   3   0  15  10   0   0   0  0.12 0.07
   65 G    -1  -1   1  -2  -2  -1  -2   1   2   1   0  -1   0  -2  -2   2   1  -3  -2   1    0   3  10   0   0   0   0  11   9  14   6   0   2   0   0  23   8   0   0  13  0.14 0.09
   66 D    -1   3   0   0  -2   0   0  -2  -2  -1  -2   1  -2  -3  -2   2   2   2  -2   0    0  21   4   6   0   4   5   0   0   3   0   7   0   0   0  20  14   4   0  12  0.22 0.10
   67 P     0  -2  -1  -1  -3   0   1  -2  -2  -1   0  -1   2   0   4  -1   0  -3  -2   0    7   0   3   2   0   3  13   0   0   0   9   3  11   4  26   2   8   0   0   7  0.34 0.11
   68 A     0  -2  -1   1  -3  -1   2  -1  -2  -1  -2   0   0  -1   4   1  -1  -3  -2   0    9   0   0   7   0   0  15   4   0   3   0   5   4   2  22  17   0   0   0  10  0.32 0.11
   69 P    -1   0  -2   1  -3   0  -1  -3  -2  -2  -2   0  -3  -4   6   2   0  -4  -3  -3    2   6   0   7   0   5   2   0   0   3   3   4   0   0  44  20   3   0   0   0  0.83 0.20
   70 G    -1   0  -1  -1   0   0  -1   1   0   0   1   0   0   0   2  -1   0  -2  -1   0    1   7   0   4   3   6   1  15   3   8  16   4   0   4  11   1   9   0   0   8  0.08 0.05
   71 N     1  -1   2  -1  -2   1   1  -2   0  -2  -2   0  -2   0  -1   2   2  -3  -2  -1   17   0  12   0   0   7  11   0   3   0   1   5   0   5   2  18  14   0   0   4  0.22 0.13
   72 A     1   0   0  -1  -2   2   2  -2  -2   0   0  -1   0  -1   1   1   0  -3  -2  -1   14   4   5   0   0  11  15   0   0   8   7   0   3   2   8  15   5   0   0   2  0.16 0.11
   73 R     0   3   0   0  -3   1  -1  -1  -2  -1  -2   1  -2  -3   2   2   0   4  -2  -1    6  22   3   4   0   6   0   2   0   3   3   5   0   0   9  19   6   7   0   5  0.28 0.15
   74 A     1   0   1  -1  -2   1   0  -1   1  -1  -1   0   0  -2   0   2   2  -3  -2   0   10   4   7   0   0   6   3   3   5   3   3   3   4   0   3  21  14   0   0  11  0.15 0.10
   75 G    -1   0   1   1  -3   1   1   1   2  -2  -3   1  -2  -3   1   0   0  -3  -2  -1    1   5   9   7   0   8  12  14   9   0   1   9   0   0   7   5   7   0   0   6  0.22 0.10
   76 W     0  -2  -2  -2  -3   2   0  -2   0   0   0  -2  -1   1  -1   0  -2   7   2   0    8   0   0   2   0  15   6   2   3   5   7   1   0   7   3   7   1  22   6   6  0.46 0.17
   77 L    -1  -2   0  -2  -2  -1  -2  -1   0   2   1  -2   3   2   1   0   0   1   1   0    3   0   6   0   0   3   0   5   2  15  11   0  12   9   7   9   4   2   6   5  0.12 0.09
   78 R     0   2   0   1  -3   1   2   0   0  -2  -2   0  -2  -2   0   1   0  -3  -1  -2    7  14   2  11   0   6  16   6   2   1   2   4   0   2   5  13   3   0   3   2  0.19 0.10
   79 L     0  -1   0  -1  -2  -1  -1  -1  -2   1   1  -1   3   1   0   0   0  -2  -1   1    7   1   5   3   0   2   3   5   0   8  11   2  16   9   5   5   5   0   2   8  0.08 0.09
   80 A     1  -1   1  -1  -2   0   0   2   0  -2  -2   1  -2  -3  -1   2   1  -3  -3   0   12   0   7   1   0   4   7  15   2   2   2   8   0   0   2  18  12   0   0   7  0.19 0.12
   81 G     0  -1   1   1  -3   1   1   1  -2  -2   0  -1  -2   0  -1   2   0  -3  -2  -2    5   1   9   9   0   5  10  12   0   0   9   2   0   6   3  20   6   0   0   1  0.16 0.11
   82 A     1   0  -1   1   0   1   1   1  -1  -2  -3  -1  -1  -2   1   2   0  -3  -1  -1   11   5   1   9   2   6   8  11   1   2   0   2   1   2   6  24   3   0   2   4  0.18 0.12
   83 A     0   0   1   0  -2   1   1   0   0  -1  -2   0  -2  -2   2   1   0   2  -1   0    9   3   6   3   0   9   8   7   2   2   3   7   0   1  10  14   4   3   2   7  0.13 0.08
   84 P    -1   0  -1  -1  -3   1  -2  -2  -3  -1  -2   2   0  -3   5   2  -1  -4  -1  -3    3   4   2   3   0   6   0   2   0   4   4  15   3   0  32  17   1   0   3   0  0.58 0.23
   85 P    -1   0   0   0  -3   0   1  -2  -1  -2  -2   1   0  -3   4   1   1  -4  -3  -1    1   3   5   5   0   4   7   2   1   2   1  11   3   0  25  14  10   0   0   6  0.39 0.17
   86 V     0   0  -1  -1  -2  -2  -1  -3  -3   0   0   1  -1  -2   1   1   2  -1  -2   2    7   6   2   3   0   0   1   0   0   3   9   9   0   0   7  13  15   1   0  22  0.17 0.13
   87 A     2   0  -1  -1  -2   0   0  -1  -2  -1   0   1  -1  -3  -1   0   1  -3  -2   1   22   5   2   3   0   2   6   3   0   0   8  13   0   0   2   6  12   0   1  13  0.13 0.12
   88 A     1   0   1   0  -2   0   1  -1  -1  -1  -1   1   0  -3   0   1   1  -3  -1   0   10   3   9   4   0   2  13   2   1   4   3   9   2   0   4  14  10   0   1  10  0.12 0.09
   89 T     0   0   1   1  -3  -1   0  -1   0  -2  -3   0  -2  -4   3   2   1  -4  -3  -1    5   5   7   6   0   1   5   3   3   2   1   3   0   0  15  25  12   0   0   5  0.30 0.16
   90 G     1  -1   1   1   1   1   0   1  -1  -2  -2   0  -2  -3   2   1   0  -4  -3   0   15   3   6   7   4   6   6  10   1   2   2   3   0   0   9  16   3   0   0   7  0.18 0.10
   91 P    -1   0   0   0   1   1   0  -1   0  -2  -2   1   0  -2   4   1  -1  -4  -3  -1    4   4   4   4   4   6   5   5   3   1   1   8   3   1  27  11   3   0   0   4  0.38 0.15
   92 A     0   0   0   0  -3   1   1  -1  -1  -1  -1   1  -1  -3   3   0   1  -4  -3   0    7   4   5   4   0   6  10   4   1   3   5  10   1   0  18   7   9   0   0   6  0.23 0.10
   93 A     1   0   0  -2  -1   0   0   0  -1  -1  -2   2  -2  -3   0   0   2   0  -1   0   12   5   4   0   1   3   5   7   2   4   2  17   0   0   3   6  16   1   1  10  0.12 0.10
   94 S     0   2   0   1  -3   0   0  -1  -1  -2  -3   2  -2  -2   0   2   0  -1  -2   0    8  13   4   6   0   2   5   5   1   1   0  18   0   2   3  18   5   1   0   8  0.20 0.12
   95 A     1   1  -1  -1  -1   1   1  -2  -2  -1  -2   0   0  -3   3   1   0  -4  -3  -1   11  11   2   3   2   7   9   2   0   3   3   5   2   0  20  11   5   0   0   5  0.29 0.13
   96 A     2  -1  -1  -1   0   0   0   0  -2  -1  -2   1  -1  -2   1   1   0  -3  -1   0   26   2   2   1   2   3   8   6   0   1   3  12   1   1   5  10   5   0   1  10  0.15 0.11
   97 V     0   0   0  -1  -1  -1  -1   3  -1   0  -1  -1   2  -2   0   0   0  -3  -2   1    5   5   3   2   1   1   5  27   2   3   5   2   7   1   4   6   5   0   0  16  0.16 0.10
   98 S     0   2   0   0   2   0   1  -1   0  -2  -3   2  -1  -3   1   1   0  -3  -2  -1    7  15   4   3   6   1   8   3   2   1   0  14   2   1   8  15   4   0   0   6  0.20 0.11
   99 K     0   2  -1  -2  -2   0   0  -1  -1  -2  -1   3   2  -2   0   0   2  -3  -2  -2    7   9   1   0   1   4   4   3   1   0   4  30   7   2   4   7  17   0   0   1  0.28 0.16
  100 K     0   2  -2  -1  -1   0   1  -2  -1  -3  -3   4  -1  -2   0   1   0  -4  -2  -2    5  12   0   1   1   3   8   1   1   0   1  40   1   1   5  10   4   0   1   3  0.44 0.19
  101 S     0   0  -1  -1  -1  -1   0   1  -1  -2  -2   1  -2   2   1   1   1  -3  -1  -2    4   4   2   1   1   2   6  15   1   2   1  10   0  12   8  17  13   0   0   2  0.17 0.11
  102 R     0   4  -1  -1  -3   2   0  -1  -2   0  -2   2  -2  -3   0   0  -1  -4  -3  -1    6  33   1   1   0   9   4   3   0   6   2  18   0   0   4   7   1   0   0   4  0.38 0.16
  103 R     0   1   0   1  -2   1   2   1   0  -2  -2   2  -1  -2  -1   0   0  -3  -2  -1    4  10   4   9   1   3  19  12   3   1   1  14   1   1   1   4   7   0   1   3  0.20 0.08
  104 G     1   0   0   0  -2   0   0   2  -1  -1  -1   0   0  -2  -1   1   1  -2  -2  -1    9   5   2   3   0   4   5  23   1   1   6   7   2   1   1  14   9   0   1   5  0.15 0.06
  105 P     0   0   0  -1   0  -1   0   0  -1  -2  -1   0  -1   1   4   0   0  -2  -1  -1    6   5   6   3   2   1   5   7   1   2   3   6   2   7  28   6   4   0   2   4  0.32 0.08
  106 R     0   2   0   0  -2   0   1   1  -1  -1  -1   1  -1  -1   0   0   0  -2  -1  -1    4  17   4   4   0   3   9  14   0   3   3   7   2   2   3   9   8   0   1   5  0.11 0.04
  107 S     0   0   2   0  -2   2   0   0  -1  -2  -2   1  -1  -3  -1   2   2  -3  -2  -1    4   3  11   2   0  14   4   5   0   1   2  13   1   0   1  17  19   0   0   2  0.23 0.09
  108 R    -1   5   1  -1  -3   1   0  -1  -1  -3  -3   2  -1  -3   0   0  -1  -3  -2  -2    3  43   7   2   0   5   4   4   0   0   1  16   1   0   5   5   3   0   0   1  0.49 0.14
  109 S    -1   0   0  -1  -2   1   1  -1   4  -2  -2   0  -1  -3  -1   2   2  -3  -1  -2    2   4   3   2   0   8  10   3  21   3   1   6   1   0   2  18  17   0   0   1  0.29 0.11
  110 S    -1   0   0  -1   1   0  -1  -1  -2  -2  -1   1  -1  -1   3   2   0  -3  -2  -1    1   5   4   1   5   2   0   3   0   1   5  14   1   3  19  28   4   0   0   3  0.28 0.09
  111 Q    -1   1  -1  -1  -2   1   0  -1   1   1   0   2  -1  -2   0  -1  -1  -3  -2   1    1  10   1   1   0  11   1   3   5  11   6  25   0   0   3   2   1   0   0  18  0.14 0.07
  112 Y    -3  -3  -3  -4  -4  -3  -3  -4   1  -2  -2  -3  -2   5  -4  -2  -3   1   7  -2    0   0   0   0   0   0   0   0   3   0   0   0   0  25   0   1   0   0  70   0  1.45 0.24
  113 R    -2   6  -2  -3  -4   0  -1  -3  -1  -3  -2   3  -1  -4  -3  -2  -1  -4  -3  -1    0  70   0   0   0   0   0   0   1   0   2  18   1   0   0   0   1   0   0   6  0.98 0.21
  114 G    -1  -4  -2  -3  -4  -3  -3   6  -3  -5  -5  -3  -4  -4  -3  -2  -3  -4  -4  -4    0   0   0   0   0   0   0 100   0   0   0   0   0   0   0   0   0   0   0   0  1.74 0.27
  115 V    -1  -4  -4  -4  -2  -3  -4  -4  -4   2   0  -3   0  -1  -4  -3  -1  -4  -2   6    1   0   0   0   0   0   0   0   0   7   0   0   0   2   0   0   0   0   0  90  0.98 0.23
  116 T    -2   6  -1  -2  -3   0  -1  -3  -2  -2  -2   0  -2  -3  -3  -1   2  -3  -2   0    0  70   0   0   0   0   0   0   0   0   0   0   0   0   0   0  17   0   0   8  0.88 0.20
  117 F     0   3  -1  -1   0   0   0  -1  -1  -1   0   0   1   1  -1   0  -1   3   0  -1    6  27   2   3   2   4   3   4   1   3   6   3   9   8   3   5   3   5   2   3  0.11 0.03
  118 Y    -1   2  -1  -1  -2   3   0  -2   3  -2  -2   2  -1  -1   1  -1  -1  -1   2  -2    2  12   1   1   0  27   1   2  11   1   2  12   1   1   8   2   1   0  12   1  0.33 0.08
  119 R    -1   6  -1  -2  -4   2  -1   0  -1  -4  -3   1  -2  -3  -3  -2  -2  -3   0  -3    3  72   0   0   0   8   0   7   0   0   0   4   0   0   0   0   0   0   5   0  0.93 0.20
  120 R    -1   1   0  -1   1   0  -1  -2   1  -3  -3   1  -2  -3   5   0  -1   5  -2  -3    1  11   5   2   5   5   0   2   5   1   0  11   0   0  32   6   2  12   0   1  0.63 0.13
  121 T     0  -3   2  -3  -3  -2  -3  -1  -3  -3  -3  -3  -3  -2  -2   1   2   9  -1  -3    8   0  13   0   0   0   0   4   0   0   0   0   0   0   2  11  18  44   0   0  1.24 0.23
  122 G    -1  -4  -1  -1  -4  -3  -3   6  -3  -4  -4  -3   1  -4  -3  -1  -3  -4  -4  -4    0   0   1   2   0   0   0  90   0   0   0   0   5   0   0   2   0   0   0   0  1.49 0.25
  123 R    -2   5  -1  -2  -4   0  -1  -3   1  -4  -4   5  -3  -4  -3   0  -2  -4  -3  -4    0  44   0   0   0   0   0   0   3   0   0  48   0   0   0   5   0   0   0   0  0.98 0.22
  124 W    -4  -4  -5  -6  -4  -4  -4  -4  -3  -4  -3  -5  -3   3  -5  -4  -4  11   4  -4    0   0   0   0   0   0   0   0   0   0   0   0   0  10   0   0   0  72  18   0  2.80 0.37
  125 E     2  -2  -2  -2  -2   0   2   0  -2   0  -1  -2  -1  -3  -2  -1  -1  -4  -2   3   24   0   0   0   0   5  18   8   0   0   0   0   0   0   0   2   0   0   0  44  0.32 0.14
  126 S     4  -3  -2  -3   5  -2  -2  -1  -3  -3  -3  -2  -2  -3  -2   2   0  -4  -3  -2   65   0   0   0  16   0   0   0   0   0   0   0   0   0   0  18   2   0   0   0  0.79 0.21
  127 H    -1  -1  -1   0  -4   2   5  -3   5  -4  -4   1  -3  -4  -2  -1  -2  -4  -2  -4    5   0   0   0   0   8  65   0  18   0   0   5   0   0   0   0   0   0   0   0  0.98 0.23
  128 I    -2  -4  -4  -4  -2  -4  -4  -5  -4   6   2  -4   0  -1  -4  -3  -2  -4  -2   3    0   0   0   0   0   0   0   0   0  72  12   0   0   0   0   0   0   0   0  16  0.93 0.21
  129 W    -3   6  -2  -3  -4  -1  -2  -4  -2  -4  -2   2  -3  -2  -4  -2  -3   7   2  -4    0  62   0   0   0   0   0   0   0   0   2   9   0   0   0   0   0  20   8   0  1.22 0.25
  130 D    -1  -1   1   5  -3   0   3  -2   1  -2  -2  -1  -2  -3  -2  -1  -2  -4  -3   0    6   1   4  42   0   1  26   0   3   0   2   1   0   0   0   0   0   0   0  13  0.57 0.15
  131 C    -2   0   1  -1   2  -2   0  -3  -3  -4  -4   1  -3  -4   6  -1   0  -4  -4  -3    0   4   7   3   7   0   5   0   0   0   0  10   0   0  57   4   4   0   0   0  1.17 0.20
  132 G    -1   2   2  -1  -3   1  -1   3   3  -4  -3   2  -2  -3  -2   0  -1  -1  -2  -3    1  16  10   0   0   5   0  31  10   0   1  15   0   1   0   6   3   1   0   0  0.40 0.11
  133 K     0   3  -1  -1  -1   2   0  -2  -1  -2  -3   4  -1  -3  -2   0   1  -3  -2  -2    6  21   0   1   1  11   3   0   0   1   0  37   1   0   0   8   9   0   0   2  0.44 0.13
  134 Q    -3   6  -2  -3  -5   3  -1  -3  -1  -4  -4   2  -3  -4  -3  -2  -2  -4  -3  -4    0  73   0   0   0  19   0   0   0   0   0   8   0   0   0   0   0   0   0   0  1.26 0.26
  135 V    -1  -2  -3  -3  -2  -3  -3  -2   0   3   1  -2   1   1  -3  -2  -1  -3  -1   3    0   2   0   0   0   0   1   4   3  32  12   2   2   5   0   1   1   0   1  36  0.36 0.12
  136 Y    -4  -1  -5  -6  -4  -3  -4  -4   1  -4  -3  -4  -3  -1  -5  -4  -4  11   4  -4    0   4   0   0   0   0   0   0   5   0   0   0   0   0   0   0   0  77  14   0  2.92 0.39
  137 L    -3  -3  -4  -4  -3   0  -4  -5  -4   1   5  -3   1  -1  -4  -3  -2  -3  -2   0    0   0   0   0   0   5   0   0   0   5  89   0   0   0   0   0   0   0   0   2  0.93 0.22
  138 G    -1  -4  -2  -3  -4  -3  -4   7  -4  -5  -5  -3  -4  -5  -4  -2  -3  -4  -5  -5    0   0   0   0   0   0   0 100   0   0   0   0   0   0   0   0   0   0   0   0  1.83 0.29
  139 G     0  -3  -1  -2  -2  -2  -2   2  -3  -2  -3  -2  -2  -4  -2   1   6  -4  -3  -2    3   0   0   0   0   0   0  15   0   0   0   0   0   0   0   9  73   0   0   0  0.89 0.24
  140 F    -3  -4  -4  -4  -4  -4  -4  -4  -1  -2  -1  -4  -2   7  -5  -1  -3   0   5  -2    0   0   0   0   0   0   0   0   0   0   0   0   0  65   0   5   0   0  30   0  1.43 0.27
  141 D    -1  -2   1   4  -3   0   2  -2  -2  -3  -3   0  -3  -4   2   1  -1  -4  -3  -3    4   0   5  42   0   2  15   1   0   0   1   5   0   0  12  12   1   0   0   1  0.60 0.14
  142 T    -1  -2  -1  -1  -2  -2   0  -2  -3  -2  -3   0   0  -4  -2   2   5  -4  -3  -1    1   0   1   2   0   0   5   2   0   0   0   6   3   0   0  14  66   0   0   1  0.77 0.24
  143 A     4  -2  -2  -1  -2   1   2  -1  -2  -3  -2  -1  -2  -4   2   0  -1  -4  -3  -2   61   0   0   2   0   5  17   1   0   0   1   0   0   0  11   2   0   0   0   1  0.62 0.20
  144 H    -1  -1  -1   2  -4   1   5  -3   2  -2  -3  -1  -2  -4  -3  -2  -2  -4  -1  -2    3   1   0  11   0   2  69   0   6   2   1   0   1   0   0   0   0   0   2   3  0.93 0.24
  145 A     1  -1  -2   1  -3   0   4  -2  -2  -3  -2   1   3  -3  -2  -1  -1  -4  -3  -2   17   1   0   7   0   2  43   2   0   0   0  11  15   0   0   1   1   0   0   0  0.51 0.18
  146 A     6  -3  -3  -3  -2  -2  -2  -1  -3  -3  -3  -2  -2  -4  -2   0   0  -4  -3  -2   95   0   0   0   0   0   0   0   0   0   0   0   0   0   0   0   5   0   0   0  1.18 0.30
  147 A     6  -3  -3  -3  -2  -2  -1  -1  -3  -3  -3  -2  -1  -4  -2   0  -2  -4  -3  -2   96   0   0   0   0   0   2   1   0   0   0   0   1   0   0   0   0   0   0   0  1.19 0.30
  148 R    -1   6  -2  -2  -2   0  -1  -3   0  -1   0   1   0  -3  -3  -1  -1  -4  -2  -2    3  67   0   1   1   1   1   0   1   3  10   4   3   0   0   1   2   0   1   2  0.80 0.22
  149 A     5  -3  -3  -3  -2  -2  -2  -1  -3  -2  -1  -2  -2  -3  -2   0   0  -4  -3  -1   82   0   0   0   0   0   0   1   0   0   4   0   0   0   0   4   6   0   0   2  0.87 0.25
  150 Y    -3  -3  -3  -4  -4  -3  -3  -5   5  -3  -3  -3  -3   1  -5  -3  -3   0   8  -3    0   0   0   0   0   0   0   0  19   0   0   0   0   2   0   1   0   0  78   0  1.86 0.36
  151 D    -4  -3   0   7  -5  -2  -1  -3  -3  -5  -5  -3  -5  -5  -3  -1  -3  -6  -5  -5    0   0   2  92   0   0   0   1   0   0   0   0   0   0   0   2   0   0   0   0  1.96 0.42
  152 R     1   2  -1  -1  -1   1   1  -2  -2   0   0   0  -1  -2  -2   0   0  -3  -2   1   15  16   3   2   1   5   9   1   0   2  12   5   0   0   0   6   3   0   1  19  0.11 0.08
  153 A     6  -2  -3  -3  -2  -2  -2  -2  -3  -3  -3  -1  -3  -4  -3   0  -2  -4  -3  -2   89   1   0   0   0   1   2   0   0   0   0   3   0   0   0   2   0   0   0   0  1.22 0.35
  154 A     5  -3  -3  -3  -2  -1  -2  -2  -3  -2  -1  -2   2  -1  -2   0  -2  -4  -3   0   73   0   0   0   0   3   0   0   0   0   4   1   6   2   0   4   0   0   0   5  0.78 0.27
  155 I    -1   1  -3  -3   0  -1  -3  -3  -1   2   2  -1   1   3  -3  -2  -1  -2   1   0    3  10   0   0   2   1   0   0   1  14  31   2   2  20   0   1   3   0   5   3  0.29 0.12
  156 K     2   2  -1  -1   2   0   0  -2  -1  -2  -1   3  -2  -2  -2   0  -1  -3  -1  -2   22  13   1   1   7   3   5   1   1   1   6  25   0   1   0   8   1   0   2   1  0.23 0.12
  157 F    -3  -3  -4  -4  -3  -3  -4  -4  -2   2   3  -3   4   4  -4  -3  -2  -1   3  -1    0   0   0   0   0   0   0   0   0  11  42   0  13  19   0   0   1   0  12   0  0.66 0.20
  158 R    -2   5  -1  -3   3  -1  -2  -3   0  -3  -3   2  -3  -3  -3  -1  -2   5   1  -3    0  50   2   0   9   0   0   0   2   1   1  13   0   0   0   3   0   9   6   0  0.86 0.25
  159 G    -1  -2  -1  -3  -4  -2  -2   6  -3  -5  -3  -3  -4  -4  -3  -1  -3  -4  -4  -4    3   2   2   0   0   1   2  83   0   0   2   0   0   0   0   3   0   0   0   0  1.43 0.31
  160 V     0   3  -1  -1  -3   0   0  -1   0  -2  -2   0  -2  -1   4   1   0  -3  -2  -1    9  22   2   2   0   3   3   3   2   1   3   1   0   3  22  12   8   0   0   4  0.35 0.12
  161 E     0   1   1   2  -2   0   1   0  -1  -3  -2   2  -1  -2  -2   2   0  -3  -1  -2    4   6   5  17   1   2   8   4   1   1   3  20   1   1   0  19   7   0   2   0  0.25 0.11
  162 A     5  -3  -3  -3  -2  -2  -2   0  -3  -3  -3  -2  -3  -4   1   0   1  -4  -3  -2   73   0   0   0   0   0   0   4   0   0   0   0   0   0   7   2  11   0   0   0  0.90 0.29
  163 D    -1   2   0   0   2   0   0  -2   1   1   0   1  -1  -2  -1   0   0  -3  -1   0    1  15   6   5   5   2   3   1   5  10   7  13   0   1   1   7   8   0   1   9  0.08 0.06
  164 I    -2  -3  -3  -3  -2  -2  -3  -3  -3   1   4  -3   0   0  -3  -1   3  -3  -1   0    1   0   0   0   0   0   1   1   0   9  49   0   0   3   0   3  27   0   1   3  0.49 0.19
  165 N    -3  -3   8  -1  -4  -2  -2  -2  -2  -5  -5  -2  -4  -5  -4  -2  -2  -5  -4  -5    0   0  95   0   0   0   0   0   0   0   0   0   0   0   0   0   0   0   0   0  2.08 0.45
  166 F    -4  -3  -4  -5  -4  -4  -4  -4  -3  -1  -1  -4  -2   8  -5  -4  -4  -1   1  -2    0   1   0   0   0   0   0   0   0   3   4   0   0  88   0   0   0   0   0   0  1.83 0.38
  167 S     0   1   1   1   2   1   0   0  -1   0  -2   0  -1  -3   1   0   0  -3  -2   0    7   7   7   7   7   7   7   7   0   7   1   7   0   0   7   7   7   0   0   7  0.11 0.10
  168 L    -1   0   0   0  -2   1  -1  -3   1   1   1  -2   1   0   1  -1  -1   2   1   1    4   5   4   7   0   6   4   0   4  10  18   0   3   3   7   4   3   3   5  10  0.08 0.12
  169 E    -1   0   0   1   0   1   1   0   0  -2  -1   0  -2  -1   2   2   0  -3  -2  -1    4   3   4   9   2   5  13   6   2   0   7   3   0   3  10  17   4   0   0   6  0.15 0.17
  170 D     0   0   1   3  -3   0   0  -2  -2   0  -1   0   0  -1   0   0   0  -3  -1   0   10   6   7  21   0   2   6   2   0   5   4   6   3   3   4   6   7   0   2   7  0.14 0.16
  171 Y    -1  -3   0   0  -4  -1   1  -1   2  -1  -2  -2   0   1  -2   0  -1   3   5   1    4   0   3   5   0   2  10   6   5   3   2   2   2   5   2   7   2   3  25  11  0.34 0.30
  172 E     0   1   1   1  -2   1   1   0  -1   0  -1   0  -1  -2   1   0   0  -3  -2   0    7   7   7   7   0   7   7   7   0   7   7   7   0   0   7   7   7   0   0   7  0.08 0.07
  173 D     0   0   1   0  -3   1   0   0   2   0  -1   0  -2  -2   1   0   0   3   1  -2    6   6   6   6   0   6   6   6   6   6   6   6   0   0   6   6   6   6   6   0  0.11 0.13
  174 D     0   1   1   1  -2   1   1   0  -1  -2  -2   1   1  -3   1   0   0  -3  -2   0    8   8   7   8   0   7   8   8   0   0   1   8   7   0   8   8   8   0   0   8  0.13 0.11
  175 L     0  -1   0  -1  -2   0  -1  -2  -2   1   1   0   1   0   1   0   0  -3  -2   2    5   0   5   4   0   4   0   0   0   9  17   9   5   3   8   7   5   0   0  18  0.10 0.12
  176 K     0   1   1   1  -2   1   1  -2   2  -2  -1   1  -1  -2   1   0   0  -3  -2   0    8   8   7   8   0   7   8   1   7   0   8   8   0   0   8   8   8   0   0   8  0.13 0.11
  177 Q     0   0  -1   0  -3   1   1   0   1  -1  -1   1  -1   1   1   0   0  -2   1  -1    5   5   0   6   0   8   9   7   3   3   6  11   0   9   7   6   5   0   4   4  0.08 0.10
  178 M     0   0   0   0  -2   1   0   0  -2   0   0   0   1   0  -2   0   0   3  -1   0    6   6   6   6   0   6   6   6   0   6   6   6   6   6   0   6   6   6   0   6  0.06 0.10
  179 S     0   1   1   0   1   1   1  -1  -2  -1  -1   2   0   0   0   1   0  -3  -2  -2    6   9   6   5   3   5   9   4   0   5   6  15   3   4   3  11   3   0   0   0  0.11 0.14
  180 N     0   0   3  -1   1   0  -2   0   3  -2  -2  -1  -2  -1   2   1   0  -3   0  -1    7   5  16   3   3   5   0   8   8   2   3   3   0   3  11  12   6   0   4   3  0.19 0.21
  181 L    -1   0  -2  -2   2   0   0  -3   2  -1   0   0   2   0   1   0   1   2   0   1    5   6   0   0   7   4   5   0   6   0   7   7   6   4   8   4  10   3   3  12  0.12 0.15
  182 T     0   1   1  -1  -2   1   1  -2   2  -1  -1   1  -1  -2   1   0   0  -2   1   0    8   8   7   0   0   7   8   1   7   0   8   8   0   0   8   8   8   0   7   8  0.12 0.12
  183 K     0   1   1  -1  -2   1   0   0  -1  -2  -1   1   1  -2   1   0   0   4  -2  -2    8   8   7   0   0   7   8   8   0   0   8   8   7   0   8   8   8   7   0   0  0.16 0.14
  184 E    -1   1   2   1   0   1   2   0  -1  -2  -2   1  -2  -3   1   0   0  -3  -2  -1    4   9  10   7   3   8  17   8   0   0   4   9   0   0   6   4   5   0   0   4  0.20 0.14
  185 E     0   1   1   1  -2   1   1   0  -1   0  -1   1  -1  -2  -2   1   1  -3  -2  -1    8   8   8   8   0   8   8   8   0   8   8   8   0   0   0   8   8   0   0   0  0.10 0.08
  186 F     0   1  -1  -2   0   0   0  -2  -2   0  -2   1   1   2   1   1  -1  -2   2   0    7   9   2   0   2   3   8   3   0   7   0   9   5  10   6  11   2   0   7   7  0.12 0.19
  187 V    -1   0  -1   0   2   0  -1  -1  -2   0  -1   0   2  -2   0   0   0   2   0   2    4   5   3   5   6   4   4   4   0   5   5   7   7   0   4   7   4   3   3  20  0.09 0.16
  188 H     0   0   1   1   1   1   1   0   2  -1   0   0   1  -3   0   0   0  -3  -2   0   10   3   6   7   4   6   8   6   8   3   8   5   4   0   5   6   4   0   0   7  0.07 0.11
  189 V     1   0   0  -1   2   0   0  -1   1  -1  -2   0   1  -2   0   2   0  -3   0   0    9   4   4   3   7   5   5   4   4   3   1   4   7   0   4  19   5   0   5   9  0.10 0.14
  190 L     0  -2   0  -2   2  -1   0  -2  -2   0   1   0   2   0   1   0   2  -3  -2   0    5   0   4   0   5   0   9   1   0   4  13   6  11   4   8   5  17   0   0   7  0.12 0.15
  191 R     0   1   1   1  -2   1   1   0  -1  -1   0   1   1  -2  -2   0   0  -3  -2   0    8   8   7   8   0   7   8   8   0   0   8   8   7   0   0   8   8   0   0   8  0.09 0.09
  192 R     0   0   1   0   2   1   0   0   1   0  -1   0  -1  -2   1   0   0  -3  -2   0    6   6   6   6   6   6   6   6   6   6   6   6   0   0   6   6   6   0   0   6  0.07 0.08
  193 Q     0   1   0  -1  -4   2   0   0   3  -3  -3   3  -3  -2   1   0   1  -1  -3  -2    7   9   5   2   0  12   5   6   7   0   2  21   0   2   7   5   8   1   0   2  0.29 0.26
  194 S     0   1  -2   0  -3  -2   0   2  -3  -1  -2   1   0  -4   2   1   1  -4  -3  -1    5  10   0   6   0   0   7  15   0   5   2   7   3   0  11  14  11   0   0   3  0.23 0.23
  195 T     1   1   1   0   0   0   0  -1   0  -2  -2   1  -2  -2   0   0   2  -2   2  -1   11   9   6   6   2   3   7   4   2   0   2   8   0   0   5   6  14   0  10   5  0.14 0.17
  196 G     0  -1   1  -1  -1   1  -1   3   0  -1  -1   1  -1  -2  -3   1  -1  -4  -3   0    4   3   6   2   2   8   3  28   2   3   5  10   2   2   0  11   3   0   0   6  0.23 0.22
  197 F    -1   1  -1   1   0   0   1  -1  -2  -1  -1   1  -1   1   1  -1   0  -3  -1  -1    4   8   2   8   2   4  12   3   0   3   6  12   2  10   8   4   5   0   2   5  0.10 0.13
  198 P     0   0   0   0  -3   1   2   0  -2  -2  -2   1  -1  -1   2   2   0  -3  -2  -1    6   4   3   3   0   7  13   6   0   2   2   9   2   3  10  19   4   0   0   3  0.20 0.20
  199 R    -1   3   1   0  -3   0   0  -1  -1  -2  -1   2  -2  -1   0   0   0  -3   0  -1    4  22   7   3   0   4   7   4   0   0   7  13   0   3   3   7   7   0   4   4  0.18 0.18
  200 G    -1   1   1   1  -3   1   1   1  -2  -1  -3   2   0  -3   1   0   0  -3   0  -1    4   7   9   7   0   5   7  15   0   4   0  15   3   0   6   5   5   0   3   4  0.16 0.16
  201 S     0   0   1   0  -2   1   0   0   1   0  -1   0  -1   0   1   0   0  -2  -1   0    6   6   6   6   0   6   6   6   6   6   6   6   0   6   6   6   6   0   0   6  0.05 0.06
  202 S     0   0   0  -2   2   0  -1   0   2   0   0   0   1   0   1   0   0  -3  -1   0    6   6   6   0   6   6   0   6   6   6   6   6   6   6   6   6   6   0   0   6  0.05 0.11
  203 K    -2   3  -1   0  -2   0  -1   0   1  -1  -1   4  -1  -3   1  -1  -2  -4  -1  -2    1  15   1   6   1   1   0   6   5   3   5  43   1   0   5   1   1   0   1   2  0.38 0.20
  204 Y    -3   1  -3  -4  -4  -3  -3  -4   1  -3  -2  -1  -2   4  -2  -3  -3   0   7  -3    0   8   0   0   0   0   0   0   2   0   0   5   0  19   2   0   0   0  61   0  1.30 0.38
  205 R    -2   6  -2  -3  -4   1  -1  -3  -1  -3  -2   3  -1  -4  -3  -2  -2  -4  -3  -1    0  58   0   0   0   3   0   0   1   0   2  26   1   0   0   0   1   0   0   5  0.99 0.32
  206 G    -1  -3   1  -2  -4  -3  -3   6  -3  -5  -5  -3  -4  -3  -3   0  -3  -4  -4  -4    0   0   6   0   0   0   0  82   0   0   0   0   0   1   0   7   0   0   0   0  1.41 0.36
  207 V    -1  -3  -4  -4  -2  -3  -3  -4  -4   2   1  -3  -1  -1  -3  -2   0  -4  -2   5    2   0   0   0   0   0   0   0   0   6   9   0   0   2   0   2   6   0   0  72  0.81 0.30
  208 T     0   5  -2  -2  -4   1   0  -3   2  -3  -3   1  -2  -4  -3   0   1  -4  -3  -1    8  54   0   0   0   4   5   0   6   0   0   4   0   0   0   4  11   0   0   5  0.70 0.28
  209 L    -1   3  -2  -2  -1   3  -1  -3   0  -2   1   1   2  -2   2  -1  -2   1  -2  -2    4  21   0   0   1  19   0   0   2   0  19   9  10   0  10   1   0   3   0   0  0.33 0.18
  210 H    -2   5  -1  -1  -4   3  -1  -3   4  -4  -3   2   1  -4  -3  -2  -2  -4  -2  -3    0  49   0   4   0  15   0   0  14   0   0  10   5   0   0   0   0   0   0   0  0.86 0.30
  211 K    -1  -1   2  -1  -3   0  -1  -1   3  -3  -3   2  -3  -3   4   0  -1  -3   0  -3    5   1  16   1   0   3   0   3  11   1   0  21   0   0  24   4   2   0   4   1  0.51 0.21
  212 C    -2  -1   1  -3   6  -2  -3  -1   1  -1  -2  -3  -2  -2  -2   0  -1   8  -1   0    2   4   8   1  20   1   1   4   4   4   1   1   0   0   1   6   2  32   0   7  0.98 0.29
  213 G     0  -3  -2  -1  -3  -3  -3   5  -3  -3  -2  -3  -3  -4  -1   0   0  -4  -4  -2    7   0   0   2   0   0   0  67   0   0   5   0   0   0   2   5   5   0   0   3  0.95 0.29
  214 R    -2   5  -1  -2  -4   1   0  -1   0  -3  -3   4  -2  -4  -3   0  -1  -4  -3  -2    0  37   0   0   0   5   5   4   2   0   0  32   0   0   0   6   4   0   0   3  0.66 0.25
  215 W    -4  -4  -1  -4  -4  -3  -2  -4  -3  -4  -3  -1  -3   3  -5  -4  -4  11   2  -4    0   0   4   0   0   0   3   0   0   0   0   4   0  14   0   0   0  65   6   0  2.45 0.51
  216 E     2  -2  -2   1  -2   0   2   1  -2  -1  -2   0  -1  -2  -2   0  -1  -3  -2   2   20   1   0   8   0   5  15  12   0   1   1   4   0   0   1   3   1   0   0  30  0.20 0.14
  217 A     4  -2  -2  -1   3  -2  -2  -1  -3  -2  -2  -2  -2  -3  -2   2  -1  -3  -3  -1   61   2   0   3   9   0   1   1   0   1   1   1   0   0   1  14   2   0   0   4  0.64 0.25
  218 R    -2   3  -1  -1  -4   2   5  -3  -1  -3  -2   0  -2  -3  -2   0  -2  -3  -3  -1    1  17   0   1   0   8  55   1   0   1   3   4   0   0   1   4   1   0   0   4  0.72 0.26
  219 M     0  -3  -3  -3  -2  -3  -3  -2  -3   5   0  -3   4  -1  -3  -2  -2  -3  -2   2    8   1   0   1   0   0   1   3   0  55   2   1  14   0   1   1   1   0   0  12  0.65 0.24
  220 G    -1   5  -1  -2  -3  -1   0   2  -1  -3  -2   1  -2   0  -2   0  -2   1  -2  -1    1  44   1   1   0   1   7  17   0   1   3   7   0   4   1   5   1   2   0   4  0.47 0.18
  221 Q    -1   2   0   3  -1   3   2  -2   1  -2  -2   0  -2  -3  -2  -1  -1  -3  -2  -1    3  16   3  19   1  15  20   1   3   1   4   2   0   1   1   1   1   0   0   7  0.33 0.14
  222 F    -2  -2  -2  -1  -3  -2  -2  -1  -2  -1  -1  -2   1   1   5  -1  -1  -2   2   1    1   2   0   4   0   0   1   5   0   1   7   1   4   7  42   4   3   0   8  11  0.67 0.20
  223 L     0   1   1  -1  -2   0   0   0   1   0   0   0   0   0   0   0   0  -1  -1   0    8   9   8   1   0   2   8   8   5   5  16   4   2   4   4   4   6   1   0   5  0.02 0.03
  224 G    -1   1   0  -1  -3   1  -1   3  -1  -2  -2   2  -2  -3  -2   1   0  -3  -2  -2    2  10   4   2   0   5   2  27   1   1   4  21   0   0   1  12   6   0   0   1  0.29 0.12
  225 K     0   3   2  -1  -3   0  -1   0   2  -3  -3   4  -2  -3   0  -1  -1  -3  -2  -3    9  16  14   0   0   3   0   5   7   0   1  36   0   0   5   1   1   0   0   0  0.45 0.19
  226 K     0   0   0   1  -1   1   1  -1  -1  -1  -2   2  -1  -3  -2   1   2  -3  -2  -1    8   4   1  10   1   4  11   2   0   6   1  16   1   0   1  10  18   0   0   3  0.18 0.10
  227 Y    -2   6   0   0  -3  -1  -1  -3   2  -3  -3   1  -2  -2  -3  -2  -2  -2   3  -3    1  56   4   5   0   1   1   1   5   1   1   6   0   1   1   1   1   0  14   1  0.80 0.26
  228 V    -2  -1  -2   1  -2  -2  -2  -3   2   2   2  -1   1   0  -3  -2  -1  -3  -1   3    1   3   0  11   0   0   1   1   7  18  19   3   2   3   0   1   1   0   1  28  0.23 0.13
  229 Y    -4  -4  -4  -4  -4   0  -3  -4   2  -4  -3  -4  -3  -1  -4  -4  -4  11   4  -4    1   0   0   0   0   5   1   1   6   0   1   0   0   0   0   1   0  67  15   1  2.59 0.51
  230 L    -2  -3  -4  -4  -2  -2  -3  -4  -4   2   5  -3   0  -1  -3  -3  -2  -3  -2   0    1   0   0   0   0   2   1   1   0  14  77   0   0   0   0   1   0   0   0   2  0.89 0.29
  231 G    -1  -3  -2  -3  -4  -3  -3   6   3  -4  -4  -3  -4  -4  -3  -1  -3  -4  -3  -4    1   0   0   0   0   0   1  78  10   0   1   0   0   0   0   4   0   0   0   1  1.37 0.34
  232 L     0  -2  -2  -2  -2  -2  -1  -3  -3  -2   1  -2  -1  -3  -2   1   5  -3  -3  -1    4   0   0   0   0   0   4   1   0   0  17   0   0   0   0   7  62   0   0   1  0.72 0.29
  233 F    -3  -4  -4  -4  -4  -4  -4  -4  -2  -2  -2  -4  -2   7  -4  -2  -3  -1   5  -3    0   0   0   0   0   0   0   0   0   0   1   0   0  71   0   3   0   0  21   0  1.61 0.41
  234 D     0  -1   1   4  -3   2   3  -1  -2  -3  -3   0  -3  -4   1   0  -1  -4  -3  -3    6   0   5  31   0  11  20   2   0   0   1   3   0   0   9   7   1   0   0   1  0.49 0.18
  235 T    -1  -2   2   0  -2  -2  -1  -2  -2  -2  -3  -2  -2  -3  -2   1   5  -4  -3  -2    1   0  13   5   0   0   2   2   0   0   1   1   1   0   0  11  61   0   0   1  0.77 0.31
  236 E     4  -2  -2   0  -2   1   2  -1  -2  -2  -2  -1  -2  -3   2   0  -1  -3  -2  -1   49   1   1   5   0   7  16   2   0   1   3   1   0   1   8   3   1   0   0   2  0.42 0.19
  237 E    -1  -1  -1   1  -3   1   5  -3   0  -1  -2  -1  -1  -3  -2  -1  -2  -3  -1  -1    3   1   1   5   0   5  63   1   1   4   2   1   2   1   1   1   1   0   2   5  0.73 0.26
  238 E     1  -1  -1   1  -3   1   5  -2  -1  -3  -2   0   2  -3  -2  -1  -1  -3  -2  -2   11   1   1   6   0   2  54   3   0   1   1   3  10   1   1   2   2   0   0   1  0.60 0.23
  239 A     6  -2  -3  -3  -2  -2  -2  -1  -3  -2  -3  -2  -2  -3  -2  -1   0  -3  -3  -2   83   1   1   1   0   1   1   1   0   1   1   1   0   1   1   1   4   0   0   1  1.04 0.33
  240 A     6  -2  -3  -3  -2  -2  -1  -1  -3  -2  -3  -2  -1  -3  -2  -1  -2  -3  -3  -2   83   1   1   1   0   1   3   2   0   1   1   1   1   1   1   1   1   0   0   1  1.03 0.33
  241 R    -1   5  -2  -2  -1   0   0  -3  -1   0   1   1   2  -2  -3  -1  -2  -3  -2  -1    3  48   0   2   1   2   5   0   1   6  13   4   7   1   0   4   1   0   1   2  0.52 0.23
  242 A     5  -3  -3  -3  -2  -3  -3   2  -4  -3  -3  -3  -3  -4  -3   0  -1  -4  -4  -2   80   0   0   0   0   0   0  13   0   0   0   0   0   0   0   3   3   0   0   2  1.10 0.39
  243 Y    -4  -4  -4  -5   1  -3  -4  -5   4  -4  -1  -4  -3   1  -5  -4  -4   3   8  -4    0   0   0   0   3   0   0   0  12   0   5   0   0   2   0   0   0   4  75   0  1.94 0.52
  244 D    -3  -4   1   7  -6  -1  -1  -3  -3  -5  -6  -3  -5  -6  -4  -2  -3  -6  -5  -5    2   0   6  90   0   2   0   1   0   0   0   0   0   0   0   0   0   0   0   0  1.97 0.51
  245 R     2   1  -1  -1  -1   1   1  -2  -2   0  -1   2  -1  -3  -2   0   0  -3  -2   1   20   9   2   2   1   7   9   1   0   6   3  18   1   0   0   3   4   0   0  14  0.16 0.12
  246 A     6  -3  -4  -4  -3  -2  -2  -2  -4  -4  -4  -1  -3  -4  -3  -1  -2  -5  -4  -2   93   1   0   0   0   1   1   0   0   0   0   2   0   0   0   2   0   0   0   0  1.41 0.47
  247 A     5  -3  -3  -4  -2  -2  -3  -2  -3  -3  -1  -1   1  -2  -3   0  -2  -4  -3  -1   79   0   0   0   0   1   0   0   0   0   5   4   5   1   0   2   0   0   0   4  0.96 0.37
  248 I     0   1  -3  -3   0  -1  -3  -3  -1   3   2  -1   0   3  -3  -2  -1  -2   1   1    8  11   0   0   2   1   0   0   1  23  20   4   2  15   0   1   1   0   6   5  0.24 0.14
  249 K     1   2   0  -1   2   1   1  -2  -1  -3  -2   3  -2  -3  -2   0  -1  -3  -1  -2   19  14   3   1   5   6   9   1   1   0   4  26   0   1   0   7   1   0   2   1  0.29 0.16
  250 C    -3  -3  -4  -4   3  -3  -4  -4  -3   1   3  -3   4   3  -4  -2  -1   2   3  -1    0   0   0   0   8   0   0   0   0   9  32   0  15  17   0   2   3   3  11   0  0.58 0.23
  251 N    -3   5   3   0   2  -1  -2  -2   0  -3  -3   2  -3  -3  -3  -2  -2   1   1  -4    0  46  16   4   6   0   0   2   1   1   1  12   0   0   0   1   0   2   7   0  0.73 0.29
  252 G     0  -2  -2  -3  -4  -2  -2   6  -3  -4  -4  -3  -4  -4  -3   0  -3  -4  -4  -4    5   2   0   0   0   1   3  79   0   0   1   0   0   0   0   5   0   0   0   1  1.38 0.36
  253 K     0   3  -1  -1  -3   0   0  -1   0  -2  -1   0  -2  -2   3   1   0  -3  -2  -2   10  22   2   2   0   3   3   2   2   2   8   4   0   2  17  14   6   0   0   1  0.28 0.13
  254 D     0   1   1   2  -2   0   1   0  -1  -2  -1   2   0  -2  -2   1   0  -3  -1  -1    5   5   8  13   1   2  10   5   1   1   5  17   2   2   1  15   3   0   2   3  0.16 0.09
  255 A     5  -3  -3  -3  -2  -2  -2   0  -3  -3  -3  -2  -2  -3  -2   0   0  -4  -3  -2   78   1   0   1   0   0   1   4   0   1   1   1   0   0   1   6   6   0   0   1  0.99 0.35
  256 V     0   2   0  -2   0   0  -1  -2   1   1   0   1  -1  -1  -1   0   0  -3  -1   2    7  15   4   1   3   1   2   1   4   8   9  12   0   1   2   7   3   0   1  20  0.09 0.08
  257 T    -2  -2  -2  -3  -2  -2  -2  -3  -3   0   3  -2   0  -1  -3   0   4  -3  -1   0    1   1   1   1   0   0   1   1   0   3  41   1   0   2   1   8  34   0   1   3  0.49 0.23
  258 N    -3  -2   7  -1  -4  -2  -2  -2  -2  -4  -2  -2  -3  -4  -3  -1  -2  -4  -3  -2    1   1  80   1   0   0   1   1   0   1   4   1   0   0   1   3   1   0   0   3  1.55 0.43
  259 F    -2  -3  -4  -4  -3  -4  -4  -4  -3   0  -1  -4  -2   7  -4  -3  -3  -1   1  -1    4   1   1   1   0   1   1   1   0   4   4   1   0  75   1   1   1   0   0   4  1.41 0.37
  260 D     1  -1  -2   1  -3  -1   1  -2  -2  -3  -3  -1  -3  -3   6   0   0  -3  -3  -2   11   2   1  10   0   1   9   3   0   1   2   3   0   1  45   4   5   0   0   3  0.85 0.23
  261 P    -1  -2   0   1  -1   0   1  -2   1   0   0  -1   1  -2   3   0   0  -3  -1   1    3   1   4  12   1   3  10   2   5   4   9   1   4   1  17   5   5   0   1  12  0.19 0.09
  262 S    -1   0   1   0  -2   1   2  -1   0  -2  -1   0  -2  -2   1   2   1  -3  -1  -2    2   4   5   3   0   5  22   3   3   2   7   2   0   1   6  21  10   0   1   2  0.21 0.12
  263 I     0   0  -1  -1   0  -1  -1  -2  -1   1   1  -1   0  -1   0   1   0  -2  -1   1   11   8   2   4   2   2   1   1   1  14  16   3   1   2   4  13   2   0   1  13  0.06 0.06
  264 Y    -1   1  -1  -1  -3   0   0   0   2  -1  -1  -1  -1   1  -1  -1  -1   3   4   0    2   9   2   3   0   5   4   9   5   2   6   0   0   5   3   4   3   5  21  10  0.17 0.12
  265 A     0   0   1   1   1   1   1  -1  -1  -2   0   1  -1  -2   0   1   0  -3  -1  -2    8   3  10   8   4   7   6   3   1   1  11  14   1   0   5   9   7   0   1   1  0.11 0.07
  266 G     0   0   1   0  -2   0   1   2  -1  -1   0   0   1  -1  -1   0   0  -1  -1   0    5   4  10   4   1   4   9  16   1   1  10   3   6   2   2   9   4   0   2   6  0.06 0.05
  267 E    -2   2   0   1  -3   0   4  -2   2  -3  -2   1  -1  -3   0   1  -1  -3  -2  -2    1  13   3   9   0   1  36   1   5   0   2   6   1   1   5  11   1   0   0   2  0.44 0.20
  268 F     0  -1  -1  -1  -1  -1  -1   0   0   0   1   0   1  -1   0   0  -1  -2   0   1    5   2   2   3   1   1   2   9   3   6  19   7   4   1   6  11   0   0   3  13  0.04 0.06
  269 E     0   0   1   2  -3   0   1  -1   0   0  -1   0  -1  -3   3   0  -1  -3  -2  -1    6   4   9  14   0   2  12   3   2   7   6   5   1   0  14   9   2   0   1   2  0.19 0.10
  270 P     0   0  -2  -1  -2  -1   0  -2  -2   0   1  -1   1  -2   4   0   1  -3  -2  -1    6   5   0   2   1   1   8   1   0   6  16   2   6   0  24   9   8   0   1   3  0.32 0.16
  271 P     0   0   1   0  -3   0   1  -2  -1  -1  -1   1   2  -1   3   1   0  -3  -2   0    7   3   7   4   0   1  10   1   1   3   4  11   8   2  14  11   5   0   0   6  0.18 0.11
  272 A     2   0  -1   0  -2  -1  -1  -1  -2   0   0  -1   0   0   0   1   1  -3  -2   0   23   4   2   6   0   2   3   4   0   6  10   3   2   4   3  16  10   0   0   4  0.11 0.10
  273 A     1  -2   0  -1  -2   0  -1   2   1  -1  -1  -1  -2  -2   1   2   0   0  -1  -1   17   1   4   3   0   3   2  17   4   3   7   2   0   0   8  18   6   1   2   3  0.18 0.12
  274 A     2   0   1  -1  -2  -1   0  -1  -2  -1  -1  -1  -1  -1   1   1   1  -3  -2   1   21   5   8   2   0   1   4   2   0   2   6   1   0   2   7  13  11   0   1  12  0.14 0.12
  275 T     0   0  -1   0   0   0   0  -2   3   0  -1   1  -2  -2   0   2   1  -3  -1   0    5   3   2   6   3   4   3   1  12   6   3   8   0   0   4  20   7   0   2  11  0.14 0.12
  276 G     1  -1  -1  -1   1   0   0   1  -2   1  -1   1  -1  -1   1   2   0  -3  -2   0    9   2   0   1   4   4   6  10   0  10   4  10   0   3   8  20   2   0   0   7  0.12 0.10
  277 D     0   0   1   1   1   1   1   0   0  -2  -1   2  -2  -3   0   1  -1  -3  -2  -1    5   5  10   8   3   6   8   7   2   1   5  16   0   0   3  11   2   0   0   6  0.13 0.08
  278 A     1  -1  -1   1  -2   0  -1   2  -2   0  -1  -1  -2  -3   0   2   0  -1  -2   0   13   3   0   8   0   3   2  21   0   8   6   2   0   0   4  18   5   1   1   5  0.17 0.12
  279 A     1   0   1  -1   0   0   0  -1   0   0  -1  -1   0  -2   0   1   0  -2   0   1   19   4  10   1   2   2   4   4   2   8   5   3   2   0   5  10   3   0   4  10  0.07 0.08
  280 E     0   0   1   3  -3   1   2   0  -1  -2  -2   0  -2  -3   1   0  -1  -4  -3  -2    9   4   9  22   0   6  15   7   1   1   3   4   0   1   7   6   2   0   0   1  0.29 0.14
  281 H    -1   0  -1   0  -3  -1  -1  -2   4  -1   0   1   1  -1   1   1  -1  -3  -2   0    3   4   1   4   0   2   3   1  18   3  11  11   5   2   8  15   2   0   0   8  0.19 0.15
  282 N     0   0   3   2  -3   0   1   0  -1  -2   0   1  -2  -3   0   0   0  -3  -2  -1    8   5  20  12   0   3   9   7   1   1  10   9   0   0   3   4   4   0   0   4  0.17 0.10
  283 L     1   0   0   0   1   0   0  -2  -2   0   1   1   1  -1   0   0  -1  -2  -2   0   13   6   4   4   4   6   6   1   0   8  19   9   3   2   5   4   2   0   0   5  0.05 0.06
  284 D     0   1   2   2  -3   0   2  -1  -2  -2  -1   2  -2  -1  -1   0  -1  -3  -2  -2    7   8  10  16   0   3  18   4   0   2   6  13   0   2   2   6   2   0   0   0  0.24 0.14
  285 L    -1  -1  -2  -2   1   0   0  -3   2   1   3  -1   1  -1  -2  -1  -1  -3  -1   0    6   3   1   2   3   5   6   1   6   7  42   3   2   0   1   3   1   0   2   7  0.22 0.16
  286 S     1   0   1   0  -1   0   0  -1  -2  -2  -1   0  -2  -1  -1   3   1  -3  -1  -2   14   5   9   3   1   3   6   4   0   1   5   5   0   2   2  31   9   0   1   0  0.25 0.18
  287 L    -1   1  -2  -3  -3  -1  -2  -3  -1   1   3  -1   1  -1  -1   0   0  -3   1   0    4   8   1   0   0   2   1   1   1   8  40   3   3   1   2   7   5   0   6   5  0.23 0.17
  288 G     0   1   0   0   0   0   1   2   0  -3  -1   0  -1  -2  -1   1   0  -3  -2  -2    8  11   3   5   2   3   8  20   2   0   5   4   1   1   2  15   7   0   0   2  0.17 0.12
  289 S     0   0   1   1   2   1   1  -1   0   0  -1   0  -1  -2   0   1   0  -3  -1   0    8   5   7   6   5   7  12   5   2  11   3   5   1   1   3  10   3   0   1   5  0.07 0.07
  290 S     0  -1   0  -1  -3   0   2   0  -2  -1  -1   1  -2  -3   1   3  -1  -1  -1  -2    7   2   5   1   0   3  13   7   0   6   5  10   0   0   8  27   2   1   2   0  0.24 0.19
  291 A     1  -1   0   0   0   1   0  -1  -2  -1   0   0   0  -3   1   2   0  -3  -3  -1   13   2   3   4   3   8   4   3   0   2  10   5   3   0   9  24   2   0   0   4  0.16 0.14
  292 G     0  -1   1   0  -1   0   1   1  -2  -1  -2   0  -1  -3   1   2   0  -3  -1  -1    8   2   7   4   1   3   9  11   0   2   3   3   1   0   9  23   5   0   2   6  0.17 0.13
  293 S    -1   1   1  -1   1   2   1  -3   2  -3  -2   0   0  -4  -3   3   0  -4  -3   0    2   7   7   3   4  11   8   0   5   0   2   6   3   0   0  31   3   0   0   8  0.33 0.24
  294 K     0   3   0  -2  -3   0   0  -1  -2  -1   0   2  -1  -2  -2   1   0  -4  -3  -1    6  19   4   0   0   4   5   3   0   4  11  15   1   1   1  16   4   0   0   5  0.20 0.16
  295 R    -1   4   2   1  -4   2   1  -2   1  -3  -3   2  -1  -3  -2   0   0  -4  -3  -2    3  26  12   6   0   8   9   2   3   1   0  13   1   1   1   5   5   0   0   2  0.41 0.22
  296 G     0   2   1   0  -3   0   0  -1   0  -2  -2   2   0   0   0   0  -1  -3  -2   0    7  14   8   4   0   2   5   4   1   0   3  21   4   5   4   9   3   0   0   7  0.17 0.14
  297 N     0   1   3   0  -3   1   0  -2  -2   0  -1   0  -2  -2   3   0   0  -3  -1  -1   10   7  17   4   0   7   3   0   0   6   4   5   0   1  18   5   5   0   3   3  0.27 0.17
  298 V     1   2  -1  -1  -3   0  -1  -2  -1   0   0   2   0  -3   1   0  -1  -3  -2   1   13  11   3   1   0   4   3   0   1   4   7  17   2   0   7   8   2   0   0  16  0.16 0.14
  299 D    -1   2   1   3  -1   1  -1  -3  -2  -1   0   0  -2   1   0   0  -1  -3  -1   0    4  17   8  21   2   6   0   0   0   2   9   3   0   7   4   7   2   0   2   6  0.21 0.17
  300 G     1  -2   0   1  -3   0   1   2  -1  -1  -1  -2  -2  -1   1   1   0  -3  -2  -1   13   0   2   9   0   3   8  20   1   5   4   0   0   4   7  12   7   0   0   4  0.18 0.13
  301 G    -1   1   1   0   0  -1   0   0   1  -2  -1  -1  -2   0  -2   1   1  -1  -2   0    3   9   9   6   2   0   6   8   4   0   6   3   0   6   0  16  13   1   0   8  0.11 0.12
  302 G    -1  -2  -2   0  -3  -1   0   3   1  -3  -2  -1   1   0   0   1   1  -3  -1  -1    2   1   0   4   0   2   4  33   4   0   2   4   4   4   4  11  11   0   1   6  0.30 0.19
  303 D     0   0   1   4  -3   0   1  -1   0  -3  -2   1  -3  -1  -3   1  -2  -4  -1  -1   10   4   6  28   0   2   7   4   2   0   3   9   0   3   0  13   0   0   2   6  0.30 0.19
  304 D     0  -2   1   1  -3   0   2  -2   3  -2  -2   0  -2  -2   0   1   1  -3   2  -2    7   0   7   9   0   3  19   2   9   1   4   4   0   0   4  13   9   0   8   1  0.24 0.17
  305 E     1   1   2   1  -3   0   2   0  -1  -3  -3   0  -2  -3   0   0   0  -3  -1  -1   14  10  11   8   0   3  14   8   1   0   0   6   0   0   3   6   7   0   2   6  0.19 0.13
  306 I    -1   0   1  -1  -2   1  -1  -3  -1   1   1  -2  -1   0   0  -1   1  -3  -2   2    5   5   9   4   0   8   2   0   1   9  17   0   0   5   3   1  12   0   0  17  0.11 0.13
  307 T     0  -1  -1  -1  -2   3   0   0  -2  -2   0   0  -1   0  -2   2   1  -3   0  -1    9   2   2   2   0  17   4   5   0   0   8   6   0   6   0  23   7   0   4   3  0.17 0.15
  308 G     0  -1  -1  -1  -3  -1   0   3  -1   0  -1  -1  -2  -2  -2   0   1  -3   0   1    6   3   2   3   0   2   8  28   1   8   3   3   0   0   0   6  11   0   5  12  0.18 0.13
  309 G     0  -1   0  -2   3  -1  -1   2   2   0  -1  -1   1  -2   1   0   0  -3  -2   0    5   3   3   0   9   0   5  21   8   7   5   2   6   0   6   5   8   0   0   6  0.14 0.11
  310 G    -1   0   1  -2   0   0  -1   3   1  -1  -2   0  -2   0  -3   0   0  -3  -2  -1    3   4   9   0   3   4   4  35   5   4   3   4   0   4   0   7   6   0   0   5  0.27 0.15
  311 G     0   1  -1   0  -3   1   1   3  -2  -2   0   0   0  -2  -2   0   0  -3   0  -2    8   7   0   5   0   7  10  25   0   0  10   6   4   0   0   8   4   0   4   0  0.18 0.12
  312 G     0   0   2   0  -3   0   1   3   0  -3  -2   0  -2  -2  -1   1   0  -3   1  -2    8   4  11   3   0   2  12  25   2   0   3   4   0   0   2   9   6   0   6   2  0.22 0.12
  313 G     0  -2   0   0   1  -2  -1   2  -2  -1  -1  -1  -1   2   1   0   0  -2   1   0    8   0   4   7   4   0   3  21   0   2   3   3   2  13   6   6   5   0   6   6  0.12 0.09
  314 T     1   1   0   1  -3   1   2  -2  -1  -2  -2   2   1   0  -1   1   0  -3  -2  -2   12   8   3   8   0   6  15   0   0   2   3  16   5   4   2  10   4   0   0   0  0.19 0.13
  315 G     1   0  -1  -1  -2   0   0   1   1   1  -1  -1   1   0  -1   0   1  -2  -1   1   12   6   0   2   0   6   6  12   4  11   3   0   5   4   3   3   9   0   0  13  0.05 0.07
  316 S     0   0   0   1   2   0   3  -2  -2  -3  -2  -1  -3  -3  -3   4  -1  -4  -1  -2    6   4   3   9   6   3  21   0   0   0   5   0   0   0   0  40   0   0   2   2  0.44 0.25
  317 D    -2  -2   3   3  -4   2   3  -2  -1  -2  -2  -1  -3  -3   1   1   0  -4  -1  -3    0   0  18  17   0  11  24   0   0   3   3   0   0   0   6  10   6   0   2   0  0.45 0.20
  318 Q    -1   0   0   0  -3   1   3  -1   2   0  -2   0  -2  -2   1   2  -1  -3  -2  -1    3   5   3   4   0   6  26   3   6   7   0   4   0   2   6  20   0   0   0   5  0.23 0.14
  319 R    -1   3  -2  -2  -3   0  -1   1  -2  -1  -1   2   1   2  -1  -1   0  -3  -1   0    0  22   0   0   0   3   3  11   0   0   3  17   6  11   3   3   7   0   0  10  0.19 0.14
  320 V     0   1  -2  -3  -2  -2  -2  -3  -3   2   1  -1   0  -2   0   0   1  -3  -2   3    9   9   0   0   0   0   0   0   0  16  13   3   0   0   4   7   9   0   0  27  0.19 0.12
  321 P     0  -1  -2  -2  -3  -2  -2  -1   0  -3  -1  -2  -2  -3   5   2   1  -4  -3  -2    9   4   0   0   0   0   0   3   3   0   8   0   0   0  43  18   8   0   0   0  0.77 0.22
  322 M     1  -1   0   0  -2   0  -1  -2  -2  -1   1   0   3  -2   0   1   2   2  -2  -1   14   0   6   4   0   4   0   0   0   0  13   7  15   0   4  10  17   4   0   0  0.16 0.12
  323 A     4  -2  -1  -1  -2  -2  -2  -1  -2  -2  -2  -2  -2  -3   2   2   1  -3  -3   0   51   0   3   3   0   0   0   0   0   0   1   0   0   0   9  15   8   0   0   8  0.45 0.20
  324 F     0   1  -2  -2   4  -1  -1  -2  -2   1   0  -1   2   2  -2  -1   1  -2  -1   0   10  10   0   0  13   0   6   1   0  10   4   1   8  16   0   1  13   0   0   5  0.16 0.10
  325 D    -1  -1   1   3  -3   0   3  -2  -1  -2  -2   0   2   0   0   1  -1  -3  -2  -2    1   0   6  20   0   0  28   1   0   0   1   5  12   5   5  14   1   0   0   1  0.33 0.14
  326 L    -1  -1  -2   0  -2  -1   1  -2  -2   0   1   0   0   0   2   0   0  -2  -1   1    1   0   0   5   0   0  11   1   0   5  24   9   0   5  10   5   8   0   0  15  0.11 0.07
  327 D     0  -2  -1   4  -3   1   2  -2  -2  -2   0  -1  -2  -3   3  -1   0  -4  -3  -2    8   0   0  39   0   5  13   0   0   0  11   0   0   0  16   0   5   0   0   0  0.50 0.16
  328 W    -1  -3  -3  -2  -3  -2   1  -3  -2   0   0  -2   1   4  -3   0  -2   6   0   1    4   0   0   0   0   0  16   0   0   5   9   0   4  27   0   7   0  18   0  10  0.45 0.15
  329 Q     0  -1   1   1  -3   2   3  -2  -1  -2  -2   1   2  -3   0   0  -1  -3  -2  -2   10   0   8   7   0  11  29   0   0   0   0  10  13   0   5   6   0   0   0   0  0.32 0.12
  330 T     0  -1  -1   0  -2  -1  -1  -2  -2  -1  -1   1   1   1   0   1   3  -3  -1   1    7   0   0   5   0   0   0   0   0   0   0  13   5   8   4  11  32   0   0  13  0.19 0.11
  331 A     2  -2  -1  -1  -1  -1  -1  -1  -2  -1  -1  -1  -1  -2  -1   3   2  -3  -2   1   27   0   0   1   0   0   1   1   0   0   6   1   0   0   0  34  17   0   0  11  0.29 0.11
  332 A     2  -2   1  -1  -1  -1   0   1  -2  -1  -1  -1  -1  -2   1   0   0  -3  -2   1   36   0   9   1   0   0   5  13   0   0   7   1   0   0   6   1   6   0   0  14  0.17 0.08
  333 A     2  -2  -1  -2   2   0  -1   0  -2  -1  -1  -1  -1  -2   1   1   1   3  -1   0   25   0   0   1   5   6   1   7   0   0   5   1   0   0   6  15  14   6   0   6  0.19 0.07
  334 R     0   3   1  -1  -2   0  -1   0   2  -3  -3   1  -2  -3   3   1  -1  -3  -2  -2    5  27  10   1   0   0   1   6   6   1   1   7   0   0  15  18   1   0   0   1  0.33 0.08
  335 S     1   0  -1  -1  -2  -1  -1   1  -2  -2  -2  -1   1  -2   3   3   1  -3  -2  -2    7   6   0   1   0   0   1  10   0   1   1   1   8   0  15  42   6   0   0   1  0.33 0.11
  336 T     0   0  -1   2  -2   1   0  -2  -2  -1   1  -1  -1  -2   2   0   2  -3  -2  -1   10   5   0  16   0   6   6   0   0   0  20   0   0   0   9   6  21   0   0   0  0.17 0.07
  337 K    -1   1  -1  -1  -2   0   1   0  -2  -1  -1   2   1  -3   1   0   1  -3  -2   1    0   6   0   0   0   0  10   9   0   0   0  25   6   0   5   8  14   0   0  16  0.15 0.07
  338 A     1   1  -1  -1  -2   1  -1   2   1  -1   0   0   1  -2   2   0  -1  -2  -1  -1   15  12   1   1   0   7   1  17   6   1  11   1   8   1  10   7   1   0   0   1  0.13 0.04
  339 K    -1   1   0   1  -3   1   1   1  -1  -1  -2   3  -1  -3   1  -1  -1  -3  -2  -2    1   6   1  11   0   7  10  13   0   7   1  31   0   1   8   1   1   0   0   1  0.23 0.06
  340 F    -1   0  -2  -2  -2  -1  -2  -2  -1  -1   1  -1   0   3   1   1  -1   4   2  -1    1   8   1   1   0   1   1   1   0   1  17   1   0  23   8  19   1   7   9   1  0.22 0.07
  341 D     1  -1   0   4  -2   1   0  -1  -1  -2  -2  -1  -2   1   1   0  -1  -2  -1  -2   15   1   1  44   0   8   1   2   0   1   2   1   0  10   7   2   1   0   1   1  0.35 0.08
  342 Q    -1   1   0  -1  -2   2   0   0   3  -1   0   0   0  -1  -1   1   1  -2  -1  -1    2   9   1   1   0  17   2   8  13   1  17   1   1   1   1  11  10   0   1   2  0.11 0.04
  343 N    -1  -1   2  -1  -2   1  -1   0  -1  -1   1  -1   0  -1   1   0   2  -2  -1  -1    2   1  19   1   0   9   2   8   1   1  21   1   1   1   9   2  19   0   1   2  0.13 0.04
  344 S     0   0   2   0  -2   1   0   1  -1  -2  -2   1  -1   1  -1   2   1  -2  -1  -2    1   1  14   1   0  10   1   9   0   1   2  11   0  11   1  26   8   0   1   1  0.16 0.04
  345 N     0   1   5   0  -3   1   1  -1   3  -3  -1   0  -2  -3  -2   0  -1  -3  -2  -2   10   9  49   0   0   8   7   0   9   0   8   0   0   0   0   0   0   0   0   0  0.42 0.11
  346 H     0   4   0   1  -3   0  -1  -2   6  -3  -3   0  -2  -1  -2  -1  -2  -2   2  -3    9  34   0  11   0   0   0   0  35   0   0   0   0   0   0   0   0   0  10   0  0.55 0.11
  347 P    -2  -2  -2  -2  -3  -2  -2  -3   3  -2   1  -2  -1  -2   6  -2  -2  -3  -2  -2    0   0   0   0   0   0   0   0  15   0  22   0   0   0  63   0   0   0   0   0  1.20 0.12
  348 Q     2   1  -1  -1  -2   1   1  -2   2  -1  -1   0  -1  -2   1   0  -1  -3  -1   1   26  12   0   0   0  11  12   0   9   0   0   0   0   0   9   0   0   0   0  22  0.17 0.05
  349 M    -1  -2  -2  -2  -2  -1   0  -3  -2   2   2  -2   3  -1  -2  -1   1  -2  -2   1    0   0   0   0   0   0  12   0   0  19  24   0  21   0   0   0  12   0   0  11  0.22 0.06
  350 P    -1  -2  -2  -2  -3  -2  -1  -2  -2  -3  -3  -1  -3  -3   7  -1  -1  -3  -3  -2    1   1   0   1   0   0   1   1   0   1   1   1   0   0  90   1   1   0   0   1  1.95 0.12
  351 P     1  -1  -1  -1  -2  -1  -1  -2  -2  -2  -2   2  -2  -3   6  -1  -1  -3  -2  -2   12   1   0   1   0   0   1   1   0   1   1  24   0   0  55   1   1   0   0   1  0.99 0.08
  352 V    -1  -1  -1  -2  -1   3   0  -2  -1   1   0  -1   3  -1  -2  -1   0  -2  -1   3    1   1   1   1   0  28   1   1   0   1   1   1  18   0   1   1   1   0   0  43  0.20 0.05
  353 L    -1  -1  -1  -1  -2   2   2  -2   3   1   1  -1   0  -1  -2  -1  -1  -2  -1   1    1   1   1   1   0  14  19   1  14  14  16   1   0   0   1   1   1   0   0  16  0.12 0.02
  354 Q     2   3  -1  -1  -2   2   0  -1  -1  -2  -2   1  -1  -2  -1   0  -1  -2  -1  -1   38  32   1   1   0  19   1   1   0   1   1   1   0   1   1   1   1   0   0   1  0.27 0.02
  355 V    -1  -1  -1   0  -2   0   3  -2  -1   0  -1   0  -1  -2   3   0   1  -2  -2   1    1   1   1   1   0   1  37   1   0   1   1   1   0   1  15   1  18   0   0  19  0.27 0.02
  356 T    -1   2   0   2  -2   0   0  -2  -1  -2  -2   2  -1  -2   3   0   1  -2  -2  -2    1  19   1  15   0   1   1   1   0   1   1  19   0   1  18   1  19   0   0   1  0.32 0.01
  357 H    -1   0   0   0  -3   2   2  -2   6  -3  -2   0  -1  -2  -1  -1  -1  -2   1  -2    1   1   1   1   0  15  18   1  55   1   1   1   0   1   1   1   1   0   0   1  0.55 0.03
  358 L    -1  -1  -1  -2  -2  -1  -1  -2   3   0   1   1   0   4  -2  -1  -1   0   1  -1    1   1   1   1   0   1   1   1  15   1  20  18   0  37   1   1   1   0   0   1  0.19 0.02
  359 P    -1  -1  -1  -1  -2   1  -1   2  -1  -3  -2  -1  -2  -3   6  -1  -1  -3  -2  -2    1   1   1   1   0  15   1  18   0   1   1   1   0   1  56   1   1   0   0   1  0.96 0.03
  360 F    -2  -2  -2  -3  -2  -2  -2  -3   3   0   2  -3   0   4  -3  -2  -2   5   2  -1    0   0   0   0   0   0   0   0  15   0  35   0   0  37   0   0   0  13   0   0  0.46 0.03
  361 S     0  -1   0  -1  -2   0  -1  -1   3  -1  -1  -1   2  -2   3   2   1  -3  -1  -1    0   0   0   0   0   0   0   0  15   0   0   0  17   0  19  36  13   0   0   0  0.32 0.03
  362 P     0  -2  -3  -2  -2  -2  -2  -2  -2  -1   2  -2   0  -2   6  -1  -1  -3  -2  -1   13   0   0   0   0   0   0   0   0   0  36   0   0   0  51   0   0   0   0   0  0.82 0.03
  363 R    -1   5   0  -1  -3   2   0  -2   0  -3  -2   2  -1  -3  -2   1  -1  -3  -2  -2    0  68   0   0   0  16   0   0   0   0   0   0   0   0   0  17   0   0   0   0  0.56 0.03
  364 H     0   3   0  -1  -2   0   0  -1   4  -3  -3   0  -2  -2   3   2   0  -3  -1  -2    0  27   0   0   0   0   0   0  22   0   0   0   0   0  16  36   0   0   0   0  0.40 0.02
  365 H    -2   2   0  -1  -3   0   0  -2   8  -3  -3   0  -2  -2  -2  -1  -2  -3   1  -3    0  17   0   0   0   0   0   0  83   0   0   0   0   0   0   0   0   0   0   0  0.87 0.05
  366 H    -1   0   3   0  -3   3   0  -2   5  -3  -3   0  -2  -3   3   0  -1  -3   0  -3    0   0  23   0   0  26   0   0  30   0   0   0   0   0  22   0   0   0   0   0  0.54 0.02
  367 Q     0   0  -1  -1  -2   3   0  -2  -1   0   1   0   3  -1  -2   1   0  -2  -1   0    0   0   0   0   0  30   0   0   0   0  22   0  23   0   0  26   0   0   0   0  0.17 0.01
  368 F    -2  -3  -3  -4  -2  -3  -3  -3  -2   0   2  -3   1   6  -4  -3  -2   0   2   0    0   0   0   0   0   0   0   0   0   0  23   0   0  77   0   0   0   0   0   0  0.62 0.02
  369 L    -1  -2  -3  -2  -2  -2  -2  -3  -3   0   2  -2   1  -1   5  -2  -1  -3  -2   0    0   0   0   0   0   0   0   0   0   0  52   0   0   0  48   0   0   0   0   0  0.79 0.02
  370 S     2  -1   2  -1  -1   0  -1  -1  -1  -1  -1  -1   2  -2  -1   2   0  -3  -2  -1   26   0  22   0   0   0   0   0   0   0   0   0  23   0   0  30   0   0   0   0  0.19 0.01
  371 N    -1   0   4   1  -2   3   0  -1   0  -3  -3   0  -2  -3  -2   2   0  -3  -2  -2    0   0  52   0   0  26   0   0   0   0   0   0   0   0   0  23   0   0   0   0  0.47 0.02
  372 G     0  -1   0   0  -3   2   2   4  -1  -3  -3   0  -2  -3  -2   0  -1  -3  -2  -3    0   0   0   0   0  23  22  55   0   0   0   0   0   0   0   0   0   0   0   0  0.56 0.01
  373 D    -1  -1   0   4  -3   0   0  -2   4  -1  -2  -1  -1  -2  -2  -1  -1  -3  -1   0    0   0   0  52   0   0   0   0  26   0   0   0   0   0   0   0   0   0   0  23  0.39 0.02
  374 P     1  -2  -1   2  -2  -1   0  -2  -2   1  -1  -1  -1  -2   4   0  -1  -3  -2   0   22   0   0  26   0   0   0   0   0  23   0   0   0   0  30   0   0   0   0   0  0.42 0.01
  375 G     0  -1   0  -1  -2   2   0   3  -1  -3  -3   0  -2  -3  -1   2   0  -3  -2  -2    0   0   0   0   0  26   0  30   0   0   0   0   0   0   0  45   0   0   0   0  0.38 0.01
  376 T     0   2   0  -1  -1   0   0  -1  -1  -2  -2   0  -1  -2  -1   3   3  -3  -2  -1    0  22   0   0   0   0   0   0   0   0   0   0   0   0   0  48  30   0   0   0  0.34 0.01
  377 A     2  -1   0  -1  -1   0   0   0  -1  -2  -2   0  -1  -2  -1   4   1  -3  -2  -1   30   0   0   0   0   0   0   0   0   0   0   0   0   0   0  70   0   0   0   0  0.40 0.02
  378 G     0  -2   0  -1  -2  -1  -2   5  -2  -3  -3  -1  -2  -3  -2   1  -1  -3  -3  -3    0   0   0   0   0   0   0  78   0   0   0   0   0   0   0  22   0   0   0   0  0.80 0.02
  379 G     0  -2   0   2  -3  -1  -1   5  -2  -4  -4  -1  -3  -3  -2   0  -2  -3  -3  -3    0   0   0  22   0   0   0  78   0   0   0   0   0   0   0   0   0   0   0   0  0.82 0.02
  380 L    -1  -1  -1  -2  -2   2  -1   2  -1  -1   1  -1   0  -1  -2   0   2  -2  -2  -1    0   0   0   0   0  22   0  23   0   0  30   0   0   0   0   0  26   0   0   0  0.16 0.01
  381 S     2   0   0  -1  -1   0   0   2  -1  -2  -2   2  -2  -3  -1   2   0  -3  -2  -2   26   0   0   0   0   0   0  23   0   0   0  22   0   0   0  30   0   0   0   0  0.29 0.01
  382 L    -1   2  -2  -2  -2  -1  -2   2  -2   1   1  -1   0  -1  -2  -1  -1  -2  -2   1    0  22   0   0   0   0   0  23   0   0  30   0   0   0   0   0   0   0   0  26  0.13 0.01
  383 T     2   0   0  -1  -1   0   0  -1  -1  -2  -2   2  -1  -2  -1   2   2  -3  -2  -1   26   0   0   0   0   0   0   0   0   0   0  22   0   0   0  23  30   0   0   0  0.26 0.01
  384 I     1  -2  -2  -2  -2  -2  -2   2  -2   1  -1  -2  -1  -2   3   0  -1  -3  -2   0   26   0   0   0   0   0   0  23   0  30   0   0   0   0  22   0   0   0   0   0  0.32 0.01
  385 G     0   2   0  -1  -2   0  -1   3  -1  -2  -2   0  -2  -3  -2   2   2  -3  -2  -2    0  23   0   0   0   0   0  30   0   0   0   0   0   0   0  22  26   0   0   0  0.32 0.01
  386 A     3   0  -1   0  -1   2   2  -1  -1  -2  -2   0  -1  -3  -1   1   0  -3  -2  -1   55   0   0   0   0  23  22   0   0   0   0   0   0   0   0   0   0   0   0   0  0.32 0.01
  387 G     0  -2   0  -1  -2  -1  -1   5  -1  -2  -2  -1  -2  -2  -1   0  -1  -2  -2  -2    2   1   1   1   0   1   2  76   1   1   2   1   1   1   1   2   2   0   1   2  0.66 0.01
  388 M     1  -1  -1  -2  -1  -1  -1  -1  -1   1   1  -1   3  -1  -1   0   0  -1  -1   1   25   1   1   1   0   1   2   2   1   1   2   1  30   1   1   2   2   0   1  24  0.09 0.01
  389 A     3  -1  -1  -1   0  -1  -1   0  -1  -1  -1  -1  -1  -2   0   1   0  -2  -1   0   76   1   1   1   0   1   2   2   1   1   2   1   1   1   1   2   2   0   1   2  0.27 0.01
  390 G     0  -1  -1   0  -2   0   2   3  -1  -2  -2   0  -2  -2   4   0  -1  -2  -2  -2    2   1   1   1   0   1  24  32   1   1   2   1   1   1  23   2   2   0   1   2  0.42 0.01
  391 H     0   0   0  -1  -2   0   0  -1   6  -2  -2   0  -1  -1  -1   1   0  -2   1  -2    2   1   1   1   0   1   2   2  53   1   2   1   1   1   1  24   2   0   1   2  0.38 0.01
  392 W    -1  -2  -2  -2  -2  -1  -2  -2  -2  -1   0  -2   2   0  -2  -2  -1   9   1  -1    2   1   1   1   0   1   2   2   1   1   2   1  23   1   1   2   2  52   1   2  0.95 0.02
  393 P     1   2  -2  -2  -2  -1  -1  -2  -2  -3  -2   0  -2  -3   6   0  -1  -3  -2  -2   22  23   0   0   0   0   0   0   0   0   0   0   0   0  55   0   0   0   0   0  0.97 0.02
  394 P    -1  -2  -2  -2  -3  -2  -2  -2  -2  -3  -3  -1  -2  -2   7  -1  -1   6  -1  -3    0   0   0   0   0   0   0   0   0   0   0   0   0   0  78   0   0  22   0   0  1.73 0.03
  395 Q    -1   1  -1  -1  -2   3   0  -2  -1  -1   1   2   0  -1  -1  -1  -1  -1  -1  -1    2   1   1   1   0  31   1   2   0   1  28  23   1   1   1   2   1   0   1   1  0.15 0.01
  396 Q    -1   0  -1  -1  -2   4   1  -2   0  -1  -1   0   0   3  -1  -1  -1  -1   1  -1    2   1   1   1   0  52   1   2   0   1   2   1   1  27   1   2   1   0   1   1  0.26 0.01
  397 Q     0   2   0  -1  -2   3   0  -2  -1  -1  -1   1  -1  -2  -2   1   0  -3  -2   1    0  23   0   0   0  30   0   0   0   0   0   0   0   0   0  26   0   0   0  22  0.22 0.01
  398 Q    -1   0   3   0  -2   3   1  -1   4  -3  -3   0  -1  -2  -2   1   0  -3  -1  -2    0   0  26   0   0  30   0   0  23   0   0   0   0   0   0  22   0   0   0   0  0.39 0.01
  399 G     2  -1  -1  -1  -1  -1  -1   4  -1  -2  -2  -1  -2  -2  -1   0  -1  -2  -2  -1   28   1   1   1   0   1   1  54   0   1   2   1   0   1   1   2   1   0   1   1  0.44 0.01
  400 W     1  -2  -2  -2  -1  -1  -1  -1  -2  -2  -1  -1  -1   0  -2  -1  -1   9   1  -1   28   1   1   1   0   1   1   2   0   1   2   1   0   1   1   2   1  53   1   1  0.97 0.02
  401 G     0  -1   0   0  -1   0   0   3  -1  -1  -1   0  -1  -1   0   2   0  -1  -1  -1    3   2   2   2   1   2   3  33   1   2   4   3   1   2   2  29   3   1   1   3  0.21 0.00
  402 N     0  -1   3   0  -1   0   0   0   0  -2  -2   0  -1  -2  -1   3   1  -2  -1  -2    2   1  31   1   0   1   1   2   0   1   2   1   0   1   1  50   1   0   1   1  0.30 0.01
  403 A     2  -1   0  -1  -1  -1  -1   3  -1  -2  -2  -1  -1  -2  -1   2   0  -2  -2  -1   31   1   1   1   0   1   1  27   0   1   2   1   0   1   1  24   1   0   1   1  0.26 0.01
  404 G     0  -2  -1  -1  -2  -2  -2   4  -1  -2  -1  -1  -1   3  -2  -1  -1  -1   0  -2    2   1   1   1   0   1   1  54   0   1   2   1   0  27   1   2   1   0   1   1  0.39 0.01
  405 G     0  -1   0  -1  -1  -1  -1   4  -1  -2  -2  -1  -2  -2  -1   2   0  -2  -2  -2    2   1   1   1   0   1   1  54   0   1   2   1   0   1   1  27   1   0   1   1  0.45 0.01
  406 M    -1  -1   2  -1  -2   0  -1  -2   4   0   2  -1   3  -1  -2  -1  -1  -2   0   0    0   0  23   0   0   0   0   0  22   0  26   0  30   0   0   0   0   0   0   0  0.20 0.01
  407 S     0  -1   3   0  -2   0   0  -1   4  -3  -3   0  -2  -2  -1   3   1  -3  -1  -2    0   0  23   0   0   0   0   0  22   0   0   0   0   0   0  55   0   0   0   0  0.39 0.02
  408 W     1  -2  -2  -3  -2  -1  -2  -2   4  -2  -2  -2  -1   0  -2  -1  -2   9   1  -2   26   0   0   0   0   0   0   0  22   0   0   0   0   0   0   0   0  52   0   0  1.07 0.03
  409 P     1  -2  -1  -2  -2  -1  -1  -1  -2  -2  -2  -1  -2  -3   6   0   2  -3  -2  -1   23   0   0   0   0   0   0   0   0   0   0   0   0   0  52   0  26   0   0   0  0.90 0.02
  410 L     1   2  -1  -1  -1   0   0  -1   3  -1   0   0   0  -1  -1   0  -1  -2   0  -1   24  27   1   1   0   1   1   2  15   1  17   1   1   1   1   2   1   0   1   1  0.12 0.00
  411 P    -1  -2  -2  -2  -3  -1  -1  -2  -2  -3  -3  -1  -3  -4   7  -1  -1  -4  -3  -3    0   0   0   0   0   0   0   0   0   0   0   0   0   0 100   0   0   0   0   0  2.10 0.03
  412 P    -1  -2  -2  -2  -3  -1  -1  -2  -2  -3  -3  -1  -3  -4   7  -1  -1  -4  -3  -3    0   0   0   0   0   0   0   0   0   0   0   0   0   0 100   0   0   0   0   0  2.10 0.03
  413 H    -2  -1   0  -2  -3   0  -1  -2   7  -3  -2  -1  -2   0  -2  -1  -2  -1   4  -3    0   0   0   0   0   0   0   0  77   0   0   0   0   0   0   0   0   0  23   0  0.81 0.03
  414 P     1  -2  -1  -2  -2  -1  -1  -1  -2  -2  -2  -1  -2  -3   6   0   2  -3  -2  -1   23   0   0   0   0   0   0   0   0   0   0   0   0   0  55   0  22   0   0   0  0.97 0.02
  415 P     1  -2  -1  -2  -1  -1  -1  -1  -2  -1   1  -1   0  -2   4   1   0  -3  -2  -1   23   0   0   0   0   0   0   0   0   0  22   0   0   0  30  26   0   0   0   0  0.42 0.01
  416 P    -1   2  -1  -1  -3   3   0  -2  -1  -3  -3   1  -2  -3   6  -1  -1  -3  -2  -2    0  23   0   0   0  26   0   0   0   0   0   0   0   0  52   0   0   0   0   0  0.96 0.02
  417 P    -1  -2  -2  -2  -3  -2  -2  -3  -2  -1   0  -1  -1  -2   7  -1  -1  -3  -3  -1    0   0   0   0   0   0   0   0   0   0  22   0   0   0  78   0   0   0   0   0  1.44 0.02
  418 P    -1  -2  -2  -2  -3  -2  -2  -2  -2  -2  -1  -2  -1   3   6  -1  -1  -1   0  -2    0   0   0   0   0   0   0   0   0   0   0   0   0  32  68   0   0   0   0   0  1.22 0.01
  419 T     0  -2  -1  -2  -1  -1  -1  -2  -2   1   0  -1   0  -2  -2   0   3  -3  -1   2    0   0   0   0   0   0   0   0   0   0   0   0   0   0   0   0  57   0   0  43  0.27 0.00
  420 N    -2   0   6   1  -3   0   0   0   1  -3  -3   0  -2  -3  -2   1   0  -4  -2  -3    0   0 100   0   0   0   0   0   0   0   0   0   0   0   0   0   0   0   0   0  0.73 0.00
  421 A     4  -1  -2  -2   0  -1  -1   0  -2  -1  -1  -1  -1  -2  -1   1   0  -3  -2   0  100   0   0   0   0   0   0   0   0   0   0   0   0   0   0   0   0   0   0   0  0.40 0.00
  422 A     4  -1  -2  -2   0  -1  -1   0  -2  -1  -1  -1  -1  -2  -1   1   0  -3  -2   0  100   0   0   0   0   0   0   0   0   0   0   0   0   0   0   0   0   0   0   0  0.40 0.00
  423 A     4  -1  -2  -2   0  -1  -1   0  -2  -1  -1  -1  -1  -2  -1   1   0  -3  -2   0  100   0   0   0   0   0   0   0   0   0   0   0   0   0   0   0   0   0   0   0  0.40 0.00
  424 A     4  -1  -2  -2   0  -1  -1   0  -2  -1  -1  -1  -1  -2  -1   1   0  -3  -2   0  100   0   0   0   0   0   0   0   0   0   0   0   0   0   0   0   0   0   0   0  0.40 0.00
  425 A     4  -1  -2  -2   0  -1  -1   0  -2  -1  -1  -1  -1  -2  -1   1   0  -3  -2   0  100   0   0   0   0   0   0   0   0   0   0   0   0   0   0   0   0   0   0   0  0.40 0.00
  426 T     0  -1   0  -1  -1  -1  -1  -2  -2  -1  -1  -1  -1  -2  -1   1   5  -2  -2   0    0   0   0   0   0   0   0   0   0   0   0   0   0   0   0   0 100   0   0   0  0.46 0.00
  427 A     4  -1  -2  -2   0  -1  -1   0  -2  -1  -1  -1  -1  -2  -1   1   0  -3  -2   0  100   0   0   0   0   0   0   0   0   0   0   0   0   0   0   0   0   0   0   0  0.40 0.00
  428 T     0  -1   0  -1  -1  -1  -1  -2  -2  -1  -1  -1  -1  -2  -1   1   5  -2  -2   0    0   0   0   0   0   0   0   0   0   0   0   0   0   0   0   0 100   0   0   0  0.46 0.00
  429 A     4  -1  -2  -2   0  -1  -1   0  -2  -1  -1  -1  -1  -2  -1   1   0  -3  -2   0  100   0   0   0   0   0   0   0   0   0   0   0   0   0   0   0   0   0   0   0  0.40 0.00
  430 A     4  -1  -2  -2   0  -1  -1   0  -2  -1  -1  -1  -1  -2  -1   1   0  -3  -2   0  100   0   0   0   0   0   0   0   0   0   0   0   0   0   0   0   0   0   0   0  0.40 0.00
  431 A     4  -1  -2  -2   0  -1  -1   0  -2  -1  -1  -1  -1  -2  -1   1   0  -3  -2   0  100   0   0   0   0   0   0   0   0   0   0   0   0   0   0   0   0   0   0   0  0.40 0.00
  432 A     4  -1  -2  -2   0  -1  -1   0  -2  -1  -1  -1  -1  -2  -1   1   0  -3  -2   0  100   0   0   0   0   0   0   0   0   0   0   0   0   0   0   0   0   0   0   0  0.40 0.00
  433 S     1  -1   1   0  -1   0   0   0  -1  -2  -2   0  -1  -2  -1   4   1  -3  -2  -2    0   0   0   0   0   0   0   0   0   0   0   0   0   0   0 100   0   0   0   0  0.45 0.00
  434 S     1  -1   1   0  -1   0   0   0  -1  -2  -2   0  -1  -2  -1   4   1  -3  -2  -2    0   0   0   0   0   0   0   0   0   0   0   0   0   0   0 100   0   0   0   0  0.45 0.00
  435 R    -1   6   0  -2  -3   1   0  -2   0  -3  -2   2  -1  -3  -2  -1  -1  -3  -2  -3    0 100   0   0   0   0   0   0   0   0   0   0   0   0   0   0   0   0   0   0  0.74 0.00
  436 F    -2  -3  -3  -4  -2  -3  -3  -3  -1   0   0  -3   0   6  -4  -2  -2   1   3  -1    0   0   0   0   0   0   0   0   0   0   0   0   0 100   0   0   0   0   0   0  0.73 0.00
  437 P    -1  -2  -2  -1  -3  -1  -1  -2  -2  -3  -3  -1  -2  -4   7  -1  -1  -4  -3  -2    0   0   0   0   0   0   0   0   0   0   0   0   0   0 100   0   0   0   0   0  2.03 0.00
  438 P    -1  -2  -2  -1  -3  -1  -1  -2  -2  -3  -3  -1  -2  -4   7  -1  -1  -4  -3  -2    0   0   0   0   0   0   0   0   0   0   0   0   0   0 100   0   0   0   0   0  2.03 0.00
  439 Y    -2  -2  -2  -3  -2  -1  -2  -3   2  -1  -1  -2  -1   3  -3  -2  -2   2   7  -1    0   0   0   0   0   0   0   0   0   0   0   0   0   0   0   0   0   0 100   0  0.85 0.00
  440 I    -1  -3  -3  -3  -1  -3  -3  -4  -3   4   2  -3   1   0  -3  -2  -1  -3  -1   3    0   0   0   0   0   0   0   0   0 100   0   0   0   0   0   0   0   0   0   0  0.38 0.00
  441 A     4  -1  -2  -2   0  -1  -1   0  -2  -1  -1  -1  -1  -2  -1   1   0  -3  -2   0  100   0   0   0   0   0   0   0   0   0   0   0   0   0   0   0   0   0   0   0  0.40 0.00
  442 T     0  -1   0  -1  -1  -1  -1  -2  -2  -1  -1  -1  -1  -2  -1   1   5  -2  -2   0    0   0   0   0   0   0   0   0   0   0   0   0   0   0   0   0 100   0   0   0  0.46 0.00
  443 Q    -1   1   0   0  -3   5   2  -2   0  -3  -2   1   0  -3  -1   0  -1  -2  -1  -2    0   0   0   0   0 100   0   0   0   0   0   0   0   0   0   0   0   0   0   0  0.64 0.00
  444 A     4  -1  -2  -2   0  -1  -1   0  -2  -1  -1  -1  -1  -2  -1   1   0  -3  -2   0  100   0   0   0   0   0   0   0   0   0   0   0   0   0   0   0   0   0   0   0  0.40 0.00
  445 S     1  -1   1   0  -1   0   0   0  -1  -2  -2   0  -1  -2  -1   4   1  -3  -2  -2    0   0   0   0   0   0   0   0   0   0   0   0   0   0   0 100   0   0   0   0  0.45 0.00
  446 T     0  -1   0  -1  -1  -1  -1  -2  -2  -1  -1  -1  -1  -2  -1   1   5  -2  -2   0    0   0   0   0   0   0   0   0   0   0   0   0   0   0   0   0 100   0   0   0  0.46 0.00
  447 W    -3  -3  -4  -4  -2  -2  -3  -3  -2  -3  -2  -3  -1   1  -4  -3  -2  11   2  -3    0   0   0   0   0   0   0   0   0   0   0   0   0   0   0   0   0 100   0   0  2.29 0.00
  448 L    -1  -2  -3  -4  -1  -2  -3  -4  -3   2   4  -2   2   0  -3  -2  -1  -2  -1   1    0   0   0   0   0   0   0   0   0   0 100   0   0   0   0   0   0   0   0   0  0.45 0.00
  449 Q    -1   1   0   0  -3   5   2  -2   0  -3  -2   1   0  -3  -1   0  -1  -2  -1  -2    0   0   0   0   0 100   0   0   0   0   0   0   0   0   0   0   0   0   0   0  0.64 0.00
  450 K    -1   2   0  -1  -3   1   1  -2  -1  -3  -2   5  -1  -3  -1   0  -1  -3  -2  -2    0   0   0   0   0   0   0   0   0   0   0 100   0   0   0   0   0   0   0   0  0.51 0.00
  451 N    -2   0   6   1  -3   0   0   0   1  -3  -3   0  -2  -3  -2   1   0  -4  -2  -3    0   0 100   0   0   0   0   0   0   0   0   0   0   0   0   0   0   0   0   0  0.72 0.00
  452 G     0  -2   0  -1  -3  -2  -2   6  -2  -4  -4  -2  -3  -3  -2   0  -2  -3  -3  -3    0   0   0   0   0   0   0 100   0   0   0   0   0   0   0   0   0   0   0   0  1.04 0.00
  453 F    -2  -3  -3  -4  -2  -3  -3  -3  -1   0   0  -3   0   6  -4  -2  -2   1   3  -1    0   0   0   0   0   0   0   0   0   0   0   0   0 100   0   0   0   0   0   0  0.73 0.00
  454 H    -2   0   1  -1  -3   0   0  -2   8  -3  -3  -1  -2  -1  -2  -1  -2  -2   2  -3    0   0   0   0   0   0   0   0 100   0   0   0   0   0   0   0   0   0   0   0  0.84 0.00
  455 S     1  -1   1   0  -1   0   0   0  -1  -2  -2   0  -1  -2  -1   4   1  -3  -2  -2    0   0   0   0   0   0   0   0   0   0   0   0   0   0   0 100   0   0   0   0  0.45 0.00
  456 L    -1  -2  -3  -4  -1  -2  -3  -4  -3   2   4  -2   2   0  -3  -2  -1  -2  -1   1    0   0   0   0   0   0   0   0   0   0 100   0   0   0   0   0   0   0   0   0  0.45 0.00
  457 T     0  -1   0  -1  -1  -1  -1  -2  -2  -1  -1  -1  -1  -2  -1   1   5  -2  -2   0    0   0   0   0   0   0   0   0   0   0   0   0   0   0   0   0 100   0   0   0  0.46 0.00
  458 R    -1   6   0  -2  -3   1   0  -2   0  -3  -2   2  -1  -3  -2  -1  -1  -3  -2  -3    0 100   0   0   0   0   0   0   0   0   0   0   0   0   0   0   0   0   0   0  0.74 0.00
  459 P    -1  -2  -2  -1  -3  -1  -1  -2  -2  -3  -3  -1  -2  -4   7  -1  -1  -4  -3  -2    0   0   0   0   0   0   0   0   0   0   0   0   0   0 100   0   0   0   0   0  2.03 0.00
  460 T     0  -1   0  -1  -1  -1  -1  -2  -2  -1  -1  -1  -1  -2  -1   1   5  -2  -2   0    0   0   0   0   0   0   0   0   0   0   0   0   0   0   0   0 100   0   0   0  0.46 0.00

                      K         Lambda
Standard Ungapped    0.1310     0.3140
Standard Gapped      0.0359     0.2670
PSI Ungapped         0.1172     0.3114
PSI Gapped           0.0359     0.2670
