
Last position-specific scoring matrix computed, weighted observed percentages rounded down, information per position, and relative weight of gapless real matches to pseudocounts
            A   R   N   D   C   Q   E   G   H   I   L   K   M   F   P   S   T   W   Y   V   A   R   N   D   C   Q   E   G   H   I   L   K   M   F   P   S   T   W   Y   V
    1 M    -1  -1  -2  -3  -1   0  -2  -3  -2   1   2  -1   5   0  -2  -1  -1  -1  -1   1    0   0   0   0   0   0   0   0   0   0   0   0   0   0   0   0   0   0   0   0  0.00     0.00
    2 G     0  -2   0  -1  -2  -2  -2   6  -2  -4  -4  -2  -3  -3  -2   0  -2  -2  -3  -3    0   0   0   0   0   0   0   0   0   0   0   0   0   0   0   0   0   0   0   0  0.00     0.00
    3 L    -1  -2  -3  -4  -1  -2  -3  -4  -3   2   4  -2   2   0  -3  -2  -1  -2  -1   1    0   0   0   0   0   0   0   0   0   0   0   0   0   0   0   0   0   0   0   0  0.00     0.00
    4 H    -2   0   1  -1  -3   0   0  -2   7  -3  -3  -1  -2  -1  -2  -1  -2  -2   2  -3    0   0   0   0   0   0   0   0   0   0   0   0   0   0   0   0   0   0   0   0  0.00     0.00
    5 K    -1   2   0  -1  -3   1   1  -2  -1  -3  -2   4  -1  -3  -1   0  -1  -3  -2  -2    0   0   0   0   0   0   0   0   0   0   0   0   0   0   0   0   0   0   0   0  0.00     0.00
    6 L    -1  -2  -3  -4  -1  -2  -3  -4  -3   2   4  -2   2   0  -3  -2  -1  -2  -1   1    0   0   0   0   0   0   0   0   0   0   0   0   0   0   0   0   0   0   0   0  0.00     0.00
    7 R    -1   5   0  -2  -3   1   0  -2   0  -3  -2   2  -1  -3  -2  -1  -1  -3  -2  -2    0   0   0   0   0   0   0   0   0   0   0   0   0   0   0   0   0   0   0   0  0.00     0.00
    8 L    -1  -2  -3  -4  -1  -2  -3  -4  -3   2   4  -2   2   0  -3  -2  -1  -2  -1   1    0   0   0   0   0   0   0   0   0   0   0   0   0   0   0   0   0   0   0   0  0.00     0.00
    9 A     4  -1  -2  -2   0  -1  -1   0  -2  -1  -1  -1  -1  -2  -1   1   0  -2  -2   0    0   0   0   0   0   0   0   0   0   0   0   0   0   0   0   0   0   0   0   0  0.00     0.00
   10 A     4  -1  -2  -2   0  -1  -1   0  -2  -1  -1  -1  -1  -2  -1   1   0  -2  -2   0    0   0   0   0   0   0   0   0   0   0   0   0   0   0   0   0   0   0   0   0  0.00     0.00
   11 A     4  -1  -2  -2   0  -1  -1   0  -2  -1  -1  -1  -1  -2  -1   1   0  -2  -2   0    0   0   0   0   0   0   0   0   0   0   0   0   0   0   0   0   0   0   0   0  0.00     0.00
   12 V     0  -2  -3  -3  -1  -2  -2  -3  -3   3   1  -2   1  -1  -2  -2   0  -3  -1   4    0   0   0   0   0   0   0   0   0   0   0   0   0   0   0   0   0   0   0   0  0.00     0.00
   13 P    -1  -2  -2  -1  -3  -1  -1  -2  -2  -3  -3  -1  -2  -4   7  -1  -1  -4  -3  -2    0   0   0   0   0   0   0   0   0   0   0   0   0   0   0   0   0   0   0   0  0.00     0.00
   14 V     0  -2  -3  -3  -1  -2  -2  -3  -3   3   1  -2   1  -1  -2  -2   0  -3  -1   4    0   0   0   0   0   0   0   0   0   0   0   0   0   0   0   0   0   0   0   0  0.00     0.00
   15 T     0  -1   0  -1  -1  -1  -1  -2  -2  -1  -1  -1  -1  -2  -1   1   4  -2  -2   0    0   0   0   0   0   0   0   0   0   0   0   0   0   0   0   0   0   0   0   0  0.00     0.00
   16 F    -2  -3  -3  -3  -2  -3  -3  -3  -1   0   0  -3   0   6  -4  -2  -2   1   3  -1    0   0   0   0   0   0   0   0   0   0   0   0   0   0   0   0   0   0   0   0  0.00     0.00
   17 S     1  -1   1   0  -1   0   0   0  -1  -2  -2   0  -1  -2  -1   4   1  -3  -2  -2    0   0   0   0   0   0   0   0   0   0   0   0   0   0   0   0   0   0   0   0  0.00     0.00
   18 S     1  -1   1   0  -1   0   0   0  -1  -2  -2   0  -1  -2  -1   4   1  -3  -2  -2    0   0   0   0   0   0   0   0   0   0   0   0   0   0   0   0   0   0   0   0  0.00     0.00
   19 R    -1   5   0  -2  -3   1   0  -2   0  -3  -2   2  -1  -3  -2  -1  -1  -3  -2  -2    0   0   0   0   0   0   0   0   0   0   0   0   0   0   0   0   0   0   0   0  0.00     0.00
   20 L    -1  -2  -3  -4  -1  -2  -3  -4  -3   2   4  -2   2   0  -3  -2  -1  -2  -1   1    0   0   0   0   0   0   0   0   0   0   0   0   0   0   0   0   0   0   0   0  0.00     0.00
   21 F    -2  -3  -3  -3  -2  -3  -3  -3  -1   0   0  -3   0   6  -4  -2  -2   1   3  -1    0   0   0   0   0   0   0   0   0   0   0   0   0   0   0   0   0   0   0   0  0.00     0.00
   22 L    -1  -2  -3  -4  -1  -2  -3  -4  -3   2   4  -2   2   0  -3  -2  -1  -2  -1   1    0   0   0   0   0   0   0   0   0   0   0   0   0   0   0   0   0   0   0   0  0.00     0.00
   23 K    -1   2   0  -1  -3   1   1  -2  -1  -3  -2   4  -1  -3  -1   0  -1  -3  -2  -2    0   0   0   0   0   0   0   0   0   0   0   0   0   0   0   0   0   0   0   0  0.00     0.00
   24 P    -1  -2  -2  -1  -3  -1  -1  -2  -2  -3  -3  -1  -2  -4   7  -1  -1  -4  -3  -2    0   0   0   0   0   0   0   0   0   0   0   0   0   0   0   0   0   0   0   0  0.00     0.00
   25 F    -2  -3  -3  -3  -2  -3  -3  -3  -1   0   0  -3   0   6  -4  -2  -2   1   3  -1    0   0   0   0   0   0   0   0   0   0   0   0   0   0   0   0   0   0   0   0  0.00     0.00
   26 T     0  -1   0  -1  -1  -1  -1  -2  -2  -1  -1  -1  -1  -2  -1   1   4  -2  -2   0    0   0   0   0   0   0   0   0   0   0   0   0   0   0   0   0   0   0   0   0  0.00     0.00
   27 N    -2   0   6   1  -3   0   0   0   1  -3  -3   0  -2  -3  -2   1   0  -4  -2  -3    0   0   0   0   0   0   0   0   0   0   0   0   0   0   0   0   0   0   0   0  0.00     0.00
   28 T     0  -1   0  -1  -1  -1  -1  -2  -2  -1  -1  -1  -1  -2  -1   1   4  -2  -2   0    0   0   0   0   0   0   0   0   0   0   0   0   0   0   0   0   0   0   0   0  0.00     0.00
   29 L    -1  -2  -3  -4  -1  -2  -3  -4  -3   2   4  -2   2   0  -3  -2  -1  -2  -1   1    0   0   0   0   0   0   0   0   0   0   0   0   0   0   0   0   0   0   0   0  0.00     0.00
   30 T     0  -1   0  -1  -1  -1  -1  -2  -2  -1  -1  -1  -1  -2  -1   1   4  -2  -2   0    0   0   0   0   0   0   0   0   0   0   0   0   0   0   0   0   0   0   0   0  0.00     0.00
   31 L    -1  -2  -3  -4  -1  -2  -3  -4  -3   2   4  -2   2   0  -3  -2  -1  -2  -1   1    0   0   0   0   0   0   0   0   0   0   0   0   0   0   0   0   0   0   0   0  0.00     0.00
   32 G     0  -2   0  -1  -2  -2  -2   6  -2  -4  -4  -2  -3  -3  -2   0  -2  -2  -3  -3    0   0   0   0   0   0   0   0   0   0   0   0   0   0   0   0   0   0   0   0  0.00     0.00
   33 L    -1  -2  -3  -4  -1  -2  -3  -4  -3   2   4  -2   2   0  -3  -2  -1  -2  -1   1    0   0   0   0   0   0   0   0   0   0   0   0   0   0   0   0   0   0   0   0  0.00     0.00
   34 F    -2  -3  -3  -3  -2  -3  -3  -3  -1   0   0  -3   0   6  -4  -2  -2   1   3  -1    0   0   0   0   0   0   0   0   0   0   0   0   0   0   0   0   0   0   0   0  0.00     0.00
   35 S     1  -1   1   0  -1   0   0   0  -1  -2  -2   0  -1  -2  -1   4   1  -3  -2  -2    0   0   0   0   0   0   0   0   0   0   0   0   0   0   0   0   0   0   0   0  0.00     0.00
   36 R    -1   5   0  -2  -3   1   0  -2   0  -3  -2   2  -1  -3  -2  -1  -1  -3  -2  -2    0   0   0   0   0   0   0   0   0   0   0   0   0   0   0   0   0   0   0   0  0.00     0.00
   37 H    -2   0   1  -1  -3   0   0  -2   7  -3  -3  -1  -2  -1  -2  -1  -2  -2   2  -3    0   0   0   0   0   0   0   0   0   0   0   0   0   0   0   0   0   0   0   0  0.00     0.00
   38 L    -1  -2  -3  -4  -1  -2  -3  -4  -3   2   4  -2   2   0  -3  -2  -1  -2  -1   1    0   0   0   0   0   0   0   0   0   0   0   0   0   0   0   0   0   0   0   0  0.00     0.00
   39 Q    -1   1   0   0  -3   5   2  -2   0  -3  -2   1   0  -3  -1   0  -1  -2  -1  -2    0   0   0   0   0   0   0   0   0   0   0   0   0   0   0   0   0   0   0   0  0.00     0.00
   40 P    -1  -2  -2  -1  -3  -1  -1  -2  -2  -3  -3  -1  -2  -4   7  -1  -1  -4  -3  -2    0   0   0   0   0   0   0   0   0   0   0   0   0   0   0   0   0   0   0   0  0.00     0.00
   41 R    -1   5   0  -2  -3   1   0  -2   0  -3  -2   2  -1  -3  -2  -1  -1  -3  -2  -2    0   0   0   0   0   0   0   0   0   0   0   0   0   0   0   0   0   0   0   0  0.00     0.00
   42 N    -2   0   6   1  -3   0   0   0   1  -3  -3   0  -2  -3  -2   1   0  -4  -2  -3    0   0   0   0   0   0   0   0   0   0   0   0   0   0   0   0   0   0   0   0  0.00     0.00
   43 K    -1   2   0  -1  -3   1   1  -2  -1  -3  -2   4  -1  -3  -1   0  -1  -3  -2  -2    0   0   0   0   0   0   0   0   0   0   0   0   0   0   0   0   0   0   0   0  0.00     0.00
   44 P    -1  -2  -2  -1  -3  -1  -1  -2  -2  -3  -3  -1  -2  -4   7  -1  -1  -4  -3  -2    0   0   0   0   0   0   0   0   0   0   0   0   0   0   0   0   0   0   0   0  0.00     0.00
   45 L    -1  -2  -3  -4  -1  -2  -3  -4  -3   2   4  -2   2   0  -3  -2  -1  -2  -1   1    0   0   0   0   0   0   0   0   0   0   0   0   0   0   0   0   0   0   0   0  0.00     0.00
   46 L    -1  -2  -3  -4  -1  -2  -3  -4  -3   2   4  -2   2   0  -3  -2  -1  -2  -1   1    0   0   0   0   0   0   0   0   0   0   0   0   0   0   0   0   0   0   0   0  0.00     0.00
   47 V     0  -2  -3  -3  -1  -2  -2  -3  -3   3   1  -2   1  -1  -2  -2   0  -3  -1   4    0   0   0   0   0   0   0   0   0   0   0   0   0   0   0   0   0   0   0   0  0.00     0.00
   48 R    -2   6  -1  -2  -4   1   0  -3   0  -3  -2   2  -2  -3  -2  -1  -1  -3  -2  -3    0 100   0   0   0   0   0   0   0   0   0   0   0   0   0   0   0   0   0   0  0.77 0.01
   49 A     3  -1   0  -1  -1   0   0   0  -1  -2  -2   0  -1  -3  -1   3   1  -3  -2  -1   38   0   0   0   0   0   0   0   0   0   0   0   0   0   0  62   0   0   0   0  0.37 0.00
   50 F    -2  -3  -3  -4  -3  -3  -3  -3  -1   0   0  -3   0   7  -4  -3  -2   1   3  -1    0   0   0   0   0   0   0   0   0   0   0   0   0 100   0   0   0   0   0   0  0.76 0.01
   51 S     3  -1   0  -1  -1  -1  -1   0  -1  -2  -2  -1  -1  -2  -1   3   2  -3  -2  -1   42   0   0   0   0   0   0   0   0   0   0   0   0   0   0  38  21   0   0   0  0.32 0.00
   52 A     2  -1  -1  -1  -1  -1  -1  -1  -2  -1  -1  -1  -1  -2  -1   1   4  -3  -2   0   38   0   0   0   0   0   0   0   0   0   0   0   0   0   0   0  62   0   0   0  0.34 0.01
   53 S     0   0   0   1  -2   1   4  -1   0  -3  -3   0  -2  -3  -1   2   0  -3  -2  -2    0   0   0   0   0   0  62   0   0   0   0   0   0   0   0  38   0   0   0   0  0.48 0.01
   54 A     2   3  -1  -1  -2   1   0  -1  -1  -2  -2   3  -1  -3  -1   0  -1  -3  -2  -1   38  21   0   0   0   0   0   0   0   0   0  42   0   0   0   0   0   0   0   0  0.31 0.00
   55 A     2   4  -1  -1  -2   2   0  -1  -1  -2  -2   1  -1  -3  -2   0  -1  -3  -2  -1   38  42   0   0   0  21   0   0   0   0   0   0   0   0   0   0   0   0   0   0  0.34 0.00
   56 V    -1  -2   2   2  -2  -1  -1  -2  -2   1   0  -1   0  -2  -2  -1   0  -4  -2   3    0   0  21  21   0   0   0   0   0   0   0   0   0   0   0   0   0   0   0  59  0.17 0.00
   57 Q    -1   5   0  -1  -3   4   1  -2   0  -3  -2   2  -1  -3  -2  -1  -1  -3  -2  -3    0  62   0   0   0  38   0   0   0   0   0   0   0   0   0   0   0   0   0   0  0.59 0.01
   58 D    -2  -1   5   4  -3   0   1  -1   0  -3  -4   0  -3  -3  -2   0   0  -4  -3  -3    0   0  62  38   0   0   0   0   0   0   0   0   0   0   0   0   0   0   0   0  0.66 0.01
   59 I    -2  -3  -4  -4  -1  -3  -3  -4  -3   4   3  -3   2   0  -3  -3  -1  -2  -1   2    0   0   0   0   0   0   0   0   0  56  44   0   0   0   0   0   0   0   0   0  0.38 0.01
   60 P    -1  -2  -2  -2  -2  -2  -2  -3  -2   0   2  -2   1  -1   4   0   2  -3  -2   0    0   0   0   0   0   0   0   0   0   0  44   0   0   0  26   0  30   0   0   0  0.40 0.01
   61 A     1  -2  -2  -2  -2  -2  -2   3   0  -2  -2  -2  -2   1  -2   0  -1   0   5  -1   26   0   0   0   0   0   0  30   0   0   0   0   0   0   0   0   0   0  44   0  0.39 0.01
   62 T    -1  -1   0   4  -3   1   4  -2  -1  -3  -3   0  -2  -3  -1   0   2  -3  -2  -2    0   0   0  30   0   0  44   0   0   0   0   0   0   0   0   0  26   0   0   0  0.47 0.01
   63 Q    -1   1   0  -1  -3   3   1  -2   5  -3  -2   2  -1  -1  -2  -1  -1  -1   3  -3    0   0   0   0   0  26   0   0  29   0   0  30   0   0   0   0   0   0  14   0  0.39 0.01
   64 T     4  -2  -1  -2  -1  -1  -1   0  -2  -1  -2  -1  -1  -2  -1   1   2  -3  -2   0   74   0   0   0   0   0   0   0   0   0   0   0   0   0   0   0  26   0   0   0  0.35 0.02
   65 S    -1   4   3   0  -3   0   0  -1   0  -3  -3   1  -2  -3  -2   2   0  -3  -2  -3    0  44  30   0   0   0   0   0   0   0   0   0   0   0   0  26   0   0   0   0  0.41 0.01
   66 D    -1  -1   0   4  -4   1   5  -2   0  -4  -3   0  -3  -4  -1   0  -1  -3  -3  -3    0   0   0  26   0   0  74   0   0   0   0   0   0   0   0   0   0   0   0   0  0.70 0.02
   67 S     0  -1   3   0  -2  -1  -1   4  -1  -3  -4  -1  -2  -3  -2   2   0  -3  -3  -3    0   0  30   0   0   0   0  44   0   0   0   0   0   0   0  26   0   0   0   0  0.50 0.01
   68 S    -1  -2  -1  -2  -2  -1  -2  -2   1  -2  -2  -2  -1   2  -2   1  -1   1   6  -2    0   0   0   0   0   0   0   0   0   0   0   0   0   0   0  26   0   0  74   0  0.59 0.02
   69 V     0  -2  -1  -2  -1  -1  -1  -2  -2   1   0  -1   0  -2  -2   2   1  -3  -2   3    0   0   0   0   0   0   0   0   0   0   0   0   0   0   0  44   0   0   0  56  0.19 0.01
   70 A     3  -1  -1  -1  -1   0   1  -1  -2  -1  -2  -1  -1  -3  -1   1   2  -3  -2   0   55   0   0   0   0   0  15   0   0   0   0   0   0   0   0   0  30   0   0   0  0.28 0.01
   71 A     1  -2  -3  -3  -1  -2  -3  -3  -3   1   4  -2   2   0  -3  -2  -1  -2  -1   1   20   0   0   0   0   0   0   0   0   0  80   0   0   0   0   0   0   0   0   0  0.34 0.02
   72 R    -1   4   0  -1  -2   3   1  -1   0  -2  -1   1  -1  -2  -1   0  -1  -1  -1  -2    3  42   2   2   1  26   2   3   1   2   3   2   1   1   2   2   2   0   1   2  0.31 0.01
   73 P     0  -1  -1  -1  -2  -1  -1  -1  -1  -2  -2  -1  -2  -2   6   1   0  -2  -2  -2    2   1   1   1   0   1   1   2   0   1   2   1   1   1  58  22   1   0   1   1  0.97 0.02
   74 L    -1  -1  -1  -2  -1  -1  -1  -2   0   0   2  -1   0   1  -2   1  -1   0   4   0    1   1   1   1   0   1   1   1   0   1  35   1   0   1   1  17   1   0  32   1  0.19 0.02
   75 W    -1   0  -1  -1  -1   0   0  -1  -1  -1  -1   1  -1   0  -1  -1  -1   8   1  -1    4   3   2   3   1   2   3   4   1   3   5  20   1   2   3   4   3  33   2   3  0.49 0.01
   76 K     0   1   0   0  -1   2   1  -1   0  -1  -1   3  -1  -1   0   0   0  -1  -1  -1    4   3   2   3   1  18   3   4   1   3   5  36   1   2   3   4   3   1   2   3  0.17 0.01
   77 A     2  -1  -1  -1  -1  -1  -1  -1  -1  -1  -2  -1  -1  -2   5   0   0  -2  -2  -1   35   2   1   2   1   1   2   2   1   2   3   2   1   1  38   2   2   0   1   2  0.55 0.02
   78 A     1  -1  -1  -1  -1   2   0  -2  -1   2   1  -1   0  -1  -1  -1   0  -2  -1   2   13   1   1   1   0  20   2   2   1  13   9   1   1   1   1   2   1   0   1  28  0.09 0.02
   79 I    -4  -5  -6  -7  -4  -5  -6  -7  -6   4   6  -5   2  -1  -6  -5  -4  -5  -4  -1    0   0   0   0   0   0   0   0   0  22  73   0   4   1   0   0   0   0   0   0  1.42 0.49
   80 D    -5  -5   1   8  -7  -4  -1  -5  -5  -7  -8  -4  -7  -7  -5  -2  -5  -8  -7  -7    0   0   5  92   0   0   1   0   0   0   0   0   0   0   0   2   0   0   0   0  2.51 0.74
   81 F    -3  -2  -5  -5  -4  -1  -4  -5  -3   5   3  -4   0   0   2  -3  -2  -4  -1   1    1   2   0   0   0   3   0   0   0  39  27   0   2   4  12   2   1   0   2   5  0.68 0.32
   82 K    -3   3   3  -1  -6   1   1  -4  -1  -5  -5   6  -4  -6  -4  -2  -2  -6  -3  -4    1  15  15   3   0   5   7   0   1   0   0  50   0   0   0   0   2   0   1   1  1.00 0.43
   83 W     0   0  -3  -3  -3  -1  -3  -4  -2  -1   3   0   0   4  -4  -2  -2   3   2  -1    7   4   0   1   0   3   0   0   1   2  39   7   1  17   0   2   1   4   7   3  0.44 0.25
   84 I    -4  -5  -6  -6  -4  -5  -6  -6  -6   5   4  -5  -1   1  -5  -5  -1  -4  -3   2    0   0   0   0   0   0   0   0   0  40  39   0   0   7   0   0   4   0   0  10  1.06 0.40
   85 R    -4   8  -3  -5  -1  -1  -2  -6  -4  -2  -3   0  -4   0  -6  -3  -4  -6  -3  -3    1  78   0   0   2   2   2   0   0   3   2   3   0   4   0   1   1   0   1   2  1.72 0.60
   86 D     0  -2   3   2  -5   2   4  -1  -1  -5  -4   1  -3  -5  -3   0   0  -5  -4  -4    6   1  16  10   0  10  30   5   1   0   1  10   0   0   0   4   6   0   0   0  0.57 0.29
   87 N    -3  -3   7   3  -2   1   2  -4   2  -6  -6  -2  -3  -6  -5  -1  -2  -6  -3  -6    1   1  52  17   1   5  11   0   5   0   0   2   1   0   0   2   2   0   1   0  1.21 0.47
   88 K    -2   0  -5  -5  -5  -2  -4  -5  -5   0   1  -2  -3   1   7  -3  -2  -5  -3  -2    3   6   0   0   0   1   0   0   0   6  15   1   0   7  54   1   3   0   1   2  1.21 0.45
   89 E     0  -3  -1   5  -6   2   5  -3  -2  -6  -6  -1  -5  -6  -1  -3  -2  -6  -5  -4    7   0   2  31   0   8  41   1   1   0   0   3   0   0   2   0   2   0   0   0  1.04 0.43
   90 A     1  -1  -2   0  -3   0   2  -2  -1   0   1   0  -1   1  -3  -1   0   0   0   0   18   2   1   3   0   3  17   2   1   7  14   8   1   7   0   3   4   1   2   7  0.09 0.11
   91 V    -1  -5  -5  -6   0  -5  -5  -5  -5   3   1  -5   0   3  -5  -4  -1  -4   0   5    4   0   0   0   2   0   0   0   0  13  13   0   1  14   0   0   4   0   3  46  0.79 0.34
   92 E     2   3  -2   1  -3   1   1  -3  -1  -1  -3   3  -2  -3  -3  -1  -2  -4  -2  -1   18  20   1  10   0   4  11   1   1   5   1  21   0   1   0   2   1   0   1   4  0.38 0.23
   93 I     2   1  -1   0  -4   2   4  -2  -1  -3  -3   2  -2  -5  -3  -1  -1  -5  -3  -3   20   8   3   4   0  10  28   1   1   1   1  16   1   0   0   2   4   0   0   0  0.50 0.28
   94 N     2   2   1  -1  -2   0  -2  -1  -1  -3  -3   2   0  -4  -3   2  -1  -5  -3  -2   23  14   7   2   0   3   1   4   1   1   1  17   3   0   0  20   1   0   0   2  0.38 0.25
   95 I    -4  -4  -5  -6   0   2  -3  -6  -5   2   5  -4   2  -2  -5  -4  -4  -1  -3  -1    0   0   0   0   2  11   1   0   0  10  67   0   4   1   0   0   0   1   0   2  1.07 0.44
   96 R     2   3   0  -1  -3   1   1  -2  -2  -1  -1   2  -2  -4  -3   1  -1  -4  -3  -2   25  15   4   2   0   6   9   2   1   4   5  15   0   0   0   8   2   0   0   2  0.29 0.20
   97 N     1   3   1  -1  -4   0  -1  -2  -1  -3  -1   3  -2  -4  -3   1   1  -5  -2  -2   14  17   8   3   0   2   2   1   1   0   6  23   1   0   0   8  10   0   1   2  0.34 0.23
   98 R    -5   8  -4  -6  -4  -3  -4  -6  -4  -7  -6   2  -5  -7  -6  -5  -5  -7  -6  -5    0  86   0   0   0   0   0   0   0   0   0  12   0   0   0   0   0   0   0   0  2.40 0.80
   99 N    -2  -2   3  -1  -3  -1  -2   6  -2  -4  -5   0  -5   0  -5  -2  -3  -5  -2  -5    1   2  16   4   1   3   3  55   1   1   0   5   0   5   0   2   0   0   1   0  0.98 0.42
  100 S     0  -1  -2  -1  -3  -1   1   0  -2   0   1   0   1   2  -1  -1  -1  -2   2   1    6   2   0   3   0   2  15   7   0   5  12   5   4  12   2   4   1   0   8  13  0.09 0.12
  101 N     0  -2   1   5  -4  -1   2  -2  -2  -2  -3   1  -3  -4   1   1  -1  -5  -3  -2    6   0   6  32   0   2  12   2   0   3   1   9   0   0   7  11   3   0   1   3  0.47 0.26
  102 A     1  -3  -3  -3  -3  -2   0  -3  -3   1   2  -2  -1   2   3  -1  -1  -3   0   1   11   0   0   1   0   0   8   1   0   7  22   1   0  11  16   2   3   0   3  11  0.30 0.21
  103 N     0   0   1   5  -4   0   1  -2  -2  -3  -2   0  -1  -4  -2   2   0  -3  -3  -2    7   4   5  34   0   3   7   2   0   1   4   5   1   0   2  17   4   0   1   3  0.44 0.26
  104 L     0  -4  -5  -5  -3  -4  -2  -5  -5   2   4  -4   0   0  -4  -1  -2  -4  -3   3    6   0   0   0   0   0   2   0   0  10  45   0   1   3   0   6   2   0   0  24  0.68 0.34
  105 E     1  -3   0   6  -5   1   3  -1  -2  -5  -5  -1  -5  -6  -2   0  -1  -6  -4  -4   12   1   3  44   0   5  17   3   0   0   1   3   0   0   2   5   3   0   0   0  0.84 0.40
  106 A     1   2  -1   2  -4   1   3  -1   0  -4  -3   2  -3  -4   0   0   0  -3  -2  -3   12  10   1  13   0   7  19   4   2   0   2  12   0   0   4   4   7   0   1   0  0.31 0.21
  107 V    -1  -5  -5  -6  -4  -5  -5  -6  -5   4   4  -5  -1   3  -5  -4  -3  -2  -1   2    6   0   0   0   0   0   0   0   0  24  41   0   0  15   0   0   0   1   1  13  0.86 0.38
  108 L    -1  -1  -1  -3  -2  -1  -1  -3  -2   2   3  -1   0  -1   0  -2  -1  -4  -1   1    5   4   4   1   0   3   5   2   1  14  35   4   0   1   5   3   3   0   2  10  0.21 0.17
  109 Q     2   0  -1   1  -4   2   3  -3  -1  -2  -3   2  -2  -4  -3   1  -1  -5  -3  -3   19   4   2   7   0   8  24   1   1   2   2  14   1   0   0  13   2   0   0   1  0.41 0.27
  110 L     0  -2  -5  -4  -2  -2  -3  -5  -3   3   4   0   1  -1  -5  -3  -1  -2   0   0    8   2   0   1   0   2   1   0   0  15  52   5   2   1   0   1   4   0   3   2  0.60 0.33
  111 Y    -2  -4  -1   7  -5  -3   4  -4  -4  -4  -5  -3  -5  -2  -5  -3  -3   0   1  -4    3   0   2  56   0   0  25   1   0   1   0   0   0   1   0   1   1   1   6   1  1.35 0.56
  112 E     1   0  -1   0  -4   2   4  -2  -1  -2  -2   2  -3  -4  -2   0   0  -5  -4  -1   11   5   2   5   0  12  29   2   1   2   4  12   0   0   1   6   4   0   0   4  0.36 0.24
  113 N     0   3   0   0  -4   2   4  -4  -1  -5  -3   4  -3  -5  -4  -2  -2  -5  -4  -4    7  15   3   4   0  10  28   0   1   0   3  23   0   0   0   1   2   0   0   1  0.66 0.35
  114 M    -4   6  -3  -5  -5   0  -4  -6  -2  -1  -1   0   3  -3  -5  -4  -4   6   1  -2    1  54   0   0   0   3   0   0   1   4   7   5   8   0   0   0   0  11   4   3  1.20 0.52
  115 V    -4   7  -2  -5  -7  -2  -3  -4  -4  -4  -5   5  -3  -6  -5  -3  -4  -6  -5  -1    0  56   1   0   0   1   0   1   0   1   1  34   0   0   0   1   0   0   0   4  1.58 0.62
  116 N     1   0   0   0  -4   2   3  -2  -1  -2  -4   2  -2  -5  -3   1   1  -5  -3  -2   13   4   3   3   0  11  23   1   1   2   0  14   0   0   0  11  11   0   0   2  0.39 0.26
  117 L     1  -2  -2  -4   0  -3  -3  -4   1   3   4  -2   1  -2  -4  -2  -1  -3  -3   0   13   1   2   0   2   0   2   0   4  19  42   2   2   1   0   1   3   0   0   4  0.47 0.28
  118 Q    -3   0  -2  -2  -4   3   0  -4   0   3   2   0   0  -3  -4  -3  -1  -4  -3   1    1   4   2   2   0  19   6   1   3  23  19   7   2   0   0   0   3   0   0   9  0.37 0.26
  119 K     0   0  -1  -1  -3   2  -1  -2  -1   0  -1   2  -1   0  -3   0   2  -4  -2   1   10   4   2   4   0  11   3   2   1   5   3  14   1   5   0   5  18   0   1  13  0.16 0.17
  120 E     0   3  -1   0  -4   3   4  -3  -1  -3  -3   3  -2  -5  -3  -1  -1  -4  -3  -3    7  15   1   3   0  14  27   1   1   1   3  17   1   0   0   3   3   0   0   2  0.54 0.30
  121 V     0  -1  -2  -1  -2  -2  -2  -2  -2   2   2  -2   1   0  -3   0   2  -3  -2   2    9   4   0   4   0   0   0   2   1  11  19   2   3   4   0   7  16   0   0  17  0.19 0.16
  122 E    -3  -2   0   3  -6   4   6  -3  -3  -6  -6  -1  -5  -6  -4   0  -3  -6  -1  -5    1   1   5  14   0  17  50   1   0   0   0   1   0   0   0   6   1   0   2   0  1.13 0.51
  123 R     0  -1   3   2  -4   2   3  -1  -2  -3  -3   1  -3  -5  -2   1   0  -5  -4  -2    7   3  13  10   0   9  24   3   0   1   1   7   0   0   1  11   7   0   0   3  0.39 0.24
  124 L     0  -4  -6  -5  -3  -3  -5  -6  -3   1   5  -3   2  -1  -5  -5  -3  -4  -3   0    7   1   0   0   0   1   0   0   0   5  70   2   4   2   0   0   1   0   0   5  1.05 0.46
  125 R    -1   4   1  -3  -6   6   0  -5  -3  -5  -4   3  -4  -6  -1  -3  -3  -5  -5  -4    5  24   7   0   0  35   3   0   0   0   2  20   0   0   2   0   0   0   0   1  1.01 0.48
  126 E     4   0   0  -3  -3  -1   1  -2   2  -1  -3   1  -3  -3  -3   2   0  -5  -2  -2   41   6   5   0   0   2   7   1   6   5   0   7   0   1   0  13   4   0   1   1  0.44 0.30
  127 E    -2   3  -2  -1  -5   2   5  -4  -3  -2  -1   3  -3  -3  -4  -2  -3  -5  -4  -4    3  16   0   2   0  10  38   0   0   2   5  18   0   1   0   2   1   0   0   1  0.74 0.38
  128 R    -3   7  -3  -4  -5   3  -3  -3   1  -3  -4   2  -4  -3  -4  -1  -4  -5  -1  -5    1  58   0   0   0  12   0   2   4   2   1  11   0   1   0   4   0   0   2   0  1.25 0.51
  129 N    -2  -2   8  -2  -5  -3  -1  -4  -3  -4  -4   2  -5  -6  -5  -2  -3  -6  -5  -5    3   1  70   0   0   0   4   0   0   1   2  15   0   0   0   1   1   0   0   0  1.67 0.63
  130 N     2   1  -1  -1  -3   2   3  -2  -2  -2  -2   2  -2  -3  -2   1   0  -4  -3  -1   18   7   2   2   0   9  21   1   0   1   4  12   0   1   1  11   5   0   0   5  0.29 0.21
  131 V     1   0  -1  -3  -1  -2  -2  -3  -3   3   2  -1   1  -1  -4  -2  -1  -4  -2   3   11   5   3   1   1   1   1   1   0  18  20   4   3   3   0   2   2   0   0  25  0.29 0.19
  132 A     1  -4   0  -3  -4  -2  -3   1  -4  -5  -5  -3  -4  -5  -4   6   2  -6  -5  -4    9   0   3   0   0   1   1   9   0   0   0   0   0   0   0  65  11   0   0   0  1.18 0.55
  133 K    -2   2  -2  -1  -5   1   0  -2  -3  -5  -4   6  -3  -5  -4  -1  -3  -5  -1  -4    3   9   1   3   0   4   4   2   0   0   1  63   0   0   0   4   0   0   2   1  1.11 0.49
  134 K     0   1  -2   0  -5   4   4  -3  -2  -1  -1   1  -2  -5  -3   0  -1  -5  -4  -3    7   7   1   3   0  20  33   1   1   4   6   8   1   0   0   7   2   0   0   0  0.56 0.33
  135 M    -3  -4  -2  -5  -4  -4  -1  -6  -5   6   0  -5   1   0  -5  -4  -3  -5  -4   4    1   0   3   0   0   0   5   0   0  55   5   0   2   3   0   0   0   0   0  23  1.10 0.45
  136 K     2  -1  -2  -1  -4  -1  -2   5  -3  -3  -4   3  -3  -4   0  -1  -2  -4  -4  -2   18   2   1   3   0   2   2  40   0   1   1  18   0   0   4   3   1   0   0   3  0.62 0.30
  137 G     3   2  -1  -2  -3   2   1   0  -2  -1  -1   2  -1  -4  -1   0  -1  -4  -3  -2   27  10   2   1   0  13  11   5   0   3   5  12   2   0   2   4   2   0   0   1  0.28 0.20
  138 K     0   2  -1  -1  -2   0   0  -4  -3  -3  -1   6  -1  -4  -4  -1  -2  -5  -3  -3    8   7   2   2   1   3   5   0   0   2   6  58   1   0   0   2   1   0   0   1  0.89 0.42
  139 L     2   2  -2  -2  -3   0  -2   0  -2   0   0   3   2  -3  -2   0   0  -4  -3  -2   20  12   0   1   0   3   1   5   0   6  10  23   5   0   1   5   5   0   0   1  0.26 0.21
  140 E     1   1   2   2  -4   1   1  -1  -2  -3  -4   3  -3  -1   0   1   0  -4  -3  -3   10   7   9  13   0   5   8   4   0   1   0  20   0   3   5  10   4   0   0   1  0.30 0.20
  141 P     0  -1   1   0  -4   1   0   4  -2  -3  -3   3  -3  -3   2   0  -2  -5  -4  -3    9   1   7   4   0   6   4  29   1   2   1  19   0   1   9   5   1   0   0   1  0.43 0.25
  142 S     0  -2  -1   0  -4   1   5   1  -2  -2  -2   2  -3  -5  -1   0  -1  -1  -4  -3    6   1   2   4   0   4  41  13   0   2   4  11   0   0   2   4   2   1   0   2  0.52 0.31
  143 E    -2   0   2   6  -6   2   4  -3  -3  -6  -5   0  -4  -5  -2  -1  -3  -6  -3  -5    2   4   7  43   0   8  23   1   0   0   0   4   0   0   2   3   1   0   1   0  0.96 0.43
  144 R     3   2  -3  -1   0  -2  -2  -3  -3   2   0   0  -1  -1  -1  -1   0  -4  -2   0   28  14   0   4   2   0   1   0   0  15   8   7   0   3   3   2   5   0   0   7  0.22 0.21
  145 E     0  -2   0   3  -4   2   4  -2  -2  -4  -3  -1  -3  -3   0   2   0  -5  -2  -4    8   1   3  15   0  10  28   2   0   1   2   2   0   1   4  16   6   0   1   0  0.45 0.28
  146 R     2   0  -1   1  -3   0   3  -1  -1  -3  -4   1  -3  -2   1   0  -1  -5  -3  -2   22   4   2   6   0   2  27   4   1   1   0  10   0   2   7   6   3   0   0   2  0.34 0.24
  147 L     0  -3  -5  -5  -2  -1  -3  -5  -4   2   5  -1   1   0  -4  -3  -3  -4  -2   0    7   1   0   0   0   3   1   0   0  12  57   5   3   3   0   2   0   0   1   4  0.70 0.35
  148 V    -3   1  -4  -4  -2  -1  -1  -3  -4   4   1   3   4  -1  -3  -2  -3  -4  -3   0    0   9   0   0   1   2   5   1   0  29  13  19  11   2   0   2   0   0   0   4  0.44 0.28
  149 E     4   0  -1   0  -4   1   3  -2  -3  -3  -2   2  -3  -5  -3  -1  -2  -5  -4  -3   37   4   3   4   0   6  20   2   0   1   5  13   0   0   0   2   1   0   0   1  0.49 0.32
  150 E    -1   2  -2   0  -5   2   5  -3   2  -5  -3   2  -4  -5  -4  -1  -2  -5  -2  -4    5  10   1   4   0  10  44   1   4   0   2  13   0   0   0   2   2   0   1   0  0.77 0.39
  151 G     1  -4  -3  -4  -3  -3  -4   2  -4   0   0  -2   5  -2  -4   0   0  -4  -2   3   14   0   0   0   0   0   0  14   0   4   5   2  18   1   0   7   5   0   1  26  0.43 0.28
  152 K     0   3   2  -1  -4   1   1  -1  -2  -3  -4   4  -3  -4  -3   0  -1  -4  -2  -2   10  17  11   3   0   5   9   5   0   2   0  29   0   0   0   4   2   0   2   2  0.45 0.26
  153 N     1   0   1   1  -4   2   3   0   0  -3  -2   1  -3  -3  -3   1   0  -4  -3  -2   11   5   7   6   0   9  25   6   1   1   4   9   0   1   0   8   4   0   0   1  0.29 0.19
  154 L    -3  -4  -1  -5  -4  -4  -5  -6  -5   4   4  -3   1  -1  -5  -4  -3  -4  -1   2    1   0   4   0   0   0   0   0   0  27  48   1   2   2   0   1   0   0   2  12  0.89 0.39
  155 K     1   1   1  -3  -4  -2  -2   2  -3  -2  -2   4  -3  -4  -2   1  -1  -5  -4  -3   11   9   6   0   0   0   1  19   0   3   3  30   0   0   1  13   2   0   0   1  0.43 0.28
  156 E     1  -1   1   3  -4   1   3  -1  -2  -2  -4   1  -3  -5  -3   0  -1  -5  -4  -1   13   2   7  17   0   7  25   3   0   2   0  10   0   0   0   5   4   0   0   4  0.41 0.25
  157 S    -2   2  -2   2  -5   3   4  -4  -2  -4  -2   3  -3  -3  -4  -1   0  -5  -4  -4    2   9   1  12   0  13  32   0   0   1   4  17   0   1   0   2   5   0   0   1  0.62 0.34
  158 L    -3  -4  -3  -6  -4  -4  -5  -6  -5   5   4  -3   2  -3  -5  -4  -2  -5  -1   2    2   1   1   0   0   1   0   0   0  42  34   2   4   0   0   1   1   0   2  11  0.94 0.41
  159 V     1  -1   0   1  -4   0   2  -3  -2  -2  -4   4  -3  -4   1   1  -1  -5  -1  -2   11   1   4   6   0   3  16   1   0   3   1  30   0   0   7   9   3   0   2   2  0.39 0.27
  160 T     2   0  -1   1  -4   1   3  -1   0  -2  -3   1  -3  -4  -2   0   0  -5  -4  -2   24   5   3   9   0   5  23   3   2   2   1  10   0   0   1   4   4   0   0   3  0.33 0.23
  161 L     2  -3  -2  -4  -2  -1  -3  -2  -3   2   4  -1   1  -1  -4  -1  -2  -4  -1   0   17   1   2   0   1   3   0   2   0  10  43   5   3   2   0   5   1   0   1   4  0.38 0.25
  162 E    -2  -2   0   4  -2   0   5  -4  -3  -3  -5   2  -5  -6  -4  -1  -3  -6  -2  -5    2   1   3  23   1   3  47   1   0   2   0  12   0   0   0   3   1   0   1   0  1.00 0.46
  163 E     2   0   0   1  -3   1   2  -1  -1  -2  -3   2  -2  -4   0   0   1  -4  -3  -1   18   4   3   8   0   7  18   3   1   3   2  11   1   0   4   7   7   0   0   3  0.24 0.18
  164 D     0   1  -1   1  -4   2   4  -2  -2   0  -3   2  -2  -4  -3  -1   1  -4  -4  -2    9   9   2   6   0   9  30   2   0   6   2  12   1   0   0   4   8   0   0   2  0.39 0.25
  165 L     0  -1  -2  -3  -3   1   1  -4  -3   0   4  -1   0  -1  -4  -2  -1  -4  -2   1    9   2   1   1   0   6  11   0   0   4  41   3   1   2   0   2   3   0   1  11  0.33 0.24
  166 V     0   2   0   2  -4   0   1  -2  -1  -1  -2   3  -2  -3  -3   0  -1  -4   0  -1   10  12   5  11   0   4  10   2   0   4   4  19   0   0   0   7   3   0   4   5  0.21 0.16
  167 K     1   0   0   0  -4   2   3  -2  -1  -1  -2   1  -2  -2   0   0   1  -4   0  -2   12   3   3   4   0   9  27   2   1   3   2   7   0   1   4   3  10   0   4   3  0.27 0.20
  168 L     1  -3  -2  -4  -3  -1  -3  -4  -1   3   3  -1  -1  -1  -4  -2  -2  -1  -1   2   13   0   2   0   0   3   1   0   2  23  29   5   0   2   0   1   2   1   2  15  0.40 0.25
  169 K    -1  -1   0   2  -5   4   4  -1   0  -4  -2   1  -3  -5  -4  -1  -1  -5  -3  -4    4   2   5  13   0  18  33   3   2   1   4   9   0   0   0   3   4   0   0   0  0.61 0.34
  170 D     2  -1   1   2  -4   1   3   0  -2  -4  -4   1  -3  -4  -3   0  -1  -5  -4  -3   21   2   6  11   0   6  24   8   0   0   1   9   0   0   0   7   4   0   0   1  0.40 0.25
  171 E     0   1  -1   2  -4   3   4  -4  -2  -4  -3   3  -4  -5  -4  -1  -2  -5  -4  -4    9   6   2   9   0  14  33   0   1   1   3  17   0   0   0   2   1   0   0   0  0.65 0.35
  172 L    -3   0  -2  -5  -3  -1  -4  -4  -4   3   4  -3   1   3  -5  -3  -3   1   0   1    1   6   2   0   0   3   0   1   0  19  38   1   3  12   0   1   0   2   3   6  0.55 0.29
  173 Q    -2   1   2   2  -4   2   2  -3   1  -1  -2   0  -2  -1  -3  -1   1   1   0  -1    2   7   9  12   0  10  18   1   4   5   4   5   0   3   0   3   8   3   4   4  0.22 0.17
  174 H     0  -1   1   3  -4   1   3  -3   1  -3  -2   1  -3  -2  -3   0   0  -4   1  -3   10   3   6  21   0   6  20   1   3   0   3   8   0   1   0   6   6   0   5   1  0.36 0.23
  175 V     0  -1  -2   0  -3  -1  -1  -4  -2   3   3  -1   1   1  -4  -2  -2  -1   1   1    8   3   1   6   0   2   3   0   0  18  30   5   3   6   0   1   1   1   5   6  0.24 0.18
  176 A     0  -4  -3  -5   4  -1  -3  -5   0   0   5  -3   3  -2  -5  -3  -2  -4   0  -1   10   0   1   0   9   2   1   0   2   4  54   1   6   0   0   1   1   0   4   3  0.71 0.37
  177 Q     0   1  -2  -4   1  -1  -2  -4  -3  -1   3  -1   4  -1  -4   0  -2   3   0  -1    8   9   1   0   4   2   2   0   0   2  37   4  11   2   0   8   2   4   3   2  0.33 0.25
  178 S     1   3   0  -2  -1   1   0   1   3  -2  -3   0  -2  -3  -2   2   1  -2  -2  -2   13  17   5   1   1   5   5  11   7   2   2   4   0   0   1  15   8   0   1   2  0.23 0.18
  179 I    -3  -5  -5  -5  -3  -4  -5  -2  -5   5   4  -5   0   0  -5  -4  -3  -4  -2   2    0   0   0   0   0   0   0   4   0  38  36   0   2   3   0   0   1   0   1  14  0.89 0.37
  180 P    -4  -4  -6  -5  -7  -5  -3  -1  -6  -7  -7  -5  -6  -7   9  -2  -5  -7  -7  -6    0   1   0   0   0   0   1   5   0   0   0   0   0   0  88   3   0   0   0   0  2.78 0.88
  181 N    -5  -4   9  -1  -7  -3  -4  -4   3  -7  -6  -4  -4  -7  -6  -3  -4  -7  -6  -7    0   0  89   2   0   1   0   0   6   0   1   0   0   0   0   0   0   0   0   0  2.56 0.86
  182 M    -3  -3  -5  -5  -3  -2  -5  -3  -5   5   4  -3   2  -1  -3  -4   0  -4  -1   1    0   1   0   0   0   1   0   2   0  34  39   1   4   2   1   0   5   0   1   7  0.75 0.35
  183 T    -2  -4  -5  -5  -5  -5  -5  -6  -6   0   0  -2  -4  -5   7  -3  -1  -6  -5   1    2   1   0   0   0   0   0   0   0   6  12   2   0   0  62   1   4   0   0  10  1.59 0.59
  184 H     0  -3   0   3  -4  -2  -2  -4   8  -3   0  -2  -4  -3  -5   1  -3  -2  -2  -3    9   0   3  18   0   1   1   0  40   1   9   2   0   1   0  11   1   1   1   1  0.99 0.46
  185 P     0  -3  -1   4  -5  -1   4  -3  -3  -4  -5  -1  -3  -5   4  -1   0  -6  -5  -2    6   0   1  28   0   1  26   1   0   1   0   3   0   0  19   4   7   0   0   3  0.76 0.37
  186 D    -1  -3   0   4  -2   0   1   1  -3  -4  -5   0  -4  -5  -4   4   0  -5  -4  -4    2   0   2  23   1   4   8  11   0   1   0   4   0   0   0  39   4   0   0   0  0.69 0.38
  187 V     0  -6  -6  -5   2  -5  -5  -6  -6   0  -2  -4  -1  -4  -5  -4   0  -6  -3   7    8   0   0   0   4   0   0   0   0   3   1   1   1   0   0   0   7   0   1  74  1.40 0.59
  188 P    -2  -6  -6  -6  -7  -5  -5  -6  -6  -3  -4  -5  -6  -7   8  -5  -5  -1  -2  -1    4   0   0   0   0   0   0   0   0   1   2   0   0   0  85   0   0   1   1   5  2.61 0.85
  189 V     0   0  -2   0  -3  -1   1  -4  -2   2   0   0  -1   0  -2  -2  -1  -1  -1   4    7   4   1   6   0   1   9   0   0  10   6   7   1   4   2   0   2   1   2  36  0.24 0.20
  190 G    -3  -5  -3  -4   0  -5  -5   7  -6  -7  -6  -5  -6  -7  -6   0  -5  -6  -6  -7    0   0   0   0   2   0   0  90   0   0   0   0   0   0   0   6   0   0   0   0  2.17 0.71
  191 G     0   0   2   2  -3  -1   0   2  -3  -4  -4   3  -3  -4   1   0  -1  -5  -4  -3    9   4   9  14   0   1   4  15   0   0   1  25   1   0   7   4   2   0   0   1  0.39 0.24
  192 E    -3  -3  -1   6  -6  -2   4  -4  -2  -6  -6  -2  -5  -6  -4   2  -2  -6  -5  -5    1   1   2  49   0   1  27   1   1   0   0   1   0   0   0  15   1   0   0   0  1.27 0.53
  193 D    -3  -3  -1   4  -6  -1   6  -4  -2  -6  -6   1  -5  -6  -4  -1  -3  -6  -5  -6    1   1   2  26   0   2  54   1   1   0   0   8   0   0   0   4   1   0   0   0  1.30 0.54
  194 S     0  -1   5   4  -4   0   0  -2   1  -5  -4   1  -3  -5  -4   1   1  -6  -4  -4    6   2  27  22   0   3   5   1   3   0   1  10   0   0   0  12   7   0   0   0  0.63 0.33
  195 S     0  -2   4   4  -4  -1   2  -1  -1  -4  -3   0  -4  -1   0  -1  -2  -3   1  -4    9   1  22  22   0   1  16   3   1   0   3   6   0   3   3   3   0   0   5   1  0.46 0.28
  196 A    -2  -1   6  -2  -5   2  -1  -4  -3  -1  -2   0   3  -4  -4  -2  -3  -6  -4   1    3   3  46   0   0  10   3   0   0   3   3   7   8   0   0   1   0   0   0  12  0.85 0.44
  197 I    -3  -4  -5  -5  -2  -3   1  -6  -4   2   2  -3   1  -2  -2  -4  -3  -4   1   5    0   0   0   0   0   1  12   0   0  10  23   1   3   0   2   0   0   0   5  43  0.73 0.38
  198 R    -3   0  -3  -3  -4   3   4  -5  -3   2   1  -2  -1  -4  -4  -3  -1  -5  -4   2    0   5   1   0   0  13  32   0   0  15  13   1   1   0   0   1   2   0   0  16  0.56 0.35
  199 Q    -3   6  -3  -3  -6   1  -1  -5   3  -2  -2   3  -2  -4  -5  -1  -3  -4  -2  -3    1  52   0   1   0   4   3   0   6   2   3  19   1   0   0   3   0   0   1   2  1.06 0.47
  200 E    -3   4  -2  -3  -3   0   0  -4   1   2  -2   2  -2   0  -3  -1   1  -1   0   0    0  30   0   0   0   3   5   1   3  14   2  13   1   4   1   2   8   1   3   8  0.38 0.25
  201 V    -5  -4  -4  -5  -1  -4  -2  -5   1  -1  -3  -3  -3   0  -6  -4  -4  10   5   2    0   1   1   1   1   0   3   1   3   3   2   2   0   3   0   1   1  39  22  17  1.70 0.59
  202 G    -2  -4  -2  -3  -6  -5  -3   7  -2  -7  -4  -2  -5  -4  -5  -2  -4   0  -6  -6    1   1   1   1   0   0   2  84   1   0   2   2   0   1   0   2   0   1   0   0  1.81 0.63
  203 S    -2  -1   0   1  -4   0   3  -3  -2   0  -3   1  -3  -3  -2   0   4  -5  -3  -2    2   2   3   6   0   3  25   0   1   5   1   8   0   1   1   5  34   0   0   2  0.54 0.34
  204 P     0  -1  -2  -3  -3  -2  -1  -4  -3   0  -1   3  -2  -3   6  -2  -3  -5  -4  -1   10   2   2   1   0   1   3   1   1   6   6  20   1   1  41   1   1   0   0   4  0.87 0.39
  205 R    -3   6  -2  -4  -5  -1   0  -4  -1  -4  -2   3  -4  -3   3  -3  -1  -5  -2  -4    1  42   1   0   0   1   4   1   2   1   3  21   0   1  17   1   3   0   1   1  0.94 0.43
  206 E     0  -1   0   1  -2   2   1  -1  -1   0  -1   2  -1  -3  -1   0   1  -4  -3   0    7   1   4   8   0   9  11   3   1   7   7  15   1   0   1   8  10   0   0   6  0.13 0.12
  207 F    -3  -3  -3  -4  -5  -3   3  -5  -1  -2   1  -2  -1   6  -1  -4  -4   2   3  -2    2   1   1   0   0   0  19   0   1   2  12   2   1  42   3   0   0   2   9   1  0.88 0.40
  208 S     0  -3   2   5  -5  -1   3  -1  -3  -5  -3  -2  -4  -5  -1   1   0  -5  -3  -3    6   0   9  36   0   1  22   3   0   0   2   1   0   0   3  10   4   0   1   1  0.70 0.34
  209 F     2  -4  -2  -2  -3  -3  -2  -3  -1  -2  -1  -1  -3   7  -4  -2  -2   2   0  -2   18   0   2   2   1   1   3   1   2   1   3   4   0  53   0   2   2   2   1   2  0.98 0.40
  210 P     0  -1   0   0  -5   0   5  -2  -1  -4  -4   2  -4  -5   1  -1   1  -4  -3  -3    6   2   4   3   0   3  41   2   1   1   1  14   0   0   8   2  10   0   1   1  0.61 0.33
  211 I    -1  -1  -3  -4  -4  -3  -3  -4  -3   1  -1   3  -1  -4   6  -3  -1  -5  -4   1    4   3   1   0   0   0   0   1   1   8   6  23   1   0  37   1   3   0   0  10  0.82 0.38
  212 K    -3   6  -3  -4  -6  -1  -2  -5  -3  -4  -1   5  -3  -6  -5  -3  -1  -6  -4  -2    1  46   0   0   0   2   2   0   0   1   6  36   0   0   0   0   3   0   0   3  1.26 0.55
  213 D    -1  -4   0   7  -6  -2   1  -1   0  -6  -5  -4  -5  -6   2  -1  -3  -7  -5  -6    6   0   3  59   0   1   7   4   2   0   1   0   0   0  11   5   1   0   0   0  1.24 0.53
  214 H    -7  -5  -4  -6  -8  -3  -5  -7  11  -8  -8  -6  -6  -4  -7  -6  -7  -7  -3  -8    0   0   0   0   0   0   0   0  99   0   0   0   0   1   0   0   0   0   0   0  4.03 1.18
  215 L    -1   5  -4  -4  -3  -3  -3  -4  -1  -2   0  -2  -2   0  -5  -4  -3   7   1   2    4  37   0   1   1   0   1   1   1   1  11   0   0   4   0   0   1  15   5  16  0.86 0.43
  216 Q    -1   1  -2   4  -6   0   4  -4  -3  -5  -4   4  -4  -6  -4  -2  -2  -6  -4  -3    5   7   0  23   0   3  28   0   0   0   1  28   0   0   0   0   2   0   0   2  0.85 0.43
  217 L    -4  -2  -6  -7  -4  -5  -6  -7  -6   5   5  -5   1  -2  -6  -5  -4  -5  -4   0    0   3   0   0   0   0   0   0   0  32  59   0   3   0   0   0   0   0   0   3  1.33 0.54
  218 G     1  -5  -2  -5  -3  -1  -4   7  -5  -3  -2  -5  -1  -6  -5  -3  -4  -6  -6  -3   12   0   1   0   1   3   1  73   0   1   4   0   2   0   0   1   0   0   0   2  1.49 0.58
  219 K    -1   2  -1  -1  -5   1   5  -3  -3  -4  -3   3  -3  -5   0  -2   0  -5  -4  -1    6   9   3   1   0   4  37   1   0   0   2  21   0   0   4   1   6   0   0   4  0.63 0.37
  220 D     1   0   0   1  -3   2   3  -2  -1  -1  -1   2   0  -4  -1   0  -1  -4  -3  -2   13   4   4   7   0   9  22   2   1   3   7  14   3   0   2   4   2   0   0   2  0.26 0.20
  221 L    -3  -4  -2  -5  -3  -1  -5  -5   0  -1   5  -3   4  -1  -5  -4  -3  -3  -2   0    2   1   3   0   0   3   0   0   3   2  68   1   9   1   0   0   1   0   1   4  1.05 0.47
  222 D    -3  -2   2   5  -6  -1   1   4   1  -6  -6   0  -5  -6  -4  -2  -4  -6  -5  -6    1   1   9  37   0   2   7  33   3   0   0   5   0   0   0   1   0   0   0   0  1.02 0.45
  223 L    -2  -5  -4  -5  -4  -2  -5   1  -5   3   5  -5   2   0  -5  -4  -4   4  -2  -2    2   0   1   0   0   1   0  10   0  17  52   0   5   4   0   0   0   6   1   0  0.82 0.40
  224 I    -1  -3  -3  -3  -2  -3  -3  -2  -3   2   2  -3   3   4  -3  -2  -2   0   2   1    6   1   1   1   0   1   1   3   0  13  24   1   7  21   1   2   2   1   6   7  0.39 0.19
  225 D    -2  -2   0   7  -4  -2   0  -2   2  -3  -3  -2  -1  -2  -3   0  -1  -4  -2  -3    3   2   3  57   0   1   3   2   6   2   2   1   1   2   1   7   3   0   1   1  1.00 0.37
  226 F    -4  -5  -1  -6  -5  -3  -5  -4  -4  -1  -1  -5   1   8  -3  -3  -1   1   0  -2    1   0   3   0   0   1   0   2   0   3   5   0   4  70   1   2   4   2   1   2  1.67 0.61
  227 D    -1  -2   1   2  -5   1   4  -3   6  -4  -3   1  -1  -3  -2  -1  -2  -5  -2  -3    4   1   5   9   0   4  35   1  19   1   2   8   2   1   1   4   1   0   1   2  0.68 0.35
  228 S     0   5  -1  -1  -3   0  -1  -3  -2   0   0   1   2  -3  -2  -1   1  -2  -3  -2    8  34   2   4   0   3   4   1   0   6   8   7   6   0   1   4   8   0   0   2  0.37 0.23
  229 A     3  -3  -2  -1  -3   4  -1   3  -3  -2  -2  -2  -2  -4  -2   0  -2  -4  -2  -2   32   0   1   3   0  20   2  23   0   2   4   1   1   0   2   5   1   0   2   2  0.53 0.31
  230 A     4  -2  -2  -1  -3  -1   3  -1  -2  -2  -3  -2  -3  -4  -1   1   0  -4  -3   1   34   1   1   2   0   1  20   5   0   1   1   1   0   0   3  10   6   0   0  13  0.42 0.29
  231 E    -3   1  -1  -1  -2   0   4  -4   0  -4  -4   6  -4  -4  -3  -2  -3  -4  -2  -3    1   5   2   2   1   3  29   1   2   1   1  46   0   1   1   1   1   0   1   2  0.95 0.43
  232 V     2  -3  -3  -3  -2  -3  -2  -1  -4   3   2  -2   0  -2  -3  -1  -1  -4  -3   3   18   0   1   1   0   0   2   6   0  15  19   1   2   0   0   4   3   0   0  25  0.32 0.21
  233 S     2  -3  -3  -3  -2  -1  -3  -2  -2  -3  -4  -2  -2  -4   4   4   2  -5  -4  -2   17   0   0   0   1   2   0   2   1   2   1   1   1   0  22  34  12   0   0   3  0.73 0.39
  234 G    -3  -5  -4  -5  -6  -1  -5   7  -5  -7  -7  -2  -6  -6  -5  -3  -5  -6  -6  -6    1   0   0   0   0   3   0  92   0   0   0   2   0   0   0   1   0   0   0   0  2.26 0.75
  235 S     3  -4  -2  -4  -4   0  -3  -1   1  -3  -2  -3   5  -1  -2   4   0  -5  -4  -2   21   0   1   0   0   3   0   3   3   1   3   0  16   3   1  39   4   0   0   2  0.65 0.41
  236 K    -2   6  -3  -4  -1  -3  -3   2  -3  -1  -3  -1  -4  -5   1  -3  -4  -5  -4   2    2  50   1   0   1   0   0  14   0   4   1   2   0   0   7   1   0   0   0  17  0.94 0.46
  237 F    -5  -6  -6  -7  -4  -6  -6  -3  -5  -3  -1  -6  -2   9  -4  -3  -5   1   0  -4    0   0   0   0   0   0   0   3   0   0   6   0   1  81   1   2   0   2   2   1  2.24 0.75
  238 F    -1  -5  -4  -6  -1  -4  -5  -5  -3   0  -3  -5  -3   2   1  -1   1   8   5   2    5   0   1   0   1   0   0   0   0   5   1   0   0   7   6   4   8  24  21  16  1.04 0.46
  239 Y    -2  -4  -3  -5  -4  -3  -4  -5   6   1   0  -4  -1   3  -5  -4  -1   0   4   3    3   0   0   0   0   0   0   0  24   8   8   0   1  14   0   0   4   1  15  21  0.85 0.41
  240 L    -2  -4  -2  -3  -2  -3  -3  -5  -2  -1   4  -3   3  -1   4  -3  -3   4   3  -2    3   1   2   1   1   0   1   0   1   2  38   1   8   2  18   1   1   6  12   1  0.69 0.36
  241 K    -3   3   1  -2  -4  -1  -2  -4   1  -2  -1   5   1  -1  -3  -1   0  -2  -3  -2    0  13   5   1   0   0   1   0   4   1   6  45   4   3   1   2   7   1   1   2  0.64 0.36
  242 N    -3  -3   3  -1  -6  -3  -1   6  -4  -7  -7  -2  -6  -6   1  -2  -4  -6  -6  -6    0   1  12   3   0   0   4  69   0   0   0   3   0   0   7   1   0   0   0   0  1.46 0.57
  243 E     0  -1  -1   2  -4   2   0  -1  -2  -3  -1   1   1  -2   0  -2  -1   7  -1  -2   10   2   2  14   0  11   5   3   1   1   6  11   5   1   4   1   2  16   2   2  0.38 0.24
  244 A     1  -4  -3  -4  -3  -3  -4   4  -4   2   1  -3   0  -3  -4  -1   0  -4  -4   0    9   0   0   0   0   1   1  40   0  15  14   0   2   1   0   4   6   0   0   5  0.56 0.29
  245 V     5  -4  -4  -4  -3  -3  -3  -2  -4   0  -2  -3  -1  -3  -3  -1  -2   2  -2   2   59   1   1   1   0   0   1   1   0   6   3   1   2   1   1   2   1   2   2  16  0.84 0.40
  246 L    -2   5  -3  -4  -3  -1  -2  -4  -1  -1   1   1   0   1  -4  -3  -1   4  -1  -2    3  40   0   0   0   2   1   1   1   4  16   9   2   6   0   1   3   7   2   2  0.63 0.32
  247 L    -4  -4  -2  -5  -4  -1  -5  -6  -5   2   6  -4   2   0  -5  -5  -4  -4  -2  -1    1   0   2   0   0   3   0   0   0  11  70   1   4   3   0   0   0   0   1   2  1.12 0.47
  248 E    -3   1   0   1  -4   2   5  -4   4  -4  -4  -2  -3   0  -4  -2  -3   3   3  -4    1   9   3   7   0   8  36   1  11   1   1   1   0   3   0   1   0   3  12   1  0.71 0.37
  249 M    -3   6   1  -3  -5   2  -2  -4   0  -2  -1  -1   1  -1  -4  -2  -1   1  -2  -2    1  48   7   1   0  11   1   1   2   2   8   2   4   2   0   2   4   2   1   3  0.77 0.38
  250 A     5  -2   0  -3  -3  -3   0  -1  -4  -1  -3  -1  -3  -4  -3  -1   0  -5  -4   0   59   1   4   1   0   1   7   4   0   4   2   2   0   0   0   3   5   0   0   6  0.73 0.39
  251 L    -2  -5  -7  -7  -4  -5  -6  -7  -6   2   6  -6   1  -3  -6  -5  -4  -5  -4   1    3   0   0   0   0   0   0   0   0  11  76   0   2   0   0   0   0   0   0   8  1.42 0.56
  252 L     0  -3  -3  -3  -4   0   3  -1  -3   3   0  -2   2  -2  -4  -1   0  -4  -1   1   10   0   0   0   0   4  27   4   0  22   9   0   7   1   0   3   4   0   2   7  0.35 0.27
  253 N    -1   0   5   2  -5   5  -1  -3   0  -4  -4  -1   1  -6  -4   0   0  -6  -4  -4    5   4  26  11   0  31   2   1   1   0   1   3   3   0   0   6   4   0   0   0  0.79 0.43
  254 W    -4  -6  -6  -7  -4  -6  -6  -7  -3  -3   0  -6  -1   8  -7  -3  -5   2   6  -4    1   0   0   0   0   0   0   0   0   1   7   0   1  54   0   3   0   2  30   0  1.91 0.68
  255 T     1  -5  -5  -6  -3  -4  -3  -3  -5   1   1  -5   8   0  -5  -2  -2   4  -3  -1   14   0   0   0   0   0   1   2   0   8  11   0  47   4   0   3   1   5   0   4  1.19 0.55
  256 L    -2   5  -5  -5  -5  -3  -4  -6  -4   1   4  -1   2  -2  -5  -4  -3  -5  -2  -1    3  31   0   0   0   1   0   0   0   9  43   3   4   1   0   1   0   0   1   2  0.83 0.42
  257 S    -2   2   0   6  -3   1   1  -3  -2  -6  -5   1  -3  -6  -4  -1  -1  -6  -4  -5    2  13   4  46   1   6   9   1   1   0   0   9   1   0   0   3   4   0   0   0  0.92 0.43
  258 Q    -2   1  -3  -3  -3   1   1  -4   6  -1   0   2  -1   1  -4  -2  -1  -4   1   0    3   9   0   0   0   7  10   0  23   3   8  13   1   7   0   1   4   0   3   7  0.42 0.28
  259 V     0  -3   0  -4  -1   1  -3  -4   6   0   2  -3   0   0  -4  -3   3  -4   1  -1    6   0   4   0   1   7   0   0  22   4  22   0   2   3   0   0  19   0   4   4  0.53 0.34
  260 M     0   2   1   0  -3   1   1  -1  -1   0  -1   1  -1  -2  -3   0   1  -4  -2   0    5  17   5   6   0   6   9   4   1   7   6   8   1   1   0   5  11   0   1   7  0.13 0.12
  261 K     0   1   1   1  -5   2   4  -2  -1  -5  -3   3  -4  -5  -3   0  -2  -5  -4  -4    7   6   7   6   0   9  30   2   1   0   2  22   0   0   1   6   1   0   0   1  0.58 0.33
  262 K     1   3   3  -2  -5   0  -1  -3   7  -5  -5   1  -4   0  -4  -2  -3  -2   2  -4   11  16  13   2   0   2   3   1  28   0   0  10   0   3   0   1   1   0   6   0  0.80 0.40
  263 G    -3  -5  -2   0  -6  -3  -4   7  -6  -7  -6  -3  -6  -7  -6  -4  -4  -6  -5  -7    0   0   1   5   0   1   1  87   0   0   1   2   0   0   0   0   1   0   0   0  2.07 0.72
  264 Y    -6  -6  -7  -8  -4  -6  -7  -7  -3  -5  -3  -6  -5   5  -7  -5  -6   0   9  -5    0   0   0   0   0   0   0   0   0   0   1   0   0  20   0   0   0   1  77   0  2.80 0.92
  265 T    -2  -1  -2  -1  -2   4   2  -3  -3   1  -1   0  -2  -3  -4  -1   4  -4  -4   0    1   3   1   4   1  20  13   1   0   7   6   5   0   1   0   3  28   0   0   8  0.42 0.31
  266 P    -4  -4  -4  -2  -7   0   7  -5  -4  -3  -1  -3  -2  -2   3  -3  -4  -6  -2  -4    0   0   0   1   0   4  65   0   0   2   8   0   1   2  14   1   0   0   2   1  1.34 0.62
  267 L    -2  -5  -5  -6   0  -5  -5  -6  -3   3   0  -5   3  -1  -5  -4   0   1  -1   5    2   0   0   0   2   0   0   0   0  18   8   0   8   2   0   0   6   2   2  50  0.93 0.43
  268 T    -1   1   0  -3  -3   0  -2  -3   0   2   0   2   1   0  -4   0  -1   1   4  -1    4   8   6   0   0   5   1   1   1  14  10  15   3   3   0   5   2   1  16   3  0.20 0.19
  269 T    -1  -5  -1  -4  -1  -4  -4   0  -2  -3  -3  -4  -4  -5   5  -2   5  -6  -5   2    5   0   3   0   1   0   0   8   1   0   2   0   0   0  28   1  38   0   0  13  0.95 0.49
  270 P    -5  -7  -7  -6  -8  -6  -6  -7  -7  -7  -8  -6  -7  -8   9  -5  -4  -8  -8  -7    0   0   0   0   0   0   0   0   0   0   0   0   0   0  99   0   1   0   0   0  3.41 1.06
  271 E    -2  -3  -2   0  -2   3  -1  -4   3   0   1  -3  -1   3  -4  -2  -1  -1   4   1    3   0   2   6   1  15   3   0   6   5  12   0   1  12   0   2   3   0  20  10  0.38 0.27
  272 I    -3  -5  -6  -6  -4  -5  -6  -6  -5   4   4  -5   6   1  -4  -5  -4  -5  -3   1    1   0   0   0   0   0   0   0   0  25  39   0  20   5   1   0   0   0   0  10  1.07 0.46
  273 V    -1  -5  -5  -6  -4  -5  -5  -3  -5   1   2  -5   4  -1  -5  -4  -2  -5  -2   6    6   0   0   0   0   0   0   2   0   5  17   0  12   2   0   0   1   0   2  53  1.00 0.46
  274 R    -4   4   6   3  -5  -2  -3  -4   0  -6  -5   2  -5  -6  -4  -1  -2  -7  -5  -6    0  21  40  18   0   1   0   0   2   0   1  12   0   0   0   3   2   0   0   0  1.15 0.51
  275 S     0   4  -1   1   0   0   1  -2   1  -2  -3   2  -2  -2   1   1  -1  -4  -2  -2    9  24   1   8   3   2   8   3   3   2   1  13   1   1   6   9   3   0   1   2  0.28 0.20
  276 S     0   0   0   3  -3   0   3  -2   0  -3  -4   1  -3  -3  -2   1  -1  -5  -3   0    8   3   3  17   0   3  26   2   2   1   1   8   0   1   1  13   3   0   0   7  0.38 0.25
  277 I     1  -4  -3  -4   0  -3  -4  -4  -4   1   3  -4   1  -2  -4   2   1  -4  -3   1   11   0   1   0   2   1   0   0   0   7  36   0   3   1   0  22   7   0   0  10  0.47 0.31
  278 V    -3  -6  -7  -7  -4  -5  -5  -5  -5  -1   3  -6   7   0  -7  -6  -5  10   1  -2    2   0   0   0   0   0   1   0   0   3  25   0  26   2   0   0   0  34   4   2  1.83 0.67
  279 E    -2   1  -2  -1  -3   1   4  -4   0  -2  -2   1  -1   2  -4  -2   0  -1   3  -2    2   7   0   2   0   6  32   0   2   2   4   8   1  10   0   2   7   1  12   3  0.42 0.29
  280 K     0   1  -1  -3  -5  -1  -2   5  -4  -2  -5   2  -3  -5  -4  -2   1  -4  -5  -3    9   8   2   0   0   2   1  47   0   3   0  15   0   0   0   1   8   0   0   1  0.78 0.38
  281 C    -1  -4  -3  -4   1  -4  -4  -4  -5  -2  -4  -4  -4  -5  -4   5   6  -6  -5   0    3   0   0   0   3   0   0   0   0   1   1   0   0   0   0  40  45   0   0   6  1.21 0.58
  282 G    -1  -5  -1  -4  -6  -5  -6   7  -6  -3  -6  -5  -6  -7  -6  -3  -2  -6  -7  -5    4   0   3   1   0   0   0  86   0   2   1   0   0   0   0   1   2   0   0   0  2.00 0.70
  283 F    -2  -3  -2  -1  -7   6  -3  -6   8  -4  -6  -3  -2   2  -6  -4  -4  -6  -3  -6    3   0   1   3   0  42   0   0  39   1   0   1   1   8   0   1   0   0   0   0  1.79 0.72
  284 Q    -3  -5  -3  -2  -5  -2  -5  -6  -5  -1   4  -5  -2   2  -6  -5  -1   9   2  -3    2   0   2   3   0   2   0   0   0   2  46   0   0   7   0   0   4  27   5   0  1.32 0.54
  285 P    -2  -5   1   3  -6  -2   1   0   0  -6  -6  -4  -6  -6   7  -1  -4  -7  -6  -4    3   0   7  14   0   2   8   8   3   0   0   0   0   0  52   3   0   0   0   1  1.35 0.55
  286 R    -3   0   2  -1  -4   0  -2  -4   0  -5  -3   6  -3  -2  -4  -3  -1   1   3  -5    1   4   9   3   0   3   1   0   2   0   3  54   1   2   0   0   3   2  11   0  0.95 0.47
  287 G    -2  -2  -5  -4  -6  -5  -5  -2   0  -4  -3  -1  -4   8  -6  -2  -4  -2   5  -4    3   3   0   1   0   0   0   3   2   0   0   5   0  56   0   4   0   0  22   0  1.57 0.61
  288 D     2   2  -2   1  -4   0   4   0   0  -5  -4   2  -3  -4  -2   0  -2  -5  -2  -3   16  11   1   9   0   2  27   6   2   0   0  15   1   0   1   7   1   0   1   1  0.46 0.29
  289 N    -2  -3   3   5  -5  -1   5  -2  -1  -6  -6  -1  -5  -6  -2  -3  -3  -6  -1  -6    3   0  13  27   0   2  45   3   1   0   0   2   0   0   1   0   1   0   3   0  1.12 0.51
  290 T     0  -3   3   5  -4  -1   1  -3   1  -4  -3  -3   4  -5  -4   0  -1  -5  -4  -2    7   0  16  36   0   1  10   1   4   0   1   0  11   0   0   6   2   0   0   3  0.74 0.38
  291 Q    -1  -3  -2  -2  -3   2  -1  -3  -2  -1   2  -2   6   1  -3   0  -2  -2   2  -1    6   1   2   2   0  10   3   1   1   2  20   1  27   4   1   8   1   0   8   2  0.49 0.28
  292 V    -4  -5  -6  -6  -5  -5  -6  -6  -4   2   0  -4  -1   7  -6  -4  -2  -3   3   1    1   0   0   0   0   0   0   0   0  11   8   1   1  54   0   1   2   0  10  10  1.35 0.51
  293 Y    -1   0  -3  -3  -3   1  -2  -3   2  -1  -1   1  -1   3  -4  -2   3   0   5  -1    4   6   0   1   0   6   2   1   4   3   4   8   1  11   0   2  18   1  25   3  0.47 0.29
  294 S    -1   1  -1  -1   1   0   0  -3   1  -1  -2   3  -2  -3  -1   0   3  -4  -2   0    4   7   2   3   3   2   7   1   4   2   3  21   0   0   2   4  26   0   1   8  0.30 0.24
  295 I    -1  -2  -2  -1   0  -1   1  -3  -2   3   1  -2   1  -2  -1  -1   1  -4  -2   2    3   2   1   4   2   3  12   1   0  22  13   1   3   0   2   5  10   0   1  14  0.20 0.17
  296 D    -1  -2   0   4  -4  -1   4  -1  -2  -4  -4  -1  -4  -5  -2   2  -2  -6  -4  -4    5   1   3  25   0   2  34   5   1   1   1   3   0   0   1  16   2   0   0   1  0.70 0.38
  297 G    -2  -1   2   3  -5  -1   4   3  -3  -5  -4   0  -4  -5  -1  -1  -2  -5  -4  -4    2   2   8  18   0   1  31  21   0   0   1   6   0   0   2   3   1   0   0   1  0.65 0.34
  298 T    -2   0   2   4  -4   1   3  -1   2  -4  -4   0  -2  -3  -1   0   0  -1  -3  -4    3   4  10  21   0   6  24   4   4   0   1   5   1   1   2   5   6   1   0   1  0.46 0.26
  299 D    -2   3   1   5  -5   0   2   0  -1  -5  -3   0  -3  -4  -2  -1  -2  -5  -4  -4    2  15   6  37   0   3  14   6   1   0   3   4   0   1   1   2   1   0   0   1  0.66 0.33
  300 Q    -2  -1  -3   0  -4   2   1  -4   0  -1   3   0   1   1  -3  -3  -2   2   4  -2    2   2   0   6   0  10   9   0   2   1  30   5   3   6   1   1   2   2  16   2  0.35 0.25
  301 C    -2  -3   0  -6  -1  -5  -5  -1  -2  -4  -3  -4  -1   3  -6  -2  -2   6   8  -3    4   1   5   0   1   0   0   6   0   0   2   0   2  12   0   3   3  10  49   2  1.34 0.56
  302 L     2  -4  -6  -6   0  -3  -5  -4  -5   0   5  -2   0  -3  -4  -4  -3  -3  -4  -2   21   0   0   0   2   1   0   1   0   4  64   3   1   0   0   0   0   0   0   1  0.99 0.48
  303 I    -2  -5  -4  -6  -3  -5  -5  -6  -6   6   1   0  -1  -3  -5  -3  -2  -6  -4   2    3   0   1   0   0   0   0   0   0  59  12   7   0   0   0   2   2   0   0  14  1.14 0.49
  304 G     1  -2  -1  -4  -6  -3  -4   0  -5  -6  -6   4  -5  -7   6  -2  -4  -7  -6  -5   10   1   3   0   0   0   0   8   0   0   0  29   0   0  47   3   0   0   0   0  1.42 0.59
  305 T    -4  -5  -4  -5  -5  -4  -5  -5  -5  -5  -5  -4   2  -6   5  -3   7  -6  -5  -4    0   0   0   0   0   0   0   0   0   0   0   0   5   0  30   0  63   0   0   0  1.83 0.74
  306 A     5  -5   0  -5  -4  -4  -4  -3  -5  -4  -3  -4   7  -5  -5   2  -3  -6  -5  -3   46   0   5   0   0   0   0   1   0   0   1   0  33   0   0  15   0   0   0   0  1.34 0.63
  307 E    -5  -4   5  -2   2  -2   6  -5  -4  -7  -7  -3  -6  -6  -5  -3  -4  -7  -1  -6    0   0  32   0   5   0  60   0   0   0   0   0   0   0   0   1   0   0   3   0  1.74 0.72
  308 I    -3  -6  -6  -6   8  -1  -6  -6   2   1  -1  -6  -3  -5  -4  -5  -3  -6  -5   5    0   0   0   0  33   3   0   0   5   5   4   0   0   0   1   0   0   0   0  48  1.56 0.61
  309 P    -1  -6  -5  -5  -5  -3  -5  -1  -6  -5  -6  -5  -6  -6   8   0   0  -7  -6  -3    5   0   0   0   0   1   0   4   0   0   0   0   0   0  73   7   7   0   0   2  2.07 0.75
  310 V    -2  -4  -4  -5   4  -4  -4  -1   6   1   4  -4   1  -1  -5  -3  -3  -4  -3   2    2   0   0   0   9   0   0   5  19   6  38   0   3   2   0   1   1   0   0  14  0.71 0.36
  311 G     1  -4  -1  -4  -2  -3  -4   0   5   1  -3  -4   1  -4  -4  -1   4  -5  -3   2   14   0   2   0   0   0   0   6  16   6   1   0   3   0   0   2  34   0   0  14  0.67 0.40
  312 G     1  -3   6  -3   1   3  -2   1   0  -3  -1  -1  -1  -5  -4  -1  -3  -5  -4  -3   11   0  38   0   3  17   1  12   2   2   6   2   2   0   0   3   0   0   0   1  0.71 0.41
  313 I    -2  -5  -5  -6  -4  -4  -5  -6  -4   4   4  -5   3   1  -5  -4  -3  -3   4   1    3   0   0   0   0   0   0   0   0  25  37   0   8   4   0   1   1   0  14   7  0.84 0.39
  314 H    -3  -4  -4  -5  -5  -4  -5  -4   6  -3  -2  -4  -1   5  -6  -2  -4  -3   6   2    2   0   0   0   0   0   0   1  22   0   2   0   2  24   0   3   0   0  30  14  1.29 0.54
  315 M     1   5   3  -3  -4   0  -2  -3  -2  -4  -4   3   1   0  -4   1  -3  -5  -1  -4   10  31  16   0   0   4   0   0   0   1   0  17   4   5   0   8   0   0   3   0  0.65 0.37
  316 D    -3  -3   3   5  -4   3   1   1   2  -5  -5  -1  -3  -4  -4   1  -1  -4  -4  -4    1   0  12  30   0  14   9  11   4   0   0   3   0   0   0  11   3   0   0   0  0.67 0.36
  317 S    -2   0  -2   0  -4   1   5   2   1  -5  -5   1  -3  -5  -4   0  -1  -5  -4  -4    1   5   1   4   0   5  43  16   4   0   0   8   1   0   0   7   4   0   0   1  0.70 0.38
  318 I    -3  -2  -4  -4  -4  -1  -2  -5  -4   6   2  -3   1  -2  -3  -3  -1   1   0   1    0   2   0   0   0   3   2   0   0  48  21   1   3   0   1   1   4   2   3   7  0.76 0.38
  319 L    -3   2  -4  -5  -4  -3  -4  -5   3   3   3   2   0   0  -5  -4  -3  -4  -1   0    0  14   0   0   0   0   0   0   7  15  36  13   1   4   0   0   1   0   1   6  0.54 0.32
  320 L     0  -3   0   4  -4  -2   1  -3  -1  -5  -4  -1  -3  -5   0   4  -1  -5  -1  -3    5   0   4  21   0   1  10   0   1   0   2   4   0   0   5  41   2   0   3   1  0.66 0.39
  321 E     1  -3  -3  -1  -5  -2   3  -1  -1  -3  -1  -2  -3  -1   1  -2  -3  -1   7  -3   10   1   0   3   0   1  21   5   1   1   6   2   0   1   6   1   1   1  38   1  0.76 0.42
  322 S    -1   5   1   2  -4  -1   2  -2  -2  -4  -4   2  -4  -5  -4   1  -2  -5  -4  -5    6  35   5  10   0   2  15   2   0   1   1  12   0   0   0  10   1   0   0   0  0.67 0.36
  323 A    -1  -2   0   6  -6   2   4  -4  -2  -4  -5   0  -3  -4  -4  -1  -2  -6  -4  -2    5   2   3  41   0   8  25   0   1   0   0   5   0   1   0   4   2   0   0   4  0.88 0.42
  324 L    -5  -6  -6  -6  -3  -6  -6  -2  -6  -2   6  -6  -1  -1  -6  -6  -4  -5  -4  -2    0   0   0   0   1   0   0   3   0   0  91   0   0   1   0   0   1   0   0   1  1.76 0.67
  325 P    -5  -7  -7  -6  -7  -6  -4  -7  -5  -7  -8  -6  -7  -8   9  -4  -6  -8  -8  -7    0   0   0   0   0   0   1   0   0   0   0   0   0   0  98   1   0   0   0   0  3.36 1.05
  326 L    -3  -1  -5  -6  -4  -2  -4  -6  -4   4   4   0   1  -1  -5  -5  -3  -1  -3   1    0   3   0   0   0   2   0   0   0  29  46   5   3   1   0   0   1   1   0   7  0.85 0.40
  327 K    -3   7  -2  -5  -4  -2  -3  -5  -1  -6  -3   4  -2  -4  -5  -2  -4  -4   1  -5    2  57   1   0   0   0   0   0   1   0   3  25   1   0   0   2   0   0   6   0  1.44 0.60
  328 Y    -4  -5  -6  -6  -4  -5  -6  -6   1  -1   2  -5   6   4  -6  -5  -4   1   7  -1    0   0   0   0   0   0   0   0   3   2  20   0  19  16   0   0   0   2  34   4  1.27 0.53
  329 I     4  -4  -4  -5   3  -3  -4  -1  -3  -2  -3  -4  -3   1  -4  -1   3  -5  -2   3   37   0   0   0   5   1   0   4   0   0   1   0   0   6   0   3  22   0   1  19  0.66 0.40
  330 A     4  -4  -4  -1   2  -3   4   2  -4  -5  -5  -3  -5  -6  -4  -1  -2  -6  -5  -4   37   0   0   2   5   0  34  17   0   0   0   0   0   0   0   3   1   0   0   0  0.94 0.49
  331 F    -4  -4  -4  -6   1  -1  -5  -5   5  -1   1  -4   0   6  -5  -3  -3   3   5  -1    1   0   1   0   4   2   0   0  13   3  13   0   2  32   0   1   1   4  19   4  0.96 0.43
  332 S    -2  -5  -3  -3  -5  -4  -4   5  -5  -6  -6  -4  -5  -6  -5   4   4  -6  -5  -5    0   0   0   1   0   0   0  40   0   0   0   0   0   0   0  31  28   0   0   0  1.25 0.58
  333 H     1   0  -2  -3   0   0  -2  -4   1  -2  -2  -2  -2  -5   5   2   1  -5  -4   0   11   5   2   0   2   3   1   0   3   1   4   1   1   0  34  15  10   0   0   6  0.66 0.35
  334 C    -1  -7  -3  -7  11  -7  -7  -6  -7  -4  -2  -7  -5  -6  -7  -1  -5  -7  -6   2    4   0   2   0  70   0   0   0   0   0   3   0   0   0   0   5   0   0   0  16  2.61 0.83
  335 F    -6  -6  -4  -6  -7  -5  -6  -7   8  -5  -4  -6  -4   8  -7  -5  -5  -2   4  -5    0   0   0   0   0   0   0   0  31   0   0   0   0  54   0   0   0   0  13   0  2.25 0.77
  336 R    -6   9  -5  -6  -8  -3  -4  -7  -5  -8  -7  -2  -6  -7  -7  -5  -6  -7  -6  -7    0 100   0   0   0   0   0   0   0   0   0   0   0   0   0   0   0   0   0   0  2.99 0.99
  337 T     0   3   3  -3  -4   0  -2  -4   4  -5  -4   1  -4  -3  -4   3  -1  -4   2  -4    8  17  18   0   0   3   0   0  10   0   0  10   0   0   0  22   2   0   9   0  0.60 0.36
  338 E    -5  -4  -5  -3  -8  -2   8  -7  -4  -8  -7  -3  -6  -8  -6  -4  -5  -7  -6  -7    0   0   0   0   0   0 100   0   0   0   0   0   0   0   0   0   0   0   0   0  2.73 0.97
  339 A     5   0  -3  -3  -3   0  -2  -2  -3  -2  -1   1  -2  -3  -2  -1  -1  -3  -3  -2   63   4   1   1   0   3   1   1   0   2   5   7   0   1   1   3   2   0   1   2  0.80 0.36
  340 G    -1  -2  -1   0  -2  -2  -2   6  -2  -3  -2  -2  -1  -3  -2  -1  -2  -2  -2  -2    3   2   3   5   1   2   2  60   1   2   4   2   2   1   2   3   2   0   1   2  0.86 0.26
  341 A     2  -2  -1  -2  -2  -1  -1  -1  -2  -2  -1  -1  -2  -2  -1   5   0  -2  -2  -2   17   2   2   2   1   2   3   4   1   2   6   2   1   1   2  44   6   0   1   2  0.46 0.21
  342 A     3  -2  -3  -3  -3  -2  -3  -1   4  -3  -2  -3  -1  -1   3  -1  -2  -2   5  -2   25   2   1   1   0   1   1   5  10   1   2   1   2   2  17   2   1   0  23   2  0.62 0.30
  343 G    -3  -4  -1  -4  -5  -4  -5   6  -1  -7  -7  -4  -6  -6  -5   4  -3  -6  -6  -6    0   1   2   0   0   0   0  61   2   0   0   0   0   0   0  34   0   0   0   0  1.58 0.63
  344 A    -2   5  -3  -4  -5  -1  -3   4  -3  -5  -4   4  -4  -5  -4  -3  -3  -5  -4  -5    2  32   0   0   0   2   0  36   0   0   1  22   0   0   0   1   1   0   0   0  1.06 0.46
  345 A     2  -4  -2   6  -5  -2   0  -3  -2  -4  -5  -3  -5  -3  -1   0  -1  -6  -3   0   18   0   0  52   0   1   5   1   1   0   0   0   0   1   3   7   3   0   1   7  0.96 0.46
  346 T    -3  -4  -1  -5  -4  -3  -3  -5  -5   0   4  -4   1  -4  -3  -1   5  -5  -4   0    1   0   2   0   0   1   2   0   0   3  36   0   3   0   1   3  43   0   0   6  0.87 0.46
  347 K    -3   6  -1  -4  -6  -1  -3  -5   7  -6  -5   2  -5  -5  -1  -2  -3   0  -3  -6    1  43   2   0   0   1   0   0  31   0   1  13   0   0   3   3   1   2   0   0  1.47 0.60
  348 G    -4  -6  -4  -5  -7  -6  -6   8  -6  -8  -8  -6  -7  -7  -6  -2  -6  -7  -7  -7    0   0   0   0   0   0   0  97   0   0   0   0   0   0   0   3   0   0   0   0  2.59 0.85
  349 L    -5  -5  -6  -7  -5  -5  -6  -7  -6   4   5  -6   5  -1  -6  -5  -3  -5  -3  -1    0   0   0   0   0   0   0   0   0  22  61   0  14   1   0   0   1   0   0   1  1.39 0.55
  350 Y    -4  -5  -5  -6  -4  -5  -5  -6  -5   5   1  -3   6   3  -6  -5  -1  -4   2   0    0   0   0   0   0   0   0   0   0  36  11   1  24  13   0   0   4   0   7   3  1.05 0.47
  351 R    -6   9  -5  -6  -8  -3  -4  -7  -5  -7  -7  -2  -6  -7  -7  -5  -2  -7  -6  -7    0  97   0   0   0   0   0   0   0   0   0   0   0   0   0   0   3   0   0   0  2.84 0.96
  352 V    -1  -4  -4  -5  -4   4  -3  -4  -5  -1   0  -4   2  -4  -5  -4  -3  -6  -4   6    4   0   1   0   0  23   1   1   0   1   9   0   4   0   0   0   1   0   0  56  1.10 0.54
  353 H    -6   6  -4  -5  -7  -3  -4  -6  10  -7  -7  -3  -6  -6  -6  -5  -2  -7  -3  -7    0  37   0   0   0   0   0   0  60   0   0   0   0   0   0   0   3   0   0   0  2.60 0.88
  354 Q    -1  -1   0  -4  -1   7   0   2  -1  -4  -6  -3  -4  -6  -5  -1  -3  -3  -5  -6    5   2   3   0   1  60   5  17   1   1   0   0   0   0   0   4   1   0   0   0  1.36 0.63
  355 F    -7  -7  -7  -8  -7  -8  -8  -8  -6  -4  -3  -7  -2   9  -8  -7  -2  -3  -1  -5    0   0   0   0   0   0   0   0   0   0   1   0   1  96   0   0   3   0   0   0  3.08 0.96
  356 S    -2  -2   3   3  -3   0   1  -3   3  -4  -4  -2  -3  -5  -4  -1   4  -1  -2  -1    1   1  17  16   1   4   9   1   9   0   0   0   0   0   0   2  30   1   1   6  0.63 0.38
  357 K    -2  -2  -4  -4  -7   6  -3  -5  -4  -7  -6   7  -5  -7  -5  -4  -5  -7  -6  -6    3   0   0   0   0  37   0   0   0   0   0  60   0   0   0   0   0   0   0   0  1.94 0.78
  358 A    -3  -6  -4   5  -2  -5  -4  -6  -6   0  -3  -5  -4  -5  -5  -4  -3  -7  -5   6    1   0   0  37   1   0   0   0   0   5   2   0   0   0   0   0   1   0   0  54  1.44 0.62
  359 E    -5  -4  -3   6  -8   0   6  -6  -4  -7  -7  -3  -6  -7  -5  -4  -5  -7  -6  -7    0   0   0  37   0   3  60   0   0   0   0   0   0   0   0   0   0   0   0   0  1.93 0.74
  360 M     3  -4  -5  -5  -4   2  -4  -1  -4   0   3  -4   6  -3  -5  -1  -3  -5  -4  -2   30   0   0   0   0  10   0   5   0   4  28   0  21   0   0   3   0   0   0   0  0.75 0.44
  361 F    -5  -5  -5  -6  -5  -5  -5  -6   8  -1  -4  -5  -3   5  -6  -5  -5  -5   1   5    0   0   0   0   0   0   0   0  37   2   0   0   0  21   0   0   0   0   4  36  1.65 0.65
  362 V    -1  -1  -2  -4   0   2  -3  -3  -2   5  -2   2  -1  -3  -4   0  -2   1  -4   2    4   3   2   0   2  10   0   1   1  36   1  12   1   0   0   9   1   2   0  16  0.49 0.33
  363 I    -2  -6  -6  -7  -5  -6  -6  -6  -4   4   0  -6  -1   7  -6  -5  -5   0   4   0    3   0   0   0   0   0   0   0   0  22   5   0   1  50   0   0   0   1  13   5  1.47 0.56
  364 C     0  -5  -5  -6   9  -5  -4  -5  -6  -3  -3  -5   0  -5  -5  -1   4  -6  -5   3    7   0   0   0  42   0   1   0   0   0   1   0   3   0   0   5  24   0   0  18  1.53 0.60
  365 Q    -1   3  -2  -1  -4   0  -1  -2   4  -4  -2   2   1  -4  -2  -1   4  -5  -3  -3    4  16   1   3   0   4   3   2  10   0   4  15   3   0   1   3  31   0   0   0  0.52 0.34
  366 P    -1  -3  -4  -2  -6  -1   3  -6  -2  -5  -5  -2  -3  -5   7  -3  -1  -7  -6  -5    4   1   0   2   0   2  19   0   1   0   1   2   1   0  63   1   3   0   0   1  1.75 0.66
  367 E    -2  -4  -1   4  -7   0   6  -4  -2  -6  -6  -2  -5  -7  -5   0  -3  -7  -6  -6    3   0   2  26   0   3  56   1   1   0   0   1   0   0   0   6   1   0   0   0  1.40 0.60
  368 D    -3  -1   0   3  -6   6   2  -5   0  -5  -5   1  -3  -6  -4  -2   0  -6  -4  -5    1   2   3  19   0  46  13   0   2   0   0   6   0   0   0   1   6   0   0   0  1.11 0.53
  369 S     1  -4  -3  -4  -3  -4  -3  -3  -5   3  -1  -4  -1  -4  -4   5  -2  -4  -4   1    9   0   0   0   0   0   1   1   0  21   6   0   2   0   0  52   0   0   0   9  0.86 0.49
  370 E     0  -1  -1   1  -2   1   2  -3  -1  -2  -2   0   1   0  -2  -1  -1   5   3  -1    7   2   2   9   1   8  17   1   1   2   4   6   5   3   1   3   4   9  12   4  0.28 0.21
  371 S     2  -1   0   3  -3   2   4  -2  -2  -4  -4   0  -3  -3  -2   1  -2  -5  -3  -3   16   2   3  19   0   8  27   1   1   1   1   6   0   1   1  12   1   0   0   2  0.50 0.31
  372 F     2  -3  -3  -2  -4   1   6  -5  -4  -2  -3  -3   1  -3  -4  -3  -4   2  -1  -2   15   1   1   1   0   5  60   0   0   2   3   0   4   1   0   0   0   3   2   3  1.09 0.54
  373 H    -2  -4  -4  -5   1  -2  -4  -5   6   2   3  -4  -1   1  -5  -3  -1  -3   0   2    2   0   0   0   3   1   0   0  19  13  34   0   1   6   0   1   5   0   2  13  0.68 0.35
  374 Q    -1  -1  -1   1  -1   1   5  -4  -2  -1   0   0  -2  -4  -4  -1  -1  -5  -4  -2    5   2   3   5   2   6  47   1   0   4   8   5   1   0   0   4   3   0   0   2  0.62 0.36
  375 E     1   3   0   0  -4   1   3   0   1  -4  -3   3  -2  -4  -3   0  -2  -5  -2  -4   11  16   5   3   0   3  22   7   4   0   2  19   1   0   0   5   1   0   1   0  0.42 0.26
  376 L    -3  -5  -5  -6   3  -5  -5  -6  -5   3   3  -5   6   3  -6  -5  -3  -4  -2   1    2   0   0   0   6   0   0   0   0  17  28   0  23  15   0   0   1   0   1   8  0.93 0.42
  377 I    -3  -2  -2  -5   2  -4  -4  -5  -2   4   3  -3   0  -2  -5  -3   3  -5  -3   2    1   2   2   0   4   0   0   0   1  24  28   1   1   1   0   0  24   0   0  11  0.64 0.35
  378 Q     1   1   2   2  -4   1   1   1   0  -4  -3   2  -3  -4  -3   1  -1  -5  -4  -3   14   8  11  13   0   6   9  12   2   0   1  12   0   0   0   9   2   0   0   1  0.32 0.21
  379 I    -2  -3   2   1   3   0  -2  -4   4  -1   2  -3   2   2  -4  -3  -2   2  -2  -2    2   0  13  10   6   4   1   0  12   2  27   0   6   9   0   1   1   3   0   2  0.42 0.29
  380 E     5  -4  -4  -4   0   0  -1  -3  -4   0   0  -3  -2  -4  -4  -1   0  -5  -4   2   51   0   0   0   2   4   5   0   0   4  11   0   0   0   0   3   6   0   0  13  0.66 0.40
  381 E    -3   0  -1   1  -3   1   6  -3  -1  -4  -2   0  -1  -1  -4  -1  -1  -5   1  -4    1   5   2   5   0   4  52   1   1   1   5   6   2   3   0   4   4   0   4   0  0.75 0.41
  382 D     0   0   0   3  -4   1   4  -1  -1  -4  -4   2  -3  -2  -3   1   0  -4  -1  -2    7   5   4  15   0   4  27   3   1   0   0  11   0   2   0  10   6   0   3   2  0.39 0.25
  383 L    -3  -5  -6  -6  -2  -5  -6  -6  -6   5   1  -5   2   2  -5  -5  -1  -3  -3   5    1   0   0   0   1   0   0   0   0  33  10   0   5   8   0   0   3   0   0  39  1.02 0.44
  384 F    -4  -5  -6  -7  -3  -5  -6  -7  -3  -2   4  -6   2   2  -6  -5  -5  -2   7  -2    1   0   0   0   1   0   0   0   0   1  48   0   4   8   0   0   0   0  35   2  1.39 0.57
  385 T     0   2  -1  -1  -3   5   1  -1  -2  -5  -4   4  -3  -5  -4   0   0  -5  -4  -4    8   9   2   2   0  26   9   4   0   0   0  24   0   0   0   8   6   0   0   0  0.61 0.35
  386 S     1   1  -1   2  -3   0   1  -1  -2  -2   0   2  -1  -3  -3   0   1  -4  -3  -1   15   8   1  15   0   3   7   4   1   1  14  13   1   0   0   4  11   0   0   2  0.18 0.17
  387 L    -5  -6  -7  -7  -3  -6  -6  -7  -6  -1   5  -6  -1   6  -7  -6  -5  -4  -2  -2    0   0   0   0   1   0   0   0   0   2  65   0   0  31   0   0   0   0   1   1  1.60 0.62
  388 G    -3  -4   0   1  -6  -1   3   6  -3  -7  -6   1  -5  -6  -5  -3  -4  -6  -6  -6    0   0   5   7   0   2  23  55   0   0   0   7   0   0   0   0   0   0   0   0  1.22 0.52
  389 L    -5  -6  -6  -7  -5  -6  -6  -7  -5   3   5  -6  -1   6  -6  -5  -4  -4  -2  -1    0   0   0   0   0   0   0   0   0  15  49   0   1  32   0   0   0   0   0   3  1.31 0.52
  390 H    -2  -4  -1   1  -4  -3   1  -3   2  -6  -6  -1  -4  -6   7  -1   0  -6  -5  -5    2   0   3   7   0   0   9   1   5   0   0   3   0   0  56   5   6   0   0   0  1.40 0.56
  391 F    -4  -4  -1   1  -6  -3   0  -5   1  -5  -4  -2  -5   4  -6  -3  -4  -2   8  -5    1   1   3   7   0   1   6   0   3   0   0   3   0  13   0   1   0   0  60   0  1.68 0.66
  392 K    -4   7  -2  -3  -6   0   0  -5   2   2  -4  -1  -4   0  -5  -3  -3  -4  -1  -1    1  58   2   1   0   3   5   0   5  11   0   2   0   4   0   0   1   0   2   5  1.12 0.50
  393 T    -1   0  -3  -2  -3   0   0  -4  -1   2   0   1  -1  -2  -3  -2   0  -4  -2   4    5   4   0   2   0   4   5   0   1  11   8  10   0   1   0   2   7   0   1  39  0.36 0.25
  394 L    -3  -4  -5  -5  -3  -4  -5  -5  -3   4   2  -3   4  -3  -5  -1  -1  -4  -1   5    1   0   0   0   0   0   0   0   0  20  14   1  12   0   0   5   3   0   2  40  0.81 0.38
  395 D    -1   0   2   1  -3   0   2  -2  -2  -1   1   2  -1  -2  -3  -1   0  -4   0  -1    5   4  10   8   0   4  14   1   0   2  16  18   1   1   0   3   5   0   3   4  0.18 0.17
  396 M    -2  -5  -4  -6  -4  -5  -6  -6  -6   3   5  -5   2   0  -6  -5  -2  -5  -3   1    3   0   1   0   0   0   0   0   0  14  65   0   5   3   0   0   2   0   0   7  1.12 0.47
  397 A     1  -5  -3  -5   9  -5  -5  -5  -5  -5  -5  -3  -5  -6  -1   4  -1  -6  -5  -1   12   0   1   0  41   0   0   0   0   0   0   2   0   0   3  35   3   0   0   4  1.56 0.63
  398 T     1  -4  -3  -4  -4  -4  -4  -2  -5  -4  -1  -3  -2  -2  -4   2   7  -5  -5  -3   10   0   0   0   0   0   0   3   0   0   5   1   1   2   0  15  63   0   0   0  1.22 0.58
  399 A     0  -1  -1  -2  -3  -1  -2   5   0  -2  -3  -1  -2  -2  -2  -1  -2  -1  -3  -3    8   3   2   2   1   2   2  54   3   2   3   4   1   1   2   4   2   1   1   2  0.73 0.25
  400 D    -1  -2  -1   7  -3  -2   1  -2  -2  -3  -3  -2  -3  -3  -2  -2  -2  -3  -3  -3    4   2   2  62   1   1   7   2   1   2   3   2   1   1   2   3   2   0   1   2  1.11 0.33
  401 L    -1  -2  -2  -2  -1  -2  -2  -2  -2   1   3  -2   6  -1   0  -2  -1  -2  -2  -1    3   2   2   2   1   1   3   2   1   8  34   2  23   1   4   2   4   0   1   3  0.47 0.20
  402 G    -1  -2   0  -1  -3  -2  -1   5  -2  -3  -3  -2  -2  -3  -2   0   0  -3  -3  -3    3   2   5   4   1   1   3  54   1   2   3   2   1   1   2   8   5   0   1   2  0.72 0.24
  403 A     0   5   0  -2  -5  -3  -4  -4  -2  -3  -3  -2  -1   6  -1  -1  -3  -3   0  -4    7  31   5   2   0   0   0   0   1   1   2   1   1  39   3   4   1   0   1   0  0.96 0.46
  404 P     1  -3  -2  -4  -2  -2  -4   1  -4  -4  -5  -3  -5  -6   6   3   0  -6  -5  -3   12   1   1   0   1   1   0  11   0   0   1   0   0   0  39  24   6   0   0   2  1.03 0.48
  405 A     5  -4  -3   0  -4  -1   4  -3  -4  -4  -5  -1  -2  -6  -4   2  -3  -6  -5  -4   46   0   0   5   0   2  28   0   0   0   0   3   1   0   0  14   0   0   0   0  0.92 0.49
  406 Y     3   0   0  -1   0   1  -2  -3  -1  -3  -3   3  -2  -3  -3   1   0  -2   0  -1   30   4   3   2   2   6   1   0   1   1   1  23   1   1   0  12   5   0   3   3  0.39 0.29
  407 R    -2   5  -2  -4  -4  -1  -3  -4  -1  -1  -3   5  -2  -2  -4   0  -3  -5   0  -4    3  31   1   0   0   1   0   0   1   5   1  43   1   2   0   6   0   0   3   1  0.99 0.48
  408 K    -1  -1  -3  -4   1  -2  -3  -3  -4   2  -2   3   1  -3  -4  -2   5  -5  -4   1    5   3   0   0   3   1   0   1   0  13   3  20   5   1   0   1  36   0   0  10  0.59 0.38
  409 F    -2  -6  -5  -6  -6  -5  -6   5  -2  -1  -4  -5  -5   2  -6  -4  -5  -1   7  -3    3   0   0   0   0   0   0  37   1   3   1   0   0   8   0   0   0   1  46   1  1.59 0.63
  410 D    -4  -4   0   7  -6  -4  -2  -4  -5  -6  -7  -3  -6  -7  -4   2   0  -7  -6  -3    1   0   2  69   0   0   1   0   0   0   0   1   0   0   0  18   5   0   0   3  1.70 0.67
  411 I    -2  -5  -3   4   1  -4  -1  -5  -5   4   3  -4  -2  -3  -5  -4  -3  -5  -4  -1    2   0   1  28   3   0   4   0   0  28  30   0   0   0   0   0   1   0   0   2  0.82 0.42
  412 E    -1  -4  -3   0  -7  -2   8  -6  -3  -7  -6  -2  -6  -6  -5  -3  -5  -7  -5  -6    6   0   0   3   0   0  87   0   0   0   0   1   0   0   0   1   0   0   0   0  2.10 0.81
  413 A     2  -5  -4  -1  -3  -2  -4  -4  -5   2   0  -4   1  -3  -5  -2   0  -5  -3   5   17   0   0   3   0   2   1   1   0   8   6   0   3   0   0   1   6   0   0  51  0.75 0.40
  414 W    -8  -8  -9 -10  -8  -7  -8  -8  -7  -8  -7  -8  -7  -3  -9  -8  -8  13   1  -8    0   0   0   0   0   0   0   0   0   0   0   0   0   1   0   0   0  95   4   0  4.92 1.33
  415 M    -1  -4  -2   4  -3  -2   0  -4  -4   0   2  -3   4   1  -4  -2  -2  -4  -2   0    6   0   1  25   0   0   7   0   0   5  26   1  13   6   0   2   1   0   1   6  0.45 0.29
  416 P    -2   1  -3  -5  -6   0  -3  -5  -1  -3  -3   2  -3  -4   7  -4  -4  -6  -5  -4    3   8   1   0   0   3   1   0   1   1   3  13   1   1  61   0   0   0   0   1  1.61 0.61
  417 G     5  -3  -3  -4  -4  -3  -3   3  -4  -5  -5  -3  -3  -4  -4   3   0  -5  -4  -4   46   1   0   0   0   0   1  22   0   0   0   0   0   0   0  23   5   0   0   0  0.94 0.47
  418 L    -2   0  -3  -2  -4   6   4  -5  -3  -4  -2  -2  -2  -4  -4  -1   1  -5   1  -3    2   5   0   1   0  38  30   0   0   0   3   0   1   0   0   3   8   0   5   1  0.94 0.49
  419 G     0  -1   5   1  -5   3   1   3  -1  -5  -5   1  -4  -5  -4  -1  -2  -5  -4  -4    7   2  27   8   0  13   7  21   1   0   0  11   0   0   0   2   1   0   0   0  0.61 0.33
  420 R     3   2  -2   0   1   0   0  -1  -3  -2  -3   2  -1  -4  -3   0   2  -4  -4  -1   27  12   1   5   3   3   6   4   0   1   1  15   2   0   0   4  14   0   0   3  0.31 0.24
  421 F    -5  -5  -6  -6  -5  -5  -5  -6  -3  -2   3  -5   0   2  -6  -5  -5   4   8  -2    0   0   0   0   0   0   0   0   0   1  30   0   2   8   0   0   0   4  52   2  1.62 0.62
  422 G    -1   6  -3  -4  -2  -1  -1  -1  -3  -1  -1   2  -1  -4  -4  -2  -2  -4  -2  -1    5  51   0   0   1   1   3   5   0   3   6  12   2   0   0   1   1   0   1   6  0.81 0.39
  423 E    -2  -3  -1   0   1   0   7  -4  -3  -5  -5  -1  -4  -5  -4  -2  -3  -5  -5  -4    3   1   3   4   3   2  75   1   0   0   1   2   0   0   0   2   1   0   0   1  1.51 0.60
  424 I     2  -4  -4  -4  -3  -4  -4  -3  -4   5   1  -4   0  -3  -3  -2  -1  -4  -3   3   22   1   0   0   0   0   1   1   0  37  10   0   2   0   1   2   2   0   0  19  0.67 0.33
  425 S     0  -3  -2  -3   0  -3  -2  -1  -1  -2   1  -3  -1  -3  -3   5   1  -4  -3   1    5   1   1   1   2   0   1   4   1   1  16   1   1   0   1  44   9   0   0  11  0.51 0.33
  426 S    -2   0   0  -2  -3  -2   1  -3  -3  -3  -3   0  -3  -4  -3   6   0  -4  -4  -4    1   5   3   2   0   1   8   1   0   2   2   5   0   0   1  64   3   0   0   1  0.95 0.46
  427 A     1  -2  -2  -2   9  -2  -1  -3  -3   1  -2  -2  -3  -3  -3  -2   1  -4  -3   0   14   2   2   2  41   1   4   2   1   8   3   3   0   1   1   2   7   0   1   7  0.96 0.36
  428 S     0  -3  -1  -2  -2  -2  -2  -2  -3  -4  -3  -2  -3  -4  -3   6  -1  -4  -3  -3    8   1   2   1   1   1   2   2   0   1   2   2   0   1   1  71   2   0   1   1  1.13 0.48
  429 N    -2  -3   7  -1  -2  -2  -2   1  -2  -3  -2  -2  -3  -4  -3  -1  -2  -2  -1  -1    2   1  58   2   1   2   2  11   1   1   5   1   0   1   1   3   2   0   2   4  1.04 0.41
  430 C     0  -2  -3  -2   8  -3  -3  -3  -2  -1  -1  -3   2   3  -3  -2   0  -2   0  -1    7   2   1   2  36   1   2   2   1   4   5   2   6  12   1   2   7   0   4   4  0.80 0.30
  431 T    -1   0  -1  -1  -2  -1   2   2  -2  -2   0   0  -2  -3  -2  -1   3   1  -2  -2    3   6   1   3   1   1  14  19   1   2   9   5   0   1   1   3  23   2   1   2  0.24 0.17
  432 D     1  -2  -1   6  -3  -2   0  -2  -3  -3  -3  -2  -3  -3  -2  -1   0  -4  -3  -3   12   1   2  54   0   1   5   2   0   1   2   2   0   1   1   4   7   0   1   2  0.91 0.35
  433 Y    -3  -3  -3  -3  -3  -2  -2  -3  -2  -2   0  -2  -1   7  -3  -3  -3   4   4  -2    2   1   1   1   0   2   3   2   1   2   9   2   1  50   1   2   1   6  12   1  1.05 0.35
  434 Q    -2  -1  -2  -1  -3   8   0  -3  -2  -3  -3  -1  -2  -3  -3  -2  -2  -3  -2  -1    2   2   1   3   0  64   4   2   1   1   2   3   1   1   1   2   2   0   1   5  1.27 0.47
  435 S     5  -2  -2  -2  -2  -2  -1   0  -2  -2  -3  -2  -3  -3  -2   2  -1  -3  -3  -2   57   1   1   1   0   1   4   5   1   2   2   1   0   1   1  15   2   0   1   1  0.74 0.34
  436 R    -2   7   0  -2  -2  -1  -2  -2  -2  -3  -2   1  -2  -3  -3  -2  -2  -3   0  -3    2  59   4   3   1   1   2   3   1   1   4   7   1   1   1   2   2   0   3   2  0.98 0.38
  437 R    -3   7  -1  -2  -4  -1  -1   1  -3  -4  -4   1  -3  -4  -2  -2  -3  -4  -4  -4    2  64   3   2   0   1   3  10   0   1   2   5   0   1   2   2   1   0   0   1  1.25 0.47
  438 L     2  -3  -4  -4  -3  -3  -3  -2  -3   2   3  -2   5  -2  -4  -1  -2  -3  -1   0   19   1   0   0   0   0   1   2   0  11  29   3  20   0   0   4   2   0   2   4  0.49 0.29
  439 G    -1  -1   4   0  -4   2   2   1   0  -4  -2   2  -1  -4  -1   0  -2  -4  -3  -3    3   2  23   4   0  11  12  12   2   0   5  14   2   0   3   5   0   0   1   1  0.37 0.24
  440 I     2  -4  -4  -5  -3  -4  -4  -4  -4   5   0  -4  -1   2  -4  -3   1   5   2   0   16   0   0   0   0   0   0   0   0  36   6   0   1   9   0   0   9   9   9   4  0.69 0.36
  441 R    -2   6  -2  -1  -5   0   2  -3  -3  -3  -4   2  -2  -5  -2  -1  -1  -5  -4  -2    2  53   1   3   0   2  14   1   0   1   0   9   1   0   1   5   3   0   0   3  0.98 0.45
  442 Y    -4  -4  -4  -4   0  -4  -1  -5  -1   1   0  -4  -1   4  -4  -3  -1   2   7   0    1   0   0   1   2   0   5   1   1   9   9   0   1  18   1   1   4   2  40   5  0.95 0.42
  443 R    -2   5   3  -1  -4   1  -2  -3  -2  -4   0   3  -3  -3  -4  -2  -3  -4  -4  -3    2  38  13   2   0   7   1   2   1   0  10  19   0   1   0   2   0   0   0   1  0.72 0.36
  444 P    -1   1   1   3  -2  -1   2  -2  -2  -1  -2  -1  -2  -3   5  -1  -1  -4  -3  -2    4   8   7  15   1   1  12   3   1   4   3   2   1   1  28   3   3   0   1   3  0.50 0.23
  445 S     0  -1  -1   1  -3  -1   2   5  -2  -3  -3   0  -3  -3   0  -1  -2  -3  -3  -3    8   2   2   7   0   1  16  41   1   1   2   6   0   1   5   4   1   0   1   2  0.53 0.24
  446 E    -1  -1   1   3  -3   1   4  -1   0  -3  -3   1  -2  -3   0  -1  -1  -3  -3  -3    5   2   5  20   0   4  33   5   2   2   2   7   1   1   4   3   3   0   1   2  0.46 0.21
  447 P     0  -2   0   0  -3  -2  -2   6   1  -3  -3  -1  -3  -3  -2  -1  -2  -3  -3  -3    6   2   5   6   1   2   2  56   3   1   3   3   1   1   2   2   3   0   1   2  0.78 0.26
  448 P     4  -1   0  -1  -1  -1  -1  -1  -1  -1  -1   0  -1  -1   0   0  -1  -1   0  -1   43   4   4   3   1   2   3   4   1   2   4   5   1   3   3   6   3   1   4   3  0.27 0.12
  449 Q    -1   0  -1   0  -2  -1  -1  -1  -1  -1  -1   1  -1   6  -1  -1  -1  -1   0  -1    4   4   2   5   1   3   4   5   1   3   4   9   1  39   2   3   3   1   2   3  0.42 0.14
  450 T    -1  -1  -1  -1  -1  -1  -1  -1   0  -1  -1  -1  -1   0  -1  -1  -1   0   7  -1    6   3   3   3   1   2   4   5   1   3   5   4   1   2   3   5   4   1  39   4  0.51 0.14
  451 G     0  -1   0  -1  -1  -1  -1   4  -1  -1  -1  -1  -1  -1  -1  -1  -1  -1  -1  -1    5   3   3   3   1   2   4  43   1   3   5   4   1   2   3   4   4   1   2   4  0.37 0.09
  452 P    -1  -1  -1  -1  -1  -1  -1  -1  -1  -1  -1  -1  -1  -1   6  -1  -1  -1  -1  -1    6   3   3   3   1   3   4   5   1   4   5   3   2   2  42   4   3   1   2   4  0.66 0.13
  453 K    -1   0  -1  -1  -1   0   0   0  -1  -1  -1   5  -1  -1  -1  -1  -1  -1  -1  -1    5   4   3   3   1   2   4   6   1   3   5  42   1   2   3   4   3   1   2   4  0.34 0.11
  454 K     0   0   0   0  -1   0   0   0   0   1   0   0   0   0   0   0   0   0   0   0    6   4   4   4   2   5   5   7   2  15   9   6   3   4   4   6   6   1   3   5  0.00 0.00
  455 G     0   0   0   1  -1   0   0   0   0   0   0   0   0  -1   0   0   0   0   0   0    6   5   4  12   1   3   7   8   2   5   8   7   2   3   4   7   6   1   3   6  0.03 0.00
  456 K     0   1   0   0  -1   0   1  -1   0   0   0   1   0   0   0   0   0  -1   0   0    5   7   3   4   1   3   9   5   2  10   7  11   2   5   4   6   5   1   2   6  0.02 0.01
  457 A     0   1   0   0  -1   0   0   0   0  -1  -1   1   0  -1   1   0   0  -1  -1  -1    7   7   4   5   1   5   5   6   3   5   6  13   3   3   6   7   8   1   2   5  0.04 0.01
  458 N     0   0   0   0   0   0   0   1   0   0   0   0   0  -1   0   0   0  -1  -1   0    7   4   6   4   2   3   7  12   2   7  10   7   2   2   4   7   5   1   2   5  0.02 0.00
  459 L     0   1   0   1  -1   1   1   0   0  -1  -1   1   0  -1   0   0   0  -1  -1  -1    6   6   5   7   1   6   7   6   3   3   6  14   2   3   3   7   8   1   2   4  0.06 0.02
  460 P    -1   0   0   2  -2   0   1   1  -1  -2  -1   2   0  -2   0   0  -1  -2  -1  -1    4   3   4  14   1   4   6  15   1   2   5  19   3   2   3   5   3   1   1   3  0.14 0.06
  461 A     1   1  -1   0  -1   0   1   0  -1  -2  -2   4  -2  -3  -2   0  -1  -3  -2  -2   12   5   2   4   1   3   7   8   1   1   2  38   1   1   1   5   3   0   1   3  0.32 0.16
  462 T    -1  -1   2  -2  -3  -2  -2  -3  -3   0   2   0  -1  -2   4  -1   2  -3  -3   0    3   2  11   1   0   1   1   1   0   5  24   6   1   1  21   2  15   0   0   6  0.36 0.20
  463 K    -1   2  -1   0  -3   3   4  -2   1  -3  -3   2  -1  -3  -2  -1  -1  -1  -2  -3    3  12   2   5   0  13  33   2   3   2   2  11   1   1   1   3   3   1   1   1  0.48 0.24
  464 F    -3   1  -5  -5  -4  -3  -4  -5  -1  -1   2  -4  -2   6  -2  -4  -3  -1   5  -3    1   9   0   0   0   1   0   0   1   2  21   0   0  41   2   0   0   0  19   0  1.01 0.41
  465 V     0  -1  -5  -5   0  -3  -4  -5  -5   1   1  -4  -1  -3  -4  -3  -2  -1  -3   6    9   4   0   0   2   1   0   0   0   4  14   0   0   0   0   1   1   1   0  61  0.87 0.40
  466 H    -1  -4  -1  -3  -6  -3  -4  -3  10  -6  -1  -4  -4  -3  -5  -4  -5   3  -1  -6    6   0   2   1   0   0   0   1  75   0   6   0   0   0   0   1   0   4   1   0  2.34 0.73
  467 T    -2  -2  -3  -4  -1   0  -4  -4  -4  -3  -2  -3   3  -5  -4  -2   7  -5  -4  -3    2   2   0   0   1   4   0   0   0   1   3   0   7   0   0   1  78   0   0   0  1.52 0.60
  468 L    -3  -4  -4  -3  -3  -3  -4  -4  -4   1   6  -4   0  -2  -4  -4  -2  -3  -3   0    1   1   1   1   0   1   1   1   0   5  76   1   1   1   1   1   2   0   0   6  1.04 0.38
  469 N    -4  -3   8   2  -5  -2  -3  -1  -2  -5  -5  -3  -5  -5  -4  -2  -3  -5  -4  -5    1   0  80   8   0   1   1   4   0   0   1   0   0   0   0   1   0   0   0   1  1.93 0.61
  470 A     2  -4  -1  -3  -1  -3  -3   6  -4  -4  -4  -3  -4  -4  -4   1  -3  -4  -4  -3   14   0   2   0   1   0   1  66   0   0   1   1   0   0   0   9   1   0   0   2  1.18 0.40
  471 T    -2  -3  -2  -2  -3  -3  -3  -3  -3   1  -3  -3  -3  -4   0   5   4  -4  -4  -3    1   0   0   2   0   0   1   1   0   9   1   1   0   0   4  53  26   0   0   1  0.91 0.42
  472 A     2  -3  -2  -3  -3  -1  -3   6  -3  -3  -2  -3  -1  -2  -3  -1  -3  -4  -4  -1   17   1   1   1   0   3   1  58   0   1   5   1   2   2   1   3   1   0   0   4  0.89 0.33
  473 C    -2  -5  -5  -5   6  -4  -5  -5  -5   1   5  -5   0  -2  -5  -3  -1  -4  -4   1    2   0   0   0  20   0   0   0   0   8  55   0   1   0   0   2   3   0   0   8  0.99 0.39
  474 A     6  -5  -4  -5  -4  -4  -4   1  -5  -5  -5  -4  -1  -5  -2  -2  -3  -5   0  -3   83   0   0   0   0   0   0  11   0   0   0   0   1   0   1   0   0   0   3   0  1.48 0.59
  475 V    -3  -4  -4  -5  -3  -4  -4  -5  -4   3  -1  -4  -1  -3  -2  -1   5  -5  -4   4    0   0   0   0   0   0   0   0   0  15   3   0   1   1   1   3  37   0   0  39  0.92 0.43
  476 P    -2  -4  -3  -1  -4  -2  -2   5  -2   0  -1  -3  -3  -4   2   1   2  -5  -4  -3    0   0   0   3   0   1   2  47   1   6   8   0   0   0  10   9  13   0   0   0  0.66 0.32
  477 R    -5   8  -4  -5  -7   3  -3  -6  -4  -7  -6  -1  -5  -6  -5  -4  -4  -6  -5  -6    0  85   0   0   0  15   0   0   0   0   0   0   0   0   0   0   0   0   0   0  2.26 0.73
  478 M     1  -4  -3  -4   3  -3  -4  -4  -4   0   1  -4   1  -3  -4  -2   5   3  -3   1   11   0   0   0   7   0   0   0   0   4  15   0   4   0   0   0  42   5   0  11  0.66 0.35
  479 M    -3  -4  -4   2  -4  -4  -3  -3  -4   3   4  -4   4   0  -5  -4  -3  -1  -2   1    0   0   0  15   0   0   0   2   0  19  39   0  11   4   0   0   0   1   1   8  0.62 0.31
  480 V     3  -3  -4  -5   2  -4  -4  -4  -4   3  -1  -4  -2   3  -3  -2  -1  -4  -1   4   25   1   0   0   4   0   0   0   0  15   2   0   0  14   1   2   4   0   1  31  0.53 0.29
  481 C     6  -4  -4  -4   2  -2  -3  -3  -4  -2  -4  -3  -2  -4  -2   0   0  -5  -4   1   70   0   0   0   5   2   0   0   0   1   0   0   1   0   1   4   6   0   0  10  1.04 0.46
  482 L    -3  -5  -6  -6  -4  -5  -5  -6  -5   6   3  -5  -1  -2  -5  -5  -3  -5  -4   3    0   0   0   0   0   0   0   0   0  53  29   0   0   0   0   0   0   0   0  17  1.19 0.43
  483 L    -3  -4  -5  -5  -4  -4  -5  -5  -5   1   5  -4   4  -2   3  -4  -3  -4  -4   1    0   0   0   0   0   0   0   0   0   4  61   0  12   0  15   0   0   0   0   6  1.03 0.41
  484 E    -4  -3  -4  -2  -7  -1   8  -5  -3  -6  -6  -3  -5  -6  -4  -3  -4  -6  -5  -6    0   0   0   0   0   0  98   0   0   0   0   0   0   0   0   0   0   0   0   0  2.36 0.76
  485 N    -3  -1   8  -1  -5   0  -2  -3   2  -5  -5  -3  -4  -5  -4   0   0  -6  -1  -5    1   3  70   1   0   4   1   0   5   0   0   0   0   0   0   4   7   0   2   0  1.52 0.54
  486 Y    -5  -4   0  -5  -2  -4  -5  -2   5  -4  -4  -4  -2   3  -6  -4  -4  -1   9  -4    0   0   5   0   1   0   0   4  12   0   0   0   1   8   0   0   0   0  68   0  1.92 0.61
  487 Q    -4  -2  -3  -3  -6   8  -2  -5  -3  -1  -4  -2  -3  -6  -5  -3  -2  -2  -4   1    0   0   0   1   0  81   0   0   0   4   1   0   0   0   0   0   2   1   0   9  1.87 0.68
  488 Q     0   1   4   1  -4   5   0  -2  -2  -4  -2  -1  -3  -5  -3  -1   1  -5  -4  -4    8   7  21   6   0  33   3   3   0   0   5   1   0   0   1   3   7   0   0   0  0.57 0.32
  489 E     3  -2  -3  -1  -4   0   4  -2  -3  -4  -3   1  -3  -5   2   0  -2  -5  -4  -3   32   1   0   2   0   2  36   1   0   0   2   7   0   0   9   6   0   0   0   1  0.63 0.33
  490 D    -4  -4   0   8  -6  -3   0  -4  -4  -4  -7  -2  -6  -7  -5  -2  -3  -7  -6  -6    1   0   2  87   0   0   4   0   0   1   0   1   0   0   0   2   1   0   0   0  2.09 0.64
  491 G    -2  -5  -4  -4  -6  -5  -4   7  -4  -7  -7  -5  -6  -6  -5  -3  -3  -6  -6  -6    2   0   0   0   0   0   0  96   0   0   0   0   0   0   0   0   1   0   0   0  2.25 0.64
  492 S    -1   1  -1  -2  -2  -2  -2  -2  -1  -3  -3   0  -3  -4  -3   5   3  -4  -3  -2    2   8   1   1   1   1   1   2   1   1   2   6   0   0   1  55  15   0   0   3  0.70 0.33
  493 V    -2  -2  -4  -4  -3  -3  -4  -4  -4   5   0  -1  -1  -2  -4  -3  -2  -4   0   5    1   2   0   1   0   0   1   1   0  37   3   5   0   1   1   1   1   0   3  43  0.81 0.32
  494 V     0   2   0  -1  -2   0   0  -2   0   0   0   1   0  -2  -2   0   2  -3  -2   1    6  12   4   2   0   4   7   1   2   6   7  12   1   0   1   3  20   0   0  12  0.14 0.11
  495 I    -2  -2  -4  -4  -3  -3  -4  -4  -2   5   0  -3  -1  -2  -3  -3  -2  -4  -3   4    2   2   1   1   0   1   1   1   1  42   5   1   0   0   1   1   2   0   0  38  0.84 0.31
  496 P    -2  -4  -4  -4  -4  -3  -3  -4  -4  -4  -4  -3  -4  -5   8  -3  -3  -5  -4  -4    3   1   1   1   0   1   1   1   0   1   1   1   0   0  86   1   1   0   0   1  2.45 0.60
  497 E     0  -1  -1   2  -4   1   5  -3  -2  -3  -4   3  -3  -4  -1  -1  -1  -5  -4  -1    7   2   1  10   0   4  45   1   1   1   1  17   0   0   2   1   2   0   0   4  0.67 0.31
  498 P     3  -1  -4  -4  -1  -3  -3  -3  -4   0  -2   1   1  -3  -1  -1  -1  -5  -3   4   31   3   0   0   1   0   0   0   0   4   1  11   3   0   3   2   1   0   0  39  0.54 0.31
  499 L    -3  -4  -5  -6  -4  -4  -5  -6  -1  -1   6   1   0  -2  -5  -5  -4  -4  -4  -2    1   0   0   0   0   0   0   0   2   1  84  10   1   0   0   0   0   0   0   0  1.31 0.49
  500 R    -3   6  -3  -4  -5   3  -2  -5  -1  -1  -3   1  -3  -5  -4  -3  -3  -1  -4   1    1  56   0   0   0  16   1   0   1   3   2   6   0   0   0   1   0   1   0  13  1.09 0.45
  501 P    -1  -2  -2  -3  -6  -2  -2  -3  -4  -6  -6   2  -5  -6   8  -1  -3  -6  -6  -5    5   1   2   1   0   1   2   2   0   0   0  13   0   0  70   3   0   0   0   0  1.87 0.57
  502 F    -5  -5  -6  -6  -5  -5  -5  -6  -2   0  -3  -5  -4   3  -6  -5  -4   2   9   2    0   0   0   0   0   0   0   0   0   4   0   0   0   8   0   0   0   2  71  15  2.02 0.63
  503 M    -4  -5  -5  -6  -2  -4  -5  -6  -5   0   3  -5   9   1  -6  -4   0  -4  -3   0    0   0   0   0   1   0   0   0   0   3  23   0  57   6   0   0   6   0   0   5  1.53 0.55
  504 G    -1  -1   2  -1  -3  -1  -1   6   0  -4  -4  -2  -3  -4  -2  -1  -2  -3  -3  -4    4   3  10   3   0   2   3  61   2   1   1   2   0   1   2   2   1   0   1   1  0.88 0.27
  505 G    -2  -4   1  -2  -4  -3  -3   6  -4  -5  -4  -2  -4   0   0   1   0  -4  -4  -5    0   0   6   1   0   0   0  65   0   0   1   2   0   5   5   9   5   0   0   0  1.04 0.35
  506 I    -1   0  -2   0  -1   1  -1  -3  -2   2   2   1   1   1  -3  -1   0  -3  -2   1    4   6   0   6   1   9   2   0   0  14  21  12   4   7   0   2   5   0   0   7  0.12 0.11
  507 E    -2   0  -2   2  -5   0   5  -4  -2  -5  -4   1  -3  -5  -3  -1   2  -5  -3  -4    1   5   1  13   0   3  51   0   0   0   0   7   0   0   1   3  15   0   1   0  0.84 0.34
  508 L    -2   3  -3  -3  -2  -1  -1  -4   0   2   0   1  -1   1  -4  -2  -1  -3   2   3    2  21   0   0   1   1   4   0   2  14   5   8   0   6   0   1   1   0   9  25  0.30 0.19
  509 I    -4  -5  -6  -6  -4  -5  -5  -6  -6   7   3  -5   0  -1  -6  -5  -1  -5  -4   0    0   0   0   0   0   0   0   0   0  64  29   0   1   2   0   0   3   0   0   1  1.37 0.46
  510 K    -1   2  -2  -1  -4   1   3  -2   1  -3  -2   3  -3  -3  -1   0   2  -4   0  -3    4  10   0   0   0   3  26   2   3   0   5  23   0   0   2   3  13   0   4   1  0.39 0.21
  511 P     2  -3  -3  -4  -5  -3  -3  -1  -4  -5  -5  -1  -4  -3   7  -2  -3  -6  -2  -2   17   0   1   0   0   0   0   3   0   0   0   5   0   1  67   1   0   0   1   3  1.68 0.43
  512 K    -1   2  -2  -1  -4   2   3  -3   0  -2  -3   4  -2  -4  -1  -1   0  -4  -3  -1    3  11   0   0   0   9  22   0   1   3   0  34   0   0   2   3   6   0   0   7  0.46 0.19
  513 H     0   2   2   0  -3   1   1   0   4  -3  -3   3  -1  -3  -1  -1  -1  -4  -2  -2    7  10  16   5   0   7   7   5  14   0   0  23   1   0   1   0   2   0   0   4  0.30 0.11
  514 K    -2   3  -1  -2  -4   3   0  -3  -1  -4  -4   6  -2  -4  -2  -1  -2  -4  -3  -3    0  15   0   0   0  14   2   0   0   0   0  69   0   0   0   0   0   0   0   0  0.88 0.19

                      K         Lambda
Standard Ungapped    0.1338     0.3176
Standard Gapped      0.0523     0.2670
PSI Ungapped         0.1707     0.3176
PSI Gapped           0.0523     0.2670
