
Last position-specific scoring matrix computed, weighted observed percentages rounded down, information per position, and relative weight of gapless real matches to pseudocounts
            A   R   N   D   C   Q   E   G   H   I   L   K   M   F   P   S   T   W   Y   V   A   R   N   D   C   Q   E   G   H   I   L   K   M   F   P   S   T   W   Y   V
    1 M    -1  -2  -2  -3  -2   0  -2  -3  -2   1   2  -1   6   0  -3  -2  -1  -2  -1   1    0   0   0   0   0   0   0   0   0   0   0   0 100   0   0   0   0   0   0   0  0.36 0.01
    2 K     0   1   0  -1  -3   0   0   4  -1  -3  -3   3  -2  -3  -2   0  -1  -3  -3  -3    0   0   0   0   0   0   0  50   0   0   0  50   0   0   0   0   0   0   0   0  0.49 0.00
    3 L    -2   4  -2  -3  -2   0  -1  -3  -1   0   2   1   1  -1  -3  -2  -1  -2  -1   0    0  50   0   0   0   0   0   0   0   0  50   0   0   0   0   0   0   0   0   0  0.29 0.00
    4 G     0  -3   0  -1  -3  -2  -2   6  -2  -4  -4  -2  -3  -3  -2   0  -2  -3  -3  -3    0   0   0   0   0   0   0 100   0   0   0   0   0   0   0   0   0   0   0   0  1.04 0.00
    5 V     0  -3  -3  -3  -1  -2  -3  -3  -3   3   1  -2   1  -1  -3  -2   0  -3  -1   4    0   0   0   0   0   0   0   0   0   0   0   0   0   0   0   0   0   0   0 100  0.35 0.00
    6 F    -2  -2  -3  -4  -3  -2  -3  -3   1  -1   0  -3  -1   5  -4  -2  -2   2   6  -1    0   0   0   0   0   0   0   0   0   0   0   0   0  50   0   0   0   0  50   0  0.69 0.00
    7 V     0  -2  -1  -2  -1  -1  -2  -2  -3   1   0  -1   0  -2  -2   0   3  -3  -2   3    0   0   0   0   0   0   0   0   0   0   0   0   0   0   0   0  50   0   0  50  0.25 0.00
    8 Y    -2  -2  -3  -4  -2  -2  -3  -4   0   0   3  -2   1   2  -3  -2  -2   1   5   0    0   0   0   0   0   0   0   0   0   0  50   0   0   0   0   0   0   0  50   0  0.42 0.00
    9 R     3   4  -1  -2  -2   0  -1  -1  -1  -2  -2   1  -1  -3  -2   0  -1  -3  -2  -1   50  50   0   0   0   0   0   0   0   0   0   0   0   0   0   0   0   0   0   0  0.35 0.00
   10 L    -2  -3  -4  -4  -2  -3  -3  -4  -3   1   4  -3   2   3  -3  -3  -2  -1   0   0    0   0   0   0   0   0   0   0   0   0  76   0   0  24   0   0   0   0   0   0  0.43 0.02
   11 Y    -2   3  -2  -3  -3  -1  -2  -3   1  -2  -2   0  -1   2  -3  -2  -2   1   6  -2    0  27   0   0   0   0   0   0   0   0   0   0   0   0   0   0   0   0  73   0  0.66 0.03
   12 R     0   3   0  -1  -1   0   0  -1  -1  -1  -1   1  -1  -2  -1   1   3  -2  -1  -1    2  28   1   1   1   1   2   2   1   1   2   2   1   1   1   2  48   0   1   2  0.23 0.01
   13 A     3  -1   0  -1  -1   0   0   0  -1  -1  -1   0  -1  -2   0   2   0  -2  -1  -1   51   1   1   1   1   1   2   2   1   1   2   2   1   1   1  26   2   0   1   2  0.22 0.01
   14 L    -1  -2  -2  -2  -1  -1  -2  -2  -2   1   4  -2   2   0  -2  -2  -1  -1  -1   1    2   1   1   1   1   1   2   2   1   1  75   2   1   1   1   2   2   0   1   2  0.24 0.01
   15 T    -1  -1  -1  -2  -1  -1  -1  -2  -2   1   3  -1   1   0  -1   0   2  -1  -1   0    2   1   1   1   1   1   2   2   1   1  49   2   1   1   1   2  28   0   1   2  0.14 0.01
   16 Y    -1  -1  -2  -2  -2  -1  -2  -2   1   0   1  -1   0   2  -2  -1  -1   1   5   0    2   1   1   1   1   1   2   2   1   1  27   2   1   1   1   2   2   0  50   2  0.30 0.01
   17 G    -1  -3  -2  -2  -2  -2  -3   4  -3   1   1  -2   0  -1  -3  -1  -1  -3  -2   0    0   0   0   0   0   0   0  53   0  24  22   0   0   0   0   0   0   0   0   0  0.36 0.01
   18 V    -1  -3  -3  -4   5  -3  -3  -4  -3   2   2  -3   1  -1  -3  -2  -1  -3  -2   2    0   0   0   0  24   0   0   0   0  22  27   0   0   0   0   0   0   0   0  26  0.35 0.01
   19 S     2   0   0  -1  -2   4   1  -1   0  -2  -2   0  -1  -3  -1   2   0  -3  -2  -2   27   0   0   0   0  47   0   0   0   0   0   0   0   0   0  26   0   0   0   0  0.36 0.02
   20 P    -1  -3  -2  -2  -3  -2  -1  -3  -3  -3  -3  -1  -3  -4   8  -1  -1  -4  -3  -3    0   0   0   0   0   0   0   0   0   0   0   0   0   0 100   0   0   0   0   0  2.15 0.06
   21 L    -2  -3  -4  -4  -2  -3  -3  -4  -3   3   4  -3   2   0  -3  -3  -1  -2  -1   1    0   0   0   0   0   0   0   0   0  23  77   0   0   0   0   0   0   0   0   0  0.45 0.03
   22 I    -2  -3  -3  -4  -2  -3  -3  -4  -1   4   1  -3   1   1  -3  -3  -1  -1   3   2    0   0   0   0   0   0   0   0   0  77   0   0   0   0   0   0   0   0  23   0  0.39 0.04
   23 H    -2  -2  -2  -3  -3  -2  -2  -3   4  -1   1  -3   0   3  -4  -2  -2   9   2  -2    0   0   0   0   0   0   0   0  20   0  19   0   0  23   0   0   0  39   0   0  0.86 0.04
   24 L    -1  -3  -3  -4   5  -3  -3  -4  -3   2   3  -3   1   0  -3  -2  -1  -2  -2   2    0   0   0   0  19   0   0   0   0  17  41   0   0   0   0   0   0   0   0  23  0.35 0.02
   25 H    -2   2  -2  -3  -3  -1  -2  -3   4   1  -1  -1  -1   3  -3  -2  -2   7   1   0    0  17   0   0   0   0   0   0  20  23   0   0   0  19   0   0   0  21   0   0  0.41 0.03
   26 I    -2  -3  -3  -4  -2  -2  -3  -4  -3   4   2  -3   3   0  -3  -2  -1  -2  -1   2    0   0   0   0   0   0   0   0   0  61  17   0  21   0   0   0   0   0   0   0  0.38 0.03
   27 R    -1   2  -1  -2  -2  -1  -1   2  -1  -2  -1   0  -1   3  -2  -1  -1   6   1  -2    2  21   1   1   0   1   1  20   0   1   2   1   0  24   1   2   1  18   1   1  0.32 0.01
   28 W    -2  -3  -4  -4  -2  -3  -3  -3  -3   2   1  -3   0   0  -3  -3  -2   9   1   2    0   0   0   0   0   0   0   0   0  23  19   0   0   0   0   0   0  41   0  17  0.84 0.03
   29 R    -2   6  -1  -2  -3   0  -1  -3  -1  -2   0   2  -1  -2  -3  -1  -1  -3  -2  -2    0  81   0   0   0   0   0   0   0   0  19   0   0   0   0   0   0   0   0   0  0.59 0.04
   30 R    -1   4  -1  -2  -2   0  -1   2  -1  -1   1   1   0  -2  -2   1  -1  -3  -2  -2    0  41   0   0   0   0   0  17   0   0  23   0   0   0   0  19   0   0   0   0  0.22 0.02
   31 L     1   2  -2  -3  -1  -1  -2  -2  -2   1   2  -1   1  -1  -2  -1  -1  -2  -2   1   21  17   0   0   0   0   0   0   0   0  43   0   0   0   0   0   0   0   0  19  0.16 0.02
   32 R    -1   4  -1  -2  -3   1   0  -3  -1   1  -1   3  -1  -2  -2  -1  -1  -3  -2   0    0  41   0   0   0   0   0   0   0  23   0  36   0   0   0   0   0   0   0   0  0.35 0.03
   33 G     2  -1   0  -1  -1  -1  -1   4  -1  -2  -2  -1  -2  -2  -1   1   0  -2  -2  -2   19   1   1   1   0   1   1  44   0   1   2   1   0   1   1  20   1   0   1   1  0.37 0.01
   34 L    -1   0  -1  -1  -2   0  -1  -2  -2  -1   1   2   0  -2   5  -1  -1  -2  -2  -1    2   1   1   1   0   1   1   2   0   1  22  24   0   1  37   2   1   0   1   1  0.49 0.02
   35 E     0   4  -1   0  -3   1   3  -2  -1  -3  -3   3  -2  -3  -2   0  -1  -3  -2  -2   13  30   0   0   0   0  31   0   0   0   0  26   0   0   0   0   0   0   0   0  0.43 0.04
   36 H     0  -2  -1   2  -3  -1  -1  -2   4  -2  -2  -2  -2   1  -3  -1  -2   1   6  -2   16   0   0  17   0   0   0   0  15   0   0   0   0   0   0   0   0   0  52   0  0.49 0.06
   37 F    -1   3  -2  -3  -2  -1  -2   1  -2   3   0  -1   0   2  -3  -2  -1  -2  -1   1    0  27   0   0   0   0   0  16   0  42   0   0   0  15   0   0   0   0   0   0  0.16 0.04
   38 S    -1   2   2   2  -3   2   0   2  -1  -3  -3   2  -2  -3  -2   1  -1  -3  -2  -3    0  17  13  13   0  14   0  16   0   0   0  13   0   0   0  15   0   0   0   0  0.30 0.02
   39 R    -1   5   0  -1  -3   2   0  -2  -1  -3  -3   1  -2  -3  -2   2   0  -3  -2  -3    0  58   0   0   0  16   0   0   0   0   0   0   0   0   0  26   0   0   0   0  0.54 0.05
   40 W    -2  -3  -4  -5  -2  -3  -3  -3  -3  -1   1  -3  -1   0  -4  -3  -2  11   1   1    0   0   0   0   0   0   0   0   0   0  14   0   0   0   0   0   0  70   0  17  1.66 0.09
   41 P     1   0  -1  -1  -3   0   0   1  -2  -3  -3   3  -2  -4   5   0  -1  -3  -3  -2   14   0   0   0   0   0   0  13   0   0   0  42   0   0  31   0   0   0   0   0  0.57 0.04
   42 E     1   0  -1   0  -3   1   4  -2  -1   1  -1   1  -1  -2  -2  -1  -1  -3  -2   0   14   0   0   0   0   0  50   0   0  22   0  14   0   0   0   0   0   0   0   0  0.29 0.05
   43 R    -2   7  -1  -2  -4   0  -1  -3  -1  -4  -3   2  -2  -4  -3  -1  -2  -4  -2  -3    0 100   0   0   0   0   0   0   0   0   0   0   0   0   0   0   0   0   0   0  1.15 0.14
   44 F    -3  -3  -4  -4  -3  -4  -4  -4  -1  -1   0  -4  -1   7  -4  -3  -3   1   5  -2    0   0   0   0   0   0   0   0   0   0   0   0   0  81   0   0   0   0  19   0  1.06 0.12
   45 G     1  -3  -1  -2  -3  -2  -3   6  -2  -3  -3  -2  -3   1  -3  -1  -2  -2  -2  -3   12   0   0   0   0   0   0  76   0   0   0   0   0  12   0   0   0   0   0   0  0.83 0.09
   46 H    -2   1  -1  -2  -3   1   0  -3   4   0   0  -1  -1   1   2  -1  -2  -1   2  -1    0  12   0   0   0   8   8   0  20  12  10   0   0   9  12   0   0   0  10   0  0.21 0.04
   47 P     1   0  -1  -2  -3   0  -1   2  -2  -3  -3   4  -2  -4   4   0  -1  -3  -3  -3   12   0   0   0   0   0   0  22   0   0   0  46   0   0  20   0   0   0   0   0  0.49 0.07
   48 S    -1   0   1   0  -3   0   1   1  -1  -3  -3   3  -2  -3   3   1  -1  -3  -2  -2    1   0  10   1   0   0  13  12   0   0   1  31   0   0  16  11   1   0   0   1  0.34 0.04
   49 A     2  -1  -1  -1  -2   1  -1  -1   3  -2  -2  -1  -1   0   3   1  -1  -2  -1  -1   33   0   0   1   0   8   1   1  12   0   1   1   0   8  19  13   1   0   0   1  0.30 0.04
   50 V    -1   2  -1  -2  -2   0   0  -3   2   0   1   0   0  -1  -2   0  -1  -3  -1   2    0  24   0   0   0   0   9   0  10   0  21   0   0   0   0  10   0   0   0  26  0.13 0.04
   51 R     1   2  -1  -2   3   2   0  -2  -1  -1  -2   3  -1  -3  -2  -1  -1  -3  -2   1   12  11   0   0  10  12   0   0   0   0   0  37   0   0   0   0   0   0   0  18  0.24 0.05
   52 P    -1  -2   2   2  -3  -2  -1   2  -2  -4  -4  -1  -3  -4   7  -1  -2  -4  -4  -3    0   0  12  12   0   0   0  16   0   0   0   0   0   0  60   0   0   0   0   0  1.18 0.09
   53 P     1  -2   1   0   3   0   2   1  -1  -3  -3  -1  -2  -3   4   0   0  -3  -3  -2   12   0  12   0  12   0  25   9   0   0   0   0   0   0  21   0   9   0   0   0  0.38 0.05
   54 G    -1   1  -1  -2  -3  -1  -2   5  -2  -4  -4   1  -3  -4   4  -1  -2  -3  -3  -3    0  12   0   0   0   0   0  54   0   0   0  12   0   0  22   0   0   0   0   0  0.71 0.07
   55 S     0  -2  -1  -1  -2   1  -1   1  -2  -2   0  -1  -1   0   5   2   0  -2  -2  -2    1   0   0   0   0   9   1  11   0   0  12   0   0   6  31  25   0   0   0   1  0.43 0.05
   56 L     1  -2  -3  -3  -1  -2  -2   0  -3   1   3  -2   1  -1  -2  -1  -1  -2  -2   1   22   0   0   0   0   0   1   9   0   0  55   0   0   0   0   1   0   0   0   8  0.22 0.05
   57 I     0  -3  -4  -4  -1  -3  -3  -4  -4   4   1  -3   1  -1  -3  -2  -1  -3  -2   4    7   0   0   0   0   0   0   0   0  45   9   0   0   0   0   0   0   0   0  39  0.44 0.08
   58 W    -4  -4  -5  -5  -3  -3  -4  -4  -3  -3  -2  -4   2   2  -5  -4  -3  12   1  -3    0   0   0   0   0   0   0   0   0   0   0   0   7   8   0   0   0  85   0   0  2.59 0.22
   59 F    -2  -3  -4  -4  -2  -3  -4  -4  -3   3   1  -3   0   4  -4  -3  -2  -1   1   2    0   0   0   0   0   0   0   0   0  38   7   0   0  36   0   0   0   0   0  19  0.47 0.08
   60 H    -3  -1   1  -2  -4   0  -1  -3   9  -4  -4  -2  -3  -2  -3  -2  -3  -3   1  -4    0   0   4   0   0   0   0   0  96   0   0   0   0   0   0   0   0   0   0   0  1.61 0.20
   61 A     3  -2  -1  -2   3  -2  -2   3  -2  -2  -2  -1  -2  -3  -2   1   1  -3  -3  -1   47   0   0   0   9   0   0  28   0   0   0   0   0   0   0   7   9   0   0   0  0.42 0.08
   62 V     4  -2  -2  -2  -1  -2  -2  -1  -2   0  -1  -2  -1  -2  -2   1   0  -3  -2   2   66   0   0   0   0   0   0   0   0   0   0   0   0   0   0   9   0   0   0  25  0.40 0.10
   63 S     0  -2   0  -1  -2  -1  -1  -1  -2  -3  -3  -1  -2  -3  -2   6   1  -4  -3  -3    0   0   0   0   0   0   0   0   0   0   0   0   0   0   0 100   0   0   0   0  0.83 0.16
   64 L    -1  -3  -4  -4  -1  -3  -3  -4  -4   3   2  -3   1  -1  -3  -2  -1  -3  -2   4    0   0   0   0   0   0   0   0   0  14  18   0   0   0   0   0   0   0   0  68  0.51 0.10
   65 G    -1  -3  -1  -2  -3  -3  -3   7  -3  -5  -5  -2  -4  -4  -3  -1  -2  -3  -4  -4    0   0   0   0   0   0   0 100   0   0   0   0   0   0   0   0   0   0   0   0  1.40 0.15
   66 E    -2  -1  -1   1  -5   1   6  -3  -1  -4  -4   0  -3  -4  -2  -1  -2  -4  -3  -3    0   0   0   0   0   0 100   0   0   0   0   0   0   0   0   0   0   0   0   0  1.15 0.17
   67 G     0  -2  -2  -2  -2  -2  -2   0  -3   1  -1  -2   0   1  -2   1   2  -3  -1   3    0   0   0   0   0   0   0   8   0   0   0   0   0   9   0  13  24   0   0  45  0.21 0.07
   68 M     0   2   2  -2  -2  -1  -1  -2  -1   0   1   0   4  -2  -2   1  -1  -3  -2  -1    7  18  18   0   0   0   0   0   0   8   7   0  30   0   0  13   0   0   0   0  0.18 0.07
   69 A     2  -2  -2  -3  -1  -2  -2  -2  -3   1   2  -2   0  -1  -2   0   2  -3  -2   1   37   0   0   0   0   0   0   0   0   5  36   0   0   0   0   0  17   0   0   4  0.23 0.07
   70 A     3  -2  -2  -3  -1  -2  -2  -1  -2  -1   2  -2   0   1  -2   1  -1  -2  -1   0   50   0   0   0   0   0   0   0   0   0  28   0   0   9   0  13   0   0   0   0  0.25 0.07
   71 I     0  -2  -2  -2  -2   1   1  -3  -2   2   3  -1   1  -1  -2  -1   0  -3  -2   0    6   0   0   0   0  10  15   0   0  15  45   0   0   0   0   0   8   0   0   0  0.19 0.06
   72 P    -1  -3   0   1  -3  -2  -1  -3  -3  -3  -3  -2  -3  -4   7  -1   2  -4  -3  -3    0   0   5   9   0   0   0   0   0   0   0   0   0   0  70   0  16   0   0   0  1.44 0.13
   73 V    -2  -3  -4  -4  -2  -3  -3  -4  -4   2   4  -3   1   0  -3  -3  -1  -2  -2   2    0   0   0   0   0   0   0   0   0   9  74   0   0   0   0   0   0   0   0  16  0.55 0.09
   74 I    -1  -3  -4  -4  -2  -3  -3  -4  -4   3   3  -3   1  -1  -3  -3  -1  -3  -2   3    0   0   0   0   0   0   0   0   0  25  37   0   0   0   0   0   0   0   0  38  0.45 0.07
   75 R    -1   3   1   0  -4   2   0  -2   3  -3  -3   4  -2  -3  -2   0  -1  -3  -2  -3    0  23   6   5   0  10   0   0  12   0   0  39   0   0   0   4   0   0   0   0  0.46 0.08
   76 H     1   2   3  -1  -2   1   0  -1   2  -2  -2   2  -1   0  -2   0  -1  -2  -1  -2   18  14  22   1   0   8   1   1   9   0   1  16   0   8   0   1   1   0   0   1  0.20 0.04
   77 C    -2  -3  -3  -3   4  -3  -3  -3  -3   2   2  -3   0   3  -3  -2  -1   6   0   0    1   0   0   1  16   0   1   1   0  22  26   1   0  16   0   1   1  13   0   1  0.39 0.06
   78 N    -1   2   1  -1   1   1   1  -1   0  -2  -1   0   1  -1  -1   1   0  -1   1  -2    2  21   9   1   4   9   9   1   0   1   2   1   7   1   1  19   1   0   9   1  0.15 0.03
   79 E    -1   1   0   0  -3   3   3  -2   2  -3  -3   3  -2  -3  -1   1  -1  -3  -2  -2    1   1   0   1   0  14  33   1   7   1   1  29   0   0   1   9   1   0   0   1  0.41 0.06
   80 V    -2   2  -1   1  -3   0   2  -3   1   1   2  -1   0   1  -3  -2  -1  -2  -1   0    0  15   0   8   0   0  20   0   5   9  27   0   0   8   0   0   0   0   0   8  0.12 0.04
   81 K     0  -1  -2  -2  -3  -1   1  -2   0  -2  -1   1  -1   3   1  -1  -1   0   5  -2    9   0   0   0   0   0  10   1   0   0   1  18   0  18   8   1   1   0  30   1  0.31 0.06
   82 S    -1   2  -2  -2  -3  -1  -1   0  -2  -4  -3  -1  -3  -4   6   1  -1  -4  -3  -3    0  19   0   0   0   0   0   8   0   0   0   0   0   0  56  17   0   0   0   0  1.07 0.11
   83 D    -2   1   1   4  -4   0   3   1   2  -4  -4   0  -3  -3  -2  -1  -2   4  -2  -3    0   9   8  30   0   0  28  10   8   0   0   0   0   0   0   0   0   8   0   0  0.46 0.07
   84 L    -2   0  -3  -3  -2  -1  -2  -3   2   1   2   0   0  -1  -3  -2  -2   7   0   1    0   8   0   0   0   0   0   0   9   4  33   9   0   0   0   0   0  20   0  17  0.38 0.07
   85 T    -1   5   1  -2   2   0  -1  -2  -1  -3  -3   1  -2  -3   3   0   0  -4  -3  -3    0  50   9   0   8   0   0   0   0   0   0   0   0   0  17   8   8   0   0   0  0.53 0.09
   86 I    -2  -3  -4  -4   2  -3  -4  -4  -3   3   1  -3   0   4  -4  -3  -2  -1   1   2    0   0   0   0   7   0   0   0   0  41   8   0   0  34   0   0   0   0   0  10  0.44 0.08
   87 L    -1  -3  -3  -4  -2  -2  -3  -4  -3   1   4  -3   1  -1  -3  -2   1  -3  -2   2    0   0   0   0   0   0   0   0   0   0  58   0   0   0   0   0  15   0   0  28  0.39 0.08
   88 M    -1  -3  -3  -4  -2  -2  -3  -4  -3   3   2  -3   2   1  -3  -2   0  -2  -1   3    0   0   0   0   0   0   0   0   0  17  19   0   8   8   0   0   8   0   0  40  0.31 0.06
   89 T     0  -2  -1  -2  -2  -1  -1  -2  -2  -2  -2  -1  -2  -3  -2   2   6  -3  -2  -1    0   0   0   0   0   0   0   0   0   0   0   0   0   0   0  17  83   0   0   0  0.75 0.14
   90 T     0  -2  -1  -2   3  -1  -1  -2   3  -1  -2  -1  -1  -1  -2   2   3  -2   2   0    6   0   0   0   8   0   0   0  10   0   0   0   0   0   0  28  30   0   9   9  0.26 0.07
   91 T    -2  -3  -3  -3   5  -2  -3  -3  -3  -1  -1  -3   1   4  -3  -1   2   7   1  -1    0   0   0   0  20   0   0   0   0   0   0   0   7  26   0   0  26  21   0   0  0.66 0.11
   92 T     0  -2   0  -1  -2  -1   1  -2  -2  -2  -2  -1  -2  -3  -2   3   5  -3  -2  -1    0   0   0   0   0   0   8   0   0   0   0   0   0   0   0  22  70   0   0   0  0.60 0.12
   93 V     1  -1   2   1  -2   0   1  -2  -1  -1  -1  -1  -1  -3   4   0  -1  -4  -2   0   16   0  16   9   0   5  13   0   0   0   8   0   0   0  24   0   0   0   0   8  0.35 0.05
   94 S     1   1   0  -1  -2  -1  -1   2  -2  -2  -2  -1  -2  -3  -2   3   3  -3  -2  -1   10   9   0   0   0   0   0  14   0   0   0   0   0   0   0  28  38   0   0   0  0.35 0.07
   95 A     2  -2  -1  -2  -2  -2  -2   4  -2  -2  -2  -2  -2  -3  -2   2  -1  -3  -3   0   18   0   0   0   0   0   0  47   0   0   0   0   0   0   0  21   0   0   0  14  0.46 0.07
   96 F     1   2  -1  -2  -2   1  -1  -2   2  -2  -2   0  -1   1  -2   1  -1  -1   3  -1   21  19   0   0   0   8   0   0   7   0   0   0   0   8   0  15   0   0  15   6  0.18 0.05
   97 E    -1   2  -1   0  -3   1   4  -3   2  -2  -3   2  -2  -3  -2  -1   0  -3  -2  -1    0  10   0   0   0   0  48   0   6   0   0  21   0   0   0   0   6   0   0   8  0.43 0.08
   98 V     1   1   0  -2  -2  -1  -2  -2  -1   2   1  -1   0  -1  -2  -1   0  -2   1   2   14  15   7   0   0   0   0   0   0  21  10   0   0   0   0   0   6   0   9  17  0.10 0.04
   99 I     1  -1  -2  -3  -2   0  -2  -2  -2   1   2   0   1   1  -2   0  -1  -2  -1   1   13   0   0   0   0   6   0   0   0   8  31   9   0  10   0   8   0   0   0  15  0.11 0.03
  100 K    -1   2   0  -1  -3   2   0   1   2  -3  -3   3  -2  -3  -2   1   1  -3  -2  -3    0  13   0   0   0  15   0  10   7   0   0  34   0   0   0  13   8   0   0   0  0.33 0.06
  101 N     2   1   1  -2  -2  -1  -1  -1  -1  -1  -1  -1  -1  -1  -2   1   2  -2   1   0   26  13   8   0   0   0   0   0   0   0   6   0   0   0   0   7  22   0   9   8  0.14 0.05
  102 Q     1   0  -1  -2  -2   1   0  -2  -1  -1   0   2  -1   1  -2   1   0  -2   1  -1   17   0   0   0   0   8   0   0   0   0  13  31   0   8   0   9   8   0   6   0  0.13 0.05
  103 L     0  -3  -2   0  -2  -2  -2  -3  -2   2   2  -2   0   3  -3   0  -1  -1   2   0    6   0   0   9   0   0   0   0   0  18  30   0   0  22   0   9   0   0   6   0  0.18 0.05
  104 P    -1  -2  -1   1  -4  -1   0   3  -2  -4  -4   0  -3  -4   6  -1  -2  -4  -3  -3    0   0   0   9   0   0   6  25   0   0   0   9   0   0  51   0   0   0   0   0  1.00 0.10
  105 V    -1   2  -1   0  -3   0  -1  -3  -2   0   1   3   1   1  -2  -1  -1  -2  -1   0    0  10   0   8   0   0   0   0   0   0  20  37   8   9   0   0   0   0   0   8  0.17 0.06
  106 G    -1  -2  -1   2  -3  -2  -1   4  -2   1  -2   0  -2  -3  -2   0  -1  -3  -3  -1    0   0   0  17   0   0   0  46   0  21   0   9   0   0   0   8   0   0   0   0  0.36 0.07
  107 V     3  -2  -2  -3   3   1  -2  -2  -2   1  -1  -2  -1  -2  -2   0  -1  -3  -2   2   42   0   0   0   9  10   0   0   0   9   0   0   0   0   0   0   0   0   0  30  0.25 0.07
  108 L    -1  -1  -1  -2  -2   0  -1  -3  -2   0   2   0   0   1  -2   0   3  -2  -1   1    0   0   0   0   0   7   0   0   0   0  28   9   0   8   0   0  41   0   0   8  0.21 0.07
  109 H    -2  -1  -1  -2  -3   1  -1  -3   7  -1  -2  -1  -1  -2  -3  -1   0  -3   0   2    0   0   0   0   0  10   0   0  54   0   0   0   0   0   0   0   7   0   0  29  0.61 0.12
  110 Q    -1  -1  -2  -2  -3   4   0  -3  -1   0  -1  -1  -1   3   2   0  -1  -1   2   0    0   0   0   0   0  39   0   0   0   9   0   0   0  20   9   8   0   0   8   7  0.28 0.08
  111 F    -2  -3  -3  -4  -2  -3  -3  -4  -1   2   1  -3   0   4  -4  -3  -2   5   4   1    0   0   0   0   0   0   0   0   0  15  14   0   0  25   0   0   0  10  24  13  0.49 0.07
  112 A     0  -2  -3  -3  -2  -2  -3  -3  -3   1   4  -2   1   2  -3  -2  -1  -2  -1   0    9   0   0   1   0   0   1   1   0   0  74   1   0   9   0   1   1   0   0   1  0.40 0.08
  113 P    -2  -3  -3  -2  -4  -2  -2  -3  -3  -4  -4  -2  -4  -5   8  -2  -2  -5  -4  -3    0   0   0   0   0   0   0   0   0   0   0   0   0   0 100   0   0   0   0   0  2.40 0.19
  114 L    -2  -3  -4  -4  -2  -3  -3  -4  -2   3   3  -3   1   1  -3  -3  -1  -1   3   1    0   0   0   0   0   0   0   0   0  21  53   0   0   0   0   0   0   0  17   9  0.42 0.08
  115 D    -3  -3   1   7  -5  -1   1  -2  -2  -4  -5  -2  -4  -5  -2  -1  -2  -5  -4  -4    0   0   0 100   0   0   0   0   0   0   0   0   0   0   0   0   0   0   0   0  1.39 0.17
  116 T    -2  -2   3   1  -2  -2  -2  -2  -1  -1   2  -2   0   3  -3  -1   0  -2   0  -1    0   0  31   9   0   0   0   0   0   0  35   0   0  18   0   0   8   0   0   0  0.24 0.07
  117 P    -1  -2  -2  -2  -2  -1  -1  -2  -2   1  -2   0  -2  -3   6   2   0  -4  -3   0    0   0   0   0   0   0   0   0   0  13   0   9   0   0  42  28   0   0   0   8  0.69 0.09
  118 L    -2  -2  -2   0   4  -2  -2   0  -3   3   1   0   0   2  -3  -2  -1  -2  -1   1    0   0   0   7  13   0   0  10   0  36   8   9   0  17   0   0   0   0   0   0  0.15 0.06
  119 A     2  -2  -2  -2  -2  -2  -2  -2  -2   2   0   0   0   3  -2   1  -1  -2   0   0   25   0   0   0   0   0   0   0   0  28   0   9   0  21   0  17   0   0   0   0  0.15 0.06
  120 I    -1  -3  -2  -3  -2  -2  -3  -3  -3   4   1  -2   0  -1  -3  -1   3  -3  -2   2    0   0   0   0   0   0   0   0   0  52   7   0   0   0   0   0  31   0   0   9  0.38 0.09
  121 D    -2   3   3   1  -4   0   0  -2   2  -4  -3   3  -2  -3  -2  -1  -1  -4  -2  -3    0  26  22   8   0   0   0   0   8   0   0  36   0   0   0   0   0   0   0   0  0.49 0.08
  122 R    -1   4  -1  -1  -3   0   1  -2  -1  -2  -3   2  -2  -3   3   1  -1  -3  -2  -2    0  42   0   0   0   0   9   0   0   5   0  16   0   0  13  14   0   0   0   0  0.46 0.08
  123 F    -2  -3  -4  -4  -2  -4  -4  -4  -2   2   0  -4   0   6  -4  -3  -2  -1   2   2    0   0   0   0   0   0   0   0   0   9   0   0   0  64   0   0   0   0   0  28  0.69 0.12
  124 L    -1  -3  -3  -3  -2  -2   0  -4  -3   2   3  -2   1  -1  -3  -2  -1  -3  -2   2    0   0   0   0   0   0   9   0   0   8  55   0   0   0   0   0   0   0   0  28  0.36 0.07
  125 G     1   3   3   0  -3   0   1   1  -1  -3  -3   1  -2  -3  -2   0  -1  -3  -2  -2   18  28  29   0   0   0   9   8   0   0   0   4   0   0   0   4   0   0   0   0  0.34 0.06
  126 H     0   2   3  -1  -3   0   0  -2   2  -2  -1   3  -1   0  -2   0  -1  -3  -1  -2    7  10  21   0   0   0   0   0   8   0   9  30   0   8   0   6   0   0   0   0  0.20 0.05
  127 W    -2  -3  -3  -3  -2  -2  -3  -3   2   2   1  -3   0   0  -3   0  -1   8   0   1    0   0   0   0   0   0   0   0  10  16  21   0   0   0   0   9   0  30   0  15  0.59 0.09
  128 K     1   2   0   1  -3   3   0  -1  -1  -3  -3   3  -2  -3  -2   1  -1  -3  -2  -2   16   8   0   7   0  20   0   0   0   0   0  35   0   0   0  13   0   0   0   0  0.35 0.07
  129 P    -2  -3  -3  -3  -4  -2  -2  -3  -3  -3  -1  -2  -3  -4   8  -2  -2  -4  -4  -3    0   0   0   0   0   0   0   0   0   0   9   0   0   0  91   0   0   0   0   0  2.05 0.17
  130 N    -1   2   2   3  -3   1   0  -2  -1  -3  -3   3  -2  -4  -2   1  -1  -4  -3  -3    0  10  12  24   0   6   0   0   0   0   0  33   0   0   0  15   0   0   0   0  0.41 0.07
  131 A     1  -3  -3  -4   3  -2  -3  -3  -3   1   3  -3   1  -1  -3  -2  -1  -2  -2   1   18   0   0   0  10   0   0   0   0   6  60   0   0   0   0   0   0   0   0   6  0.35 0.07
  132 I    -1  -3  -2  -3   3  -3  -3   3  -3   1   2  -3   0  -1  -3  -2  -1  -3  -2   2    0   0   0   0   8   0   0  31   0   8  25   0   0   0   0   0   0   0   0  28  0.27 0.06
  133 I    -2  -3  -4  -4  -2  -3  -4  -4  -4   5   2  -3   1  -1  -3  -3  -1  -3  -2   3    0   0   0   0   0   0   0   0   0  59  17   0   0   0   0   0   0   0   0  23  0.52 0.09
  134 I    -2  -3  -4  -4  -2  -3  -4  -4  -3   2   2  -3   0   5  -4  -3  -2  -1   1   2    0   0   0   0   0   0   0   0   0  15  19   0   0  49   0   0   0   0   0  17  0.52 0.08
  135 M    -1  -2  -2  -3  -2  -1  -2  -3  -2   2   1  -2   5  -1  -3   2   0  -3  -2   2    0   0   0   0   0   0   0   0   0  21   0   0  33   0   0  28   0   0   0  18  0.29 0.09
  136 E    -2  -1  -1   1  -5   1   6  -3  -1  -4  -4   0  -3  -4  -2  -1  -2  -4  -3  -3    0   0   0   0   0   0 100   0   0   0   0   0   0   0   0   0   0   0   0   0  1.15 0.17
  137 N     0   2   1  -1  -2  -1  -1   3  -1  -3  -3   0  -2  -3  -2   2   2  -3  -3  -2    0  19   8   0   0   0   0  28   0   0   0   0   0   0   0  21  24   0   0   0  0.36 0.07
  138 E    -2  -1   0   4  -4   1   5  -3  -1  -4  -4   0  -3  -4  -2  -1  -2  -4  -3  -3    0   0   0  28   0   0  72   0   0   0   0   0   0   0   0   0   0   0   0   0  0.92 0.13
  139 L    -2  -3  -4  -4   6  -3  -4  -4  -3   1   3  -3   1   2  -4  -2  -2  -2  -1   1    0   0   0   0  28   0   0   0   0   0  53   0   0   9   0   0   0   0   0  10  0.53 0.09
  140 W    -4  -4  -5  -6  -4  -3  -4  -4  -4  -4  -3  -4  -3   0  -5  -4  -4  12   1  -4    0   0   0   0   0   0   0   0   0   0   0   0   0   0   0   0   0 100   0   0  3.25 0.26
  141 P    -2  -3  -3  -3  -3  -2  -2  -3  -3  -2   2  -2  -1  -3   7  -2  -2  -4  -3  -2    0   0   0   0   0   0   0   0   0   0  28   0   0   0  72   0   0   0   0   0  1.47 0.14
  142 N    -1  -1   5   0   5  -1  -1   0   4  -3  -4  -1  -3  -3  -3   1  -1  -4  -2  -3    0   0  57   0  16   0   0   5  13   0   0   0   0   0   0   9   0   0   0   0  0.64 0.11
  143 L    -2  -3  -3  -4  -2  -3  -3  -4  -3   1   3  -3   1   4  -3  -2   1  -1   0   0    0   0   0   0   0   0   0   0   0   4  51   0   0  28   0   0  17   0   0   0  0.39 0.08
  144 I    -2  -4  -4  -4  -2  -3  -4  -5  -4   5   2  -3   1  -1  -4  -3  -1  -3  -2   2    0   0   0   0   0   0   0   0   0  77  23   0   0   0   0   0   0   0   0   0  0.63 0.12
  145 M     1  -1   3   0  -2   0   1  -2   2   0  -1  -1   2  -2  -2   0   0  -3  -2  -1   17   0  30   0   0   0  15   0   8   9   0   0  15   0   0   0   6   0   0   0  0.20 0.07
  146 A     2  -1  -1   0  -3   2   4   0  -1  -3  -3   0  -2   1  -2   0  -1  -3  -1  -2   25   0   0   0   0   8  51   6   0   0   0   0   0   9   0   0   0   0   0   0  0.40 0.09
  147 A     3  -2  -2  -2  -1  -2  -2   2  -2  -1   0  -1  -1  -2  -2   1   1  -3  -2   0   44   0   0   0   0   0   0  16   0   0  15   0   0   0   0   6   9   0   0   9  0.23 0.06
  148 S     1   2   1  -1  -2   0   0  -1   2  -3  -2   3  -2   0  -2   1  -1  -3  -1  -2   21  10   9   0   0   0   0   0   7   0   0  37   0   8   0   8   0   0   0   0  0.25 0.06
  149 G     0   3  -1  -1  -3   0   1   0  -1  -2  -1   3  -1  -3  -2  -1  -1  -3  -2  -2   11  26   0   1   0   0   9   9   0   0   9  31   0   0   0   1   1   0   0   1  0.26 0.05
  150 L    -1   2  -1  -2  -2   2   0  -2  -1   1   2   1   0  -1  -2  -1  -1  -1   0   0    2  16   1   1   0  16   1   2   0   9  30  10   0   1   1   2   1   0   5   1  0.11 0.03
  151 L    -1  -1   2  -1   3   1  -1   4   1  -2  -1   0  -1  -2  -2  -1  -1  -3  -2  -2    1   0  17   1   9   9   1  38   4   0   9   8   0   0   0   1   1   0   0   1  0.29 0.05
  152 I     2  -2  -2  -2   4  -2  -2  -2  -2   2   0  -2   0  -2  -2   0   0  -3  -2   2   28   0   0   0  12   0   1   1   0  24   1   1   0   0   0   9   1   0   0  20  0.20 0.05
  153 P    -1   1   0  -2  -3   0  -1  -2  -2  -3  -3   3  -2  -4   6  -1   1  -4  -3  -2    0   9   5   0   0   0   0   0   0   0   0  29   0   0  42   0  15   0   0   0  0.81 0.09
  154 L     1  -2  -2  -3  -2  -1  -2  -2  -2   1   2   0   2   1  -2  -1   0  -2  -1   0   20   0   0   0   0   0   0   0   0   9  37   9  10   8   0   0   8   0   0   0  0.16 0.05
  155 G     0  -3  -3  -3  -2  -3  -3   0  -3   2   2  -3   1   2  -3  -2  -1  -2  -1   2   10   0   0   0   0   0   0   8   0  18  29   0   0  13   0   0   0   0   0  22  0.21 0.04
  156 L    -2  -3  -4  -4  -2  -3  -3  -4  -4   3   4  -3   1   0  -3  -3  -1  -3  -2   2    0   0   0   0   0   0   0   0   0  22  62   0   0   0   0   0   0   0   0  17  0.50 0.08
  157 L     1  -3  -3  -4  -1  -3  -3  -3  -3   3   1  -3   0  -1  -3  -2  -1  -3  -2   4   15   0   0   0   0   0   0   0   0  32   8   0   0   0   0   0   0   0   0  45  0.37 0.08
  158 N    -2  -1   7   1  -3  -1  -1  -1   0  -4  -4  -1  -3  -4  -3   1  -1  -5  -3  -4    0   0  90   0   0   0   0   0   0   0   0   0   0   0   0  10   0   0   0   0  1.08 0.16
  159 A     4  -2  -2  -2  -2  -2  -2   4  -2  -3  -3  -2  -2  -3  -2   0  -1  -3  -3  -2   64   0   0   0   0   0   0  36   0   0   0   0   0   0   0   0   0   0   0   0  0.62 0.11
  160 R    -2   6  -1  -2  -3   1   0  -2  -1  -3  -3   3  -2  -3  -2  -1  -1  -3  -2  -3    1  71   0   1   0   0   1   1   0   0   1  20   0   0   0   1   1   0   0   1  0.79 0.11
  161 M    -2  -2  -3  -3  -2  -2  -3  -3  -3   3   3  -2   3   2  -3  -2  -1  -2  -1   1    1   0   0   1   0   0   1   1   0  33  35   1  14  10   0   1   1   0   0   1  0.32 0.06
  162 S     0  -1   0  -1  -1  -1  -1  -1  -1  -3  -3  -1  -2  -3  -1   5   1  -3  -2  -2    1   0   0   1   0   0   1   1   0   0   1   1   0   0   0  91   1   0   0   1  0.67 0.13
  163 T     2  -1   1   3  -2   0   1  -1  -1   0  -2  -1  -1  -2  -1   0   1  -3  -2  -1   32   0   8  22   0   0  13   1   0   8   1   1   0   0   0   1   9   0   0   1  0.22 0.05
  164 K    -1   3   2   1  -3   0   0  -2   2  -3  -3   3  -2  -3  -2   1  -1  -3  -2  -3    1  24  14   8   0   0   1   1   7   0   1  30   0   0   0  11   1   0   0   1  0.34 0.05
  165 S     0  -1   0  -1  -1  -1  -1  -1  -1  -3  -3  -1  -2  -3  -1   5   1  -3  -2  -2    1   0   0   1   0   0   1   1   0   0   1   1   0   0   0  91   1   0   0   1  0.67 0.13
  166 F     1  -2  -2  -3   5  -2  -2  -2  -1  -1   0  -2  -1   4  -2   0  -1  -1   2  -1   16   0   0   1  20   0   1   1   0   0  11   1   0  30   0   9   1   0   9   1  0.30 0.06
  167 K     0   2  -1  -1  -3   1   1  -2   2  -3  -3   4  -2  -3   2  -1  -1  -3  -2  -2    8  10   0   1   0   0   6   1   8   0   1  53   0   0   9   1   1   0   0   1  0.40 0.07
  168 R     1   5  -1  -2  -3   2   0   0  -1  -3  -2   1  -2  -3  -2   0   0  -3  -2  -2   13  53   0   1   0  10   1   8   0   0   1   1   0   0   0   6   5   0   0   1  0.42 0.07
  169 W    -2  -3  -3  -4  -3  -2  -3  -3  -1  -2  -1  -3  -1   5  -3  -2  -2   8   5  -2    1   1   0   1   0   0   1   1   0   1   1   1   0  28   1   1   1  30  33   1  1.07 0.11
  170 S     2   0  -1  -1  -1   0  -1   1  -2  -1   0   2  -1  -2  -1   1   1  -2  -2  -1   24   1   0   1   0   0   1   8   0   1  17  22   0   0   1  15   7   0   0   1  0.13 0.04
  171 S     1   1   0  -1  -2   1   0  -1  -1  -2  -2   4  -1  -2  -1   1   0  -2  -1  -2   12   1   1   1   1   5   2   2   1   1   2  52   1   1   1  10   2   0   1   2  0.27 0.05
  172 P     0   2   0  -1  -1   0   0   2  -1  -1  -1   0  -1  -1   2   0  -1  -1  -1  -1    4  24   2   3   1   2   3  23   1   3   5   3   1   2  11   4   3   1   2   3  0.18 0.02
  173 L    -1  -1  -1  -1  -1  -1  -1  -1  -1   0   0  -1   0   3  -1   0   0   5   1  -1    4   3   2   3   1   2   3   4   1   3  13   3   1  23   3  13   3  11   2   3  0.14 0.02
  174 L    -1  -2  -2  -2  -1  -2  -2  -2  -2   2   4  -2   1   0  -2  -2  -1  -1  -1   1    2   1   1   2   1   1   2   2   1   9  67   2   1   1   1   2   2   0   1   2  0.28 0.05
  175 L    -1   1  -1  -2  -3   0   0   2  -2   0   0   4  -1  -2  -2  -1  -1  -3  -2  -1    1   0   0   0   0   0   0  18   0  10   9  59   0   0   0   0   0   0   0   0  0.31 0.08
  176 P     0   3  -1  -1  -3   2   1   0  -1  -2  -2   2  -1   0   2   0  -1  -2  -1  -2    8  25   0   0   0  10  10   6   0   0   1  12   0   9   9   9   0   0   0   0  0.23 0.04
  177 L     0  -2  -2  -3  -2  -2  -2  -2   2   0   2  -2   1   4  -2  -2  -1  -1   1   0   11   1   1   1   0   1   1   1   8   1  39   1   0  29   1   1   1   0   1   1  0.23 0.05
  178 V    -1  -2  -2  -2  -2  -2  -2   2  -2   0   2  -2   0   3  -2  -1  -1  -1   0   1    1   1   1   1   0   1   1  22   0   1  28   1   0  22   1   1   1   0   1  17  0.17 0.04
  179 S    -1   4   0  -1  -3   4   1  -2  -1  -3  -3   3  -1  -3  -2   0  -1  -3  -2  -3    1  30   0   0   0  29   0   1   0   0   1  26   0   0   0   9   0   0   0   0  0.50 0.08
  180 L    -1   0   2  -1  -2  -1   1  -2  -1   1   2  -1   0  -1  -2   1   1  -3  -2   0    1   8  15   0   0   0  10   1   0  10  30   0   0   0   0  16   8   0   0   0  0.10 0.04
  181 L     0  -3  -3  -4  -2  -2  -3  -3  -1   3   2  -2   3   1  -3  -2  -1  -1   3   1   10   0   0   0   0   0   0   0   0  28  25   0  16   0   0   0   0   0  21   0  0.31 0.07
  182 L    -2  -3  -3  -4  -2  -3  -3  -3  -3   1   3  -3   1   3  -3  -1  -1   4   0   1    0   0   0   0   0   0   0   0   0   8  49   0   0  21   0   9   0   8   0   5  0.37 0.07
  183 S     2   2  -1  -1  -2   2   0  -1  -1  -3  -3   3  -2  -3  -1   2   0  -3  -2  -2   23   7   0   0   0   9   0   0   0   0   0  38   0   0   0  24   0   0   0   0  0.35 0.07
  184 K    -1   2   3  -1  -3   1   0   1  -1  -4  -3   3  -2  -4   4  -1  -1  -4  -3  -3    0  14  21   0   0   8   0  10   0   0   0  26   0   0  21   0   0   0   0   0  0.48 0.07
  185 F    -2  -3  -4  -4   1  -3  -4  -4  -3   3   2  -3   1   5  -4  -3  -2  -1   1   1    0   0   0   0   4   0   0   0   0  24  23   0   0  42   0   0   0   0   0   8  0.46 0.08
  186 S     1  -2   2   4  -2  -1   0  -1  -1  -3  -3  -1  -2  -3  -2   3   1  -4  -3  -2    9   0   7  40   0   0   0   0   0   0   0   0   0   0   0  37   7   0   0   0  0.50 0.09
  187 L    -2   1  -2  -2  -2  -1  -1   0  -2   0   3   1   0   1  -3  -2  -2  -2   1  -1    0  10   0   0   0   0   5   8   0   0  45  16   0   9   0   0   0   0   7   0  0.15 0.05
  188 I    -2  -3  -4  -4  -2  -3  -4  -4  -3   4   2  -3   1   3  -4  -3  -1  -2   0   2    0   0   0   0   0   0   0   0   0  49  13   0   0  23   0   0   0   0   0  15  0.45 0.08
  189 A     1  -3  -3  -3  -1  -2  -2  -2  -2   3   2  -2   0   0  -2   0  -1  -2   1   2   23   0   0   0   0   0   0   0   0  37  18   0   0   0   0   7   0   0   9   6  0.20 0.06
  190 P     2  -2  -3  -3  -2  -2  -2  -2  -3   1   2  -2   3  -1   3  -1  -1  -3  -2   2   25   0   0   0   0   0   0   0   0   0  21   0  18   0  15   0   0   0   0  21  0.28 0.06
  191 L    -2   2  -1  -1  -3   6   1  -3  -1  -2  -1   0  -1  -3  -2  -1  -1  -3  -2  -1    0   9   0   0   0  75   0   0   0   0   8   0   0   0   0   0   0   0   0   7  0.71 0.14
  192 S     0  -2   2   4  -2  -1   0  -1  -1  -3  -3  -1  -2  -3  -2   3   2  -4  -3  -2    0   0   7  35   0   0   0   0   0   0   0   0   0   0   0  38  19   0   0   0  0.50 0.09
  193 T    -1   0   1   2  -4   2   4   0  -1  -3  -3   1  -2  -4  -2   0   0  -3  -3  -3    0   0   8  10   0   9  51   7   0   0   0   6   0   0   0   0   8   0   0   0  0.50 0.08
  194 L    -1   2  -2  -1   1   0   2  -3  -2   2   1   0   0   1  -3  -2  -1  -3  -1   1    0  17   0   0   4   0  26   0   0  16  15   0   0   7   0   0   0   0   0  14  0.14 0.05
  195 Q    -2  -1   0   5  -4   2   1  -2   2  -3  -3  -1  -3  -2  -2   0  -1  -2   2  -3    0   0   0  56   0  16   0   0   7   0   0   0   0   0   0   8   0   0  13   0  0.62 0.10
  196 G    -1   0  -1  -2  -3  -1  -1   3  -2  -1   1   3  -1  -2  -2  -1  -1  -3  -2   0    0   0   0   0   0   0   0  33   0   0  21  36   0   0   0   0   0   0   0   9  0.26 0.07
  197 I     2   0  -1  -1  -3   4   2  -2  -1  -1  -2   1  -1  -3  -2   0  -1  -3  -2  -1   24   0   0   0   0  42  18   0   0   8   0   8   0   0   0   0   0   0   0   0  0.39 0.09
  198 R    -2   6  -1  -2  -4   1   0  -3  -1  -4  -3   4  -2  -4  -2  -1  -2  -4  -2  -3    0  69   0   0   0   0   0   0   0   0   0  31   0   0   0   0   0   0   0   0  0.90 0.13
  199 F    -2  -3  -3  -3  -3  -3  -3  -3  -1   1   0  -3   0   7  -3  -3  -2   0   3  -1    1   1   0   1   0   0   1   1   0   9   1   1   0  74   1   1   1   0   8   1  0.80 0.11
  200 Q     0  -1   2  -1  -2   1  -1  -2  -1   0   1   1   2  -1  -2  -1  -1  -2  -2   1    9   1  22   1   0   9   1   1   0   1  16  10  13   0   1   1   1   0   0  16  0.10 0.04
  201 L     1  -1  -1  -1  -2   2   1  -2  -1  -1   1   0   0  -2  -2   1   2  -3  -2  -1   15   0   0   0   0  20  13   0   0   0  18   0   0   0   0  17  17   0   0   0  0.20 0.05
  202 L    -2  -3  -4  -4   3  -3  -4  -4  -3   2   4  -3   1   2  -4  -3  -2  -2  -1   1    0   0   0   0  10   0   0   0   0  13  68   0   0   9   0   0   0   0   0   0  0.49 0.09
  203 H    -1  -2  -1  -2  -3   1  -2   6   2  -4  -4  -2  -3  -4  -3  -1  -2  -3  -3  -4    0   0   0   0   0  10   0  82   8   0   0   0   0   0   0   0   0   0   0   0  1.01 0.12
  204 A     3  -2  -3  -3  -1  -2  -2  -2  -2   3   0  -2   0  -1  -2  -1  -1  -2   1   2   44   0   0   0   0   0   0   0   0  33   0   0   0   0   0   0   0   0   8  12  0.24 0.07
  205 P     0  -1  -1   1  -2  -1  -1   1  -2  -1  -2   1  -2  -3   5   2  -1  -3  -3  -2    0   0   0   7   0   0   0  10   0   9   0  17   0   0  31  23   0   0   0   0  0.46 0.06
  206 P     0   2   1   2  -3   0   2  -1  -1  -3  -3   2  -2  -3   2   0  -1  -3  -2  -2   10  10   7  17   0   0  15   0   0   0   0  24   0   0   9   7   0   0   0   0  0.31 0.04
  207 F     0  -1   2   2  -2   0   2  -1   2  -2  -2   0  -1   1  -1   0  -1  -2  -1  -2    6   1  18  14   1   1  25   2   9   1   2   2   1   9   1   2   2   0   1   2  0.21 0.03
  208 V     2   1  -1  -1  -2   1   0  -1  -1   0  -1   4  -1  -2  -1   0  -1  -3  -2   1   23   0   0   1   0   8   1   1   0   5   1  45   0   0   0   1   1   0   0  13  0.22 0.06
  209 I    -1  -3  -3  -3  -2  -2  -3  -3  -2   3   2  -2   2   0  -3  -1  -1  -2   2   3    0   0   0   0   0   0   0   0   0  32  16   0   8   0   0   5   0   0  10  26  0.27 0.05
  210 N    -1  -1   4   0  -3   3   1  -2   2  -3  -2   0  -2   1  -2   0   2  -2  -1  -2    0   0  33   0   0  21   9   0   7   0   0   0   0  10   0   0  17   0   0   0  0.33 0.07
  211 Y    -1  -2   1  -2  -2  -2  -2  -3  -2   2   1  -2   0  -1  -3   0   0  -2   1   3    0   0  13   0   0   0   0   0   0  14  12   0   0   0   0   9   5   0   8  38  0.17 0.05
  212 S     0  -2  -1  -2   3  -1  -1  -2  -2  -1  -1  -1  -1  -2  -1   2   4  -2  -2   1    1   1   1   1  10   1   1   1   0   1   5   1   0   0   1  15  52   0   0   9  0.33 0.07
  213 G    -1  -3  -1  -2  -3  -3  -3   7  -3  -5  -5  -2  -4  -4  -3  -1  -2  -3  -4  -4    0   0   0   0   0   0   0 100   0   0   0   0   0   0   0   0   0   0   0   0  1.40 0.15
  214 D    -2  -1   6   2  -3  -1  -1  -1   0  -4  -4  -1  -3  -4  -2   2   0  -4  -3  -3    0   0  75   8   0   0   0   0   0   0   0   0   0   0   0  17   0   0   0   0  0.86 0.13
  215 L    -2  -3  -4  -4  -2  -3  -4  -4  -4   4   4  -3   2   0  -3  -3  -1  -3  -2   1    0   0   0   0   0   0   0   0   0  44  50   0   6   0   0   0   0   0   0   0  0.52 0.09
  216 K    -2   2  -1  -2  -4   1   0  -2  -2  -4  -3   6  -2  -4  -2  -1  -1  -4  -3  -3    0   0   0   0   0   0   0   0   0   0   0 100   0   0   0   0   0   0   0   0  0.95 0.16
  217 Y    -2  -3  -2  -3  -3  -3  -3  -3  -1  -1  -1  -3  -1   6  -3  -1   2   0   4  -1    0   0   0   0   0   0   0   0   0   0   0   0   0  56   0   0  28   0  16   0  0.67 0.12
  218 V     1  -2  -1   3  -2  -1  -1  -2  -1   0  -1  -2  -1   2  -2   0  -1  -1   3   0   21   0   0  25   0   0   0   0   0   9   0   0   0  13   0   9   0   0  15   8  0.17 0.05
  219 V    -1  -2   2  -2   3  -2  -2  -3  -2   3   1  -2   0  -1  -3  -1   0  -3  -2   2    0   0  21   0   9   0   0   0   0  29   8   0   0   0   0   0   7   0   0  26  0.23 0.06
  220 N     1  -1   2   0  -3   2   4  -1  -1  -3  -3   0  -2  -3  -2   2   0  -3  -2  -2   18   0  16   0   0   9  41   0   0   0   0   0   0   0   0  16   0   0   0   0  0.42 0.08
  221 K     0   1  -1  -1  -2   2   0  -2  -1  -1   0   3  -1  -2  -1   0   2  -2  -2  -1    9   1   1   1   0  10   1   1   0   1  10  40   0   1   1   1  22   0   0   1  0.22 0.05
  222 F    -1  -1   1  -1  -2   1   1  -2  -1   0   2  -1   0   1  -1  -1  -1  -1   0  -1    2   2   9   2   1   9  17   2   1   2  34   2   1   9   2   2   2   0   1   2  0.08 0.02
  223 H    -1   1   0   1  -2   0   0  -1   2  -1   0   1  -1  -2   3   0   1  -2  -1  -1    2  11   1   9   1   1   2   2   9   2  11  10   1   1  15   2  16   0   1   2  0.16 0.02
  224 V     0  -2  -2  -2  -1  -1   0  -2  -2   1   0  -1   0  -1  -2   0   0  -2   1   3    9   1   1   1   0   1   9   1   0   1   8   1   0   1   1   7   1   0   9  48  0.13 0.05
  225 S     0  -1   3  -1  -2  -1  -1   1  -1   0   0  -1  -1  -2  -1   2   1  -2  -2  -1    1   1  22   1   0   1   1  11   0   7  17   1   0   1   1  25   8   0   1   1  0.14 0.04
  226 S    -1  -1   1   1  -2   0   1  -1   4  -2  -1   0  -1  -1   2   1   0  -2  -1  -1    2   2   8  10   1   1   9   2  18   2  11   2   1   1   9  17   2   0   1   2  0.16 0.02
  227 G     1   1   2  -1  -1   1   0   1  -1   0   0   0   0  -1  -1   0   0  -2  -1   0   12   9  15   2   1   8   2  11   1  10  11   2   1   1   2   9   2   0   1   2  0.05 0.01
  228 T    -1   1   1   0  -2   0   2  -1  -1  -1   0   1   0  -1  -1   0   1   5  -1  -1    2   8   8   2   1   1  19   2   1   2  16  10   1   1   2   2  10  10   1   2  0.14 0.02
  229 S     2   1  -1  -1  -2   3   0   1  -1  -1  -2   1  -1  -3  -2   1  -1  -3  -2  -1   23   8   0   0   0  28   0   9   0   8   0   9   0   0   0  15   0   0   0   0  0.24 0.06
  230 E     0   1  -1   1  -3   1   3   1  -1  -3  -1   2  -2  -3  -2   0   0  -3  -2  -2    7   7   0   8   0   0  37  10   0   0   6  18   0   0   0   0   6   0   0   0  0.29 0.06
  231 S     1   0   1   1  -2   0   2   1  -1  -3  -3   1  -2  -3  -2   1   1   3  -2  -2   10   0   6   7   0   0  22   9   0   0   0  15   0   0   0  16   8   6   0   0  0.26 0.04
  232 I     0   1  -2  -3  -2  -2  -2  -3  -1   2   2  -1   0   0  -3  -1   0   4   3   0    7  13   0   0   0   0   0   0   0  18  29   0   0   0   0   0  10   8  16   0  0.21 0.05
  233 R    -1   4  -1  -2  -3   0  -1   1  -1  -1  -2   2  -2  -2  -2   1  -1   4  -2  -1    0  39   0   0   0   0   0  10   0   5   0  16   0   0   0  16   0   7   0   7  0.32 0.07
  234 D    -1   3   0   3  -3   0   0  -2  -1  -3  -3   3  -2  -3  -1   0   1  -3  -2  -2    1  17   0  23   0   0   1   1   0   0   1  37   0   0   0   1  15   0   0   1  0.37 0.06
  235 L    -2   0  -3  -3  -2  -2  -1  -4  -2   0   3  -2   1   2   2  -2  -2  -2  -1   0    0   8   0   0   0   0   7   0   0   0  60   0   0  15  10   0   0   0   0   0  0.32 0.07
  236 K    -1   1  -1  -2  -2   0   0  -2  -1   0   0   3  -1  -2  -2   1   0   4  -1   0    1   8   0   0   0   0   1   1   0   4   9  38   0   0   0  18   1   8   0  10  0.20 0.05
  237 V    -1   2  -2  -2  -2  -1  -1   0  -2   1   2   0   1  -1  -3  -1  -1  -3  -2   1    0  15   0   0   0   0   5   9   0  10  41   8   0   0   0   4   0   0   0   8  0.13 0.04
  238 E     0   0   1   0  -3   3   2  -2   5  -3  -1   0  -1  -3  -2   0  -1  -3  -1  -2   10   0   9   0   0  28  18   0  21   0   8   0   0   0   0   6   0   0   0   0  0.35 0.07
  239 L    -2  -3  -3  -3  -2  -2  -3  -3  -3   2   3  -2   1   2   3  -2  -1   4   0   0    1   0   0   0   0   0   0   1   0  16  47   0   0  10  15   1   0   7   0   0  0.36 0.06
  240 A     2  -1   0   2  -1  -1   0   1  -2   0  -2   0  -1  -2  -1   1   1  -3  -2  -1   33   0   0  17   0   0   0   9   0  10   1   5   0   0   0  13   8   0   0   0  0.17 0.04
  241 E    -1  -1   3   4  -3   1   2  -1  -1  -3  -3   0  -2  -3   1   0  -1  -3  -2  -2    2   1  22  39   0   7  10   1   0   1   2   1   0   1   8   1   1   0   1   1  0.45 0.05
  242 M    -1   3   0   1  -2   0   0  -1   2  -2  -1   1   1  -2  -1   0   0  -2  -1  -1    2  30   1   8   0   1   2   2   8   1   2  11   9   1   1  10   8   0   1   2  0.18 0.03
  243 K    -1   4  -1  -1  -3   2   1  -2  -1  -2  -2   3  -1  -3   2  -1  -1  -2  -2  -2    2  33   1   1   0  10   8   1   0   1   2  26   0   1   9   1   1   0   1   1  0.39 0.05
  244 V    -1  -2  -2  -3  -1  -2  -2  -3  -3   2   2  -2   1  -1  -2  -2  -1  -2  -1   3    2   1   1   1   0   1   1   1   0   9  29   1   0   1   1   1   1   0   1  47  0.26 0.05
  245 W    -1  -2  -3  -3  -2  -2  -2  -3  -2   2   1  -2   0   2  -2  -2  -1   7   0   2    2   1   1   1   0   1   1   1   0  19  13   1   0   9   1   1   1  23   1  21  0.44 0.05
  246 I    -1  -3  -3  -3  -1  -2  -3  -3  -3   4   1  -3   1  -1  -3  -2  -1  -3  -2   4    1   1   0   1   0   0   1   1   0  32  10   1   0   0   1   1   1   0   0  50  0.38 0.07
  247 A     3  -2  -2  -3  -1  -2  -2  -1  -2   0   2  -2   0   3  -2  -1  -1  -1   0   0   42   1   0   1   0   0   1   1   0   1  28   1   0  22   1   1   1   0   0   1  0.22 0.06
  248 S     2  -2  -1  -2  -2  -1  -2   4  -2  -2  -3  -1  -2  -3  -2   1   0  -3  -2  -2   30   1   0   1   0   0   1  46   0   1   1   1   0   0   1   9   8   0   0   1  0.48 0.06
  249 S     0  -2   0  -1  -2  -1  -1  -1  -2  -3  -3  -1  -2  -3  -2   6   1  -4  -3  -3    0   0   0   0   0   0   0   0   0   0   0   0   0   0   0 100   0   0   0   0  0.83 0.16
  250 L    -1  -2  -2  -2  -2  -2  -2  -3  -3   1   1  -2   4  -2  -2   0   4  -3  -2   1    0   0   0   0   0   0   0   0   0   9   8   0  21   0   0   0  55   0   0   7  0.39 0.10
  251 H    -3   3   0  -2  -4   0  -1  -3   9  -4  -4  -1  -2  -2  -3  -2  -3  -3   1  -4    0  19   0   0   0   0   0   0  81   0   0   0   0   0   0   0   0   0   0   0  1.30 0.18
  252 R    -1   2   1  -1  -3   0   2  -2  -2  -3  -3   0  -2  -4   6   0   2  -4  -3  -2    0  16   8   0   0   0  17   0   0   0   0   0   0   0  41   0  18   0   0   0  0.75 0.09
  253 G    -1  -1  -1  -1  -3   0   2   4  -2  -4  -4   2  -3  -4  -2   0  -1  -3  -3  -3    0   0   0   0   0   0  21  51   0   0   0  20   0   0   0   8   0   0   0   0  0.57 0.08
  254 E    -2  -1   0   5  -4   0   5  -2  -1  -4  -4   0  -3  -4  -2  -1  -2  -4  -3  -4    0   0   0  49   0   0  51   0   0   0   0   0   0   0   0   0   0   0   0   0  0.92 0.12
  255 E     0  -2  -1   3  -3   0   3  -2  -2  -1  -2  -1  -2  -3  -2  -1  -1  -4  -3   2    8   0   0  26   0   0  37   0   0   0   0   0   0   0   0   0   0   0   0  29  0.36 0.08
  256 E     0  -1  -1   1  -4   1   5   0  -1  -4  -3   0  -3  -4  -2   0  -1  -4  -3  -3   10   0   0   0   0   0  75   8   0   0   0   0   0   0   0   7   0   0   0   0  0.69 0.12
  257 V    -1  -2  -3  -3  -2  -2  -3  -4  -3   4   1   0   2  -1  -3  -2  -1  -3  -2   4    0   0   0   0   0   0   0   0   0  31   0   8  10   0   0   0   0   0   0  51  0.40 0.09
  258 I    -2  -4  -4  -4  -2  -3  -4  -4  -3   4   0  -4   0   2  -4  -3  -2   8   0   2    0   0   0   0   0   0   0   0   0  55   0   0   0  10   0   0   0  28   0   7  0.81 0.12
  259 L     0  -3  -4  -4  -2  -3  -3  -3  -3   2   4  -3   1   0  -3  -2  -1  -2  -2   1   13   0   0   0   0   0   0   0   0  17  70   0   0   0   0   0   0   0   0   0  0.45 0.09
  260 G     0  -1  -1   2  -3  -1   1   2  -2  -3  -3   1  -3  -4   5  -1  -1  -4  -3  -3    7   0   0  15   0   0   6  18   0   0   0  17   0   0  36   0   0   0   0   0  0.66 0.07
  261 V     2  -3  -3  -3  -1  -2  -2  -2  -3   3   0  -2   0  -2  -2   0   0  -3  -2   3   26   0   0   0   0   0   0   0   0  21   0   0   0   0   0   8   0   0   0  45  0.29 0.07
  262 H     0  -2  -2  -3  -2  -2  -2  -3   4   2   1  -2   0   3  -3  -2  -1  -2   1   1    7   0   0   0   0   0   0   1  23  22  10   0   0  18   0   0   0   0   0  15  0.22 0.06
  263 N    -1   2   2  -1  -3   4   1  -2   0  -3  -3   3  -1  -3  -2   0  -1  -3  -2  -3    1   8  17   0   0  32   0   1   0   0   1  32   0   0   0   7   0   0   0   0  0.44 0.08
  264 M     2   1   3  -1  -2   0   1  -1   3  -2  -2   1   1  -2  -2   0  -1  -3  -1  -2   25   9  22   0   0   0  10   1  13   0   1   8   8   0   0   0   0   0   0   0  0.20 0.05
  265 L    -2  -3  -3  -4  -2  -2  -3  -4   2   2   4  -3   1   2  -3  -3  -2  -2   0   1    0   0   0   0   0   0   0   0  10   9  61   0   0  13   0   0   0   0   0   7  0.40 0.08
  266 L    -1   2  -1  -2  -2   0  -1  -2   2   0   1   3   0  -1  -2  -1  -1  -2  -1  -1    1  18   1   1   0   1   1   1   7   9  25  32   0   1   1   1   1   0   0   1  0.17 0.04
  267 E     1   0   1   0  -2   2   3  -1  -1  -2  -2   2  -2  -3  -1   0  -1  -3  -2  -2   19   1   7   1   0   8  32   1   0   1   1  23   0   1   1   1   1   0   0   1  0.30 0.05
  268 S     1   0   1  -1  -2   3   1  -1  -1  -2  -1   1  -1  -2  -1   1   1  -2  -2  -1   11   0   7   0   0  29   8   1   0   0   8   8   0   0   0  15  10   0   0   1  0.23 0.05
  269 H    -1   0  -1  -2  -2  -1  -1   0   2  -1  -1   0  -1   3  -2  -1   0   0   3  -1    1   8   1   1   0   1   1   9   9   1   1   7   0  24   1   1  11   0  18   6  0.17 0.04
  270 P    -1   0  -2  -2  -2  -1  -1  -2  -2   1   0   0  -1   0   5   0  -1  -3  -1   1    1   7   0   0   0   0   0   0   0   9   9   9   0   7  33  10   0   0   0  12  0.41 0.05
  271 D    -1   1   4   4  -3   0   0  -1  -1  -4  -4   0  -3  -4  -2   2   0  -4  -3  -3    0  10  30  30   0   0   0   0   0   0   0   0   0   0   0  30   0   0   0   0  0.52 0.09
  272 S    -1  -2  -2  -2   5  -2  -2  -3  -2   0   2  -2   0  -1   2   0   1  -2   1  -1    1   0   0   0  21   0   0   1   0   0  32   0   0   0  10   9  13   0   9   1  0.26 0.06
  273 V    -1   0  -2  -2  -2  -1  -1  -3  -1   0   2   2   0   0  -2  -2  -1  -1   3   1    1   0   0   0   0   0   0   1   0   0  25  30   0   0   0   1   0   0  22  18  0.18 0.06
  274 V    -2  -3  -4  -4  -2  -3  -4  -4  -4   4   3  -3   1   0  -3  -3  -1  -3  -2   3    0   0   0   0   0   0   0   0   0  44  33   0   0   0   0   0   0   0   0  23  0.47 0.08
  275 I    -2  -3  -4  -4  -2  -3  -4  -4  -4   4   3  -3   1   0  -4  -3  -1  -3  -2   2    0   0   0   0   0   0   0   0   0  55  45   0   0   0   0   0   0   0   0   0  0.56 0.10
  276 I    -2  -3  -4  -4  -2  -3  -4  -4  -3   2   4  -3   1   0  -4  -3  -2   8   0   0    0   0   0   0   0   0   0   0   0  17  55   0   0   0   0   0   0  28   0   0  0.81 0.11
  277 V    -1  -3  -4  -4  -2  -3  -3  -4  -4   4   1  -3   0  -1  -3  -3  -1  -4  -2   5    0   0   0   0   0   0   0   0   0  31   0   0   0   0   0   0   0   0   0  69  0.59 0.11
  278 P    -2  -3  -3  -2  -4  -2  -2  -3  -3  -4  -4  -2  -4  -5   8  -2  -2  -5  -4  -3    0   0   0   0   0   0   0   0   0   0   0   0   0   0 100   0   0   0   0   0  2.40 0.19
  279 R    -2   7  -1  -3  -4   0  -1  -3  -1  -4  -3   2  -2  -4  -3  -2  -2  -4  -3  -3    0 100   0   0   0   0   0   0   0   0   0   0   0   0   0   0   0   0   0   0  1.24 0.17
  280 H    -3  -1   0  -2  -4   0  -1  -3  10  -4  -4  -2  -3  -2  -3  -2  -3  -3   1  -4    0   0   0   0   0   0   0   0 100   0   0   0   0   0   0   0   0   0   0   0  1.73 0.21
  281 P    -2  -3  -3  -3  -3  -2  -2  -3  -3   2   1  -2   0  -2   6  -2  -2  -4  -3   1    0   0   0   0   0   0   0   0   0  16  21   0   0   0  54   0   0   0   0   8  0.97 0.10
  282 H    -2  -1  -1   2  -4   2   5  -3   3  -4  -4   0  -3  -4  -2  -1  -2  -4  -2  -3    0   0   0   9   0  10  73   0   8   0   0   0   0   0   0   0   0   0   0   0  0.81 0.12
  283 H    -2   5   1  -2  -4   0   0  -3   3  -4  -3   3  -2  -3  -3  -1  -2  -4  -2  -3    0  62   9   0   0   0   0   0   8   0   0  21   0   0   0   0   0   0   0   0  0.72 0.11
  284 G     0  -2  -2  -3  -2  -2  -2   0  -2   1   2  -2   0   3  -3   0   0  -1   0   1    9   0   0   0   0   0   0   8   0   9  21   0   0  25   0   7   8   0   0  12  0.15 0.04
  285 Q    -1   1   1   1  -4   2   0  -2  -1  -3  -3   4  -2  -4   3  -1  -1  -4  -3  -3    0   0   8  10   0   8   0   0   0   0   0  58   0   0  16   0   0   0   0   0  0.57 0.10
  286 Q    -1  -1   0   2  -3   2   3  -2  -1   0  -2   1  -1  -3  -2   1   0  -3  -2   0    0   0   0  15   0   8  30   0   0   9   0   9   0   0   0  21   0   0   0   8  0.27 0.06
  287 I     1  -3  -3  -3  -2  -2  -2  -3   3   3   1  -2   0   1  -3  -2  -1  -2   0   2   17   0   0   0   0   0   0   0  13  38   7   0   0   9   0   0   0   0   0  16  0.22 0.06
  288 A     3  -2  -2  -1  -2   0   3  -2  -2   1   0  -1  -1  -2  -2   0  -1  -3  -2   0   39   0   0   0   0   0  33   0   0  19   9   0   0   0   0   0   0   0   0   0  0.24 0.08
  289 H     1   1   3   3  -3   0   1  -1   2  -3  -3   2  -2  -3  -2   0  -1  -4  -2  -3   17   6  24  21   0   0   8   0   8   0   0  16   0   0   0   0   0   0   0   0  0.34 0.06
  290 K    -1   0   3  -1  -2   1  -1  -2  -1  -1   2   2   0  -1  -2   0  -1  -3  -2  -1    0   0  21   0   0  10   0   0   0   0  43  18   0   0   0   8   0   0   0   0  0.19 0.07
  291 L     0  -3  -4  -4   5  -3  -3  -3  -3   2   3  -3   1  -1  -3  -2  -1  -3  -2   1    9   0   0   0  21   0   0   0   0   9  53   0   0   0   0   0   0   0   0   7  0.43 0.08
  292 R    -1   3  -1  -1  -3   2   2  -2   2  -2  -3   3  -2  -3  -2   0  -1  -3  -2  -2    0  25   0   0   0  10  13   0   8   5   0  33   0   0   0   7   0   0   0   0  0.40 0.07
  293 K     1   2  -1   1   1   1   1  -2  -1  -3  -2   3  -1  -3  -2   1  -1  -3  -2  -2   15   8   0   9   4   7   9   0   0   0   4  36   0   0   0   8   0   0   0   0  0.26 0.05
  294 D     2  -1   1   1  -2   1   1  -1   4  -2  -1  -1  -1   1  -2   0  -1  -2   0  -2   30   0   9   8   0   5  15   0  16   0   8   0   0   9   0   0   0   0   0   0  0.17 0.05
  295 G    -1  -1   4   1  -3  -1  -1   4   3  -4  -4   0  -3  -3  -3   0  -1  -4  -2  -4    0   0  28   5   0   0   0  48  12   0   0   8   0   0   0   0   0   0   0   0  0.60 0.09
  296 Q    -2  -3  -3  -4  -2   0  -3  -4  -3   3   3  -3   1   3  -3  -3  -2  -2   0   1    0   0   0   0   0   8   0   0   0  28  47   0   0  17   0   0   0   0   0   0  0.37 0.07
  297 S     1  -1  -1  -1  -2   1  -1  -1  -2  -2   0   1  -1  -3   2   3   1  -3  -2  -1   10   0   0   0   0   8   0   0   0   0  11   9   0   0   8  46   9   0   0   0  0.27 0.07
  298 V     1  -2  -2  -3  -2  -2  -2  -2   0  -1  -1  -2  -1   4  -3  -1   0   0   5   0   21   0   0   0   0   0   0   0   0   0   0   0   0  20   0   0   9   0  41   8  0.46 0.09
  299 A     1  -2  -1  -2  -2  -2  -2   3  -2   1  -1  -2  -1  -2  -2   1   2  -3  -2   1   18   0   0   0   0   0   0  28   0  15   0   0   0   0   0   9  21   0   0   9  0.24 0.05
  300 L     1   2  -2  -3  -2  -1  -2  -2  -2   0   2   1   0   1  -2  -1   0  -2  -1  -1   21  18   0   0   0   0   0   0   0   0  36   9   0   9   0   0   7   0   0   0  0.14 0.05
  301 R    -2   4  -2  -3  -4   0  -1  -3  -1  -3  -2   2  -2   2  -3  -2  -2   8   2  -3    0  33   0   0   0   0   0   0   0   0   0  21   0   9   0   0   0  28   9   0  0.78 0.11
  302 S     0  -1   0  -1  -2  -1   1  -1  -2  -3  -3  -1  -2  -3  -2   5   1  -4  -3  -3    0   0   0   0   0   0   9   0   0   0   0   0   0   0   0  91   0   0   0   0  0.71 0.15
  303 Q     0   1   2   1  -3   4   1  -2  -1  -3  -3   2  -1  -3  -2   1   1  -3  -2  -2   10   8   9   9   0  36   0   0   0   0   0  13   0   0   0   7   8   0   0   0  0.35 0.07
  304 N    -1  -2   4   0  -3  -1   0   3  -1  -2   0  -1  -1  -2  -2   0  -1  -3  -2  -2    1   0  38   0   0   0   7  32   0   0  19   0   0   0   0   0   0   0   0   0  0.36 0.07
  305 E     1  -1   0   4  -3   0   4  -2  -1  -3  -3   0  -2  -3  -1   1  -1  -3  -2  -2   15   0   0  28   0   0  42   1   0   0   1   0   0   0   0  10   0   0   0   0  0.49 0.07
  306 K     0   0   2   0  -1   0   1   1   0  -2  -2   1  -1  -2   0   1   0  -1  -1  -1    4   2  19   2   1   2  10  13   1   2   4  11   1   2   2  16   3   1   1   3  0.13 0.01
  307 L     0  -2   0  -2  -2  -1   0  -2  -2   0   3  -2   1   2  -2  -1  -1  -2   0   1    8   0   9   1   0   0  10   1   0   0  44   1   0  15   0   1   1   0   0   8  0.14 0.04
  308 T    -1  -2  -1  -1  -2  -1  -1  -2  -2  -2  -1  -1  -1  -2   6   1   2  -3  -2  -1    1   1   1   1   0   1   1   1   0   1   8   1   0   1  47   9  25   0   1   1  0.79 0.07
  309 P     0  -1   1  -1  -1  -1  -1   1  -1   0  -1  -1  -1   1   2   1   0  -2  -1   1    2   2   9   2   1   1   2  12   1   2   3   2   1   8  10  18   2   0   1  23  0.08 0.02
  310 R     0   2  -1  -1  -2   0   0  -2  -1  -1   1   0   0  -1   2   0   1  -2  -1  -1    9  16   1   1   0   1   9   2   1   1  23   1   1   1  11   2  17   0   1   2  0.12 0.03
  311 K    -1   0   2  -1  -2   3   0  -1   3  -3  -2   2  -1  -2  -1   2   0  -2   1  -2    1   0  12   1   0  20   1   1  10   0   1  18   0   0   0  20   6   0   8   1  0.25 0.05
  312 T    -1  -2   0   2  -2  -1   1   0   2   0  -2  -1  -1  -1  -2   0   2  -2   2   0    0   0   4  17   0   0   9   9   7  10   0   0   0   0   0   0  23   0  13   8  0.14 0.05
  313 N    -2  -1   3   5  -4   2   1  -2  -1  -4  -4  -1  -3  -4   1  -1  -1  -4  -3  -4    0   0  23  54   0  15   0   0   0   0   0   0   0   0   8   0   0   0   0   0  0.74 0.10
  314 I     0  -3  -3  -3  -1  -2  -3  -3  -3   3   1  -2   0  -1  -3   0   0  -3  -2   3    7   0   0   0   0   0   0   0   0  25  13   0   0   0   0  13   0   0   0  42  0.28 0.06
  315 Y    -2  -3  -3  -4  -2  -3  -3  -4  -1   3   2  -3   1   1  -3  -3  -1  -1   4   2    0   0   0   0   0   0   0   0   0  33  23   0   0   0   0   0   0   0  30  15  0.41 0.08
  316 V    -2  -3  -4  -4  -2  -3  -3  -4  -4   4   3  -3   1   0  -3  -3  -1  -3  -2   3    0   0   0   0   0   0   0   0   0  41  36   0   0   0   0   0   0   0   0  23  0.47 0.08
  317 V    -1  -3  -3  -3  -2  -3  -3   2  -3   1   0  -3   1  -2  -3  -2  -1  -3  -2   4    0   0   0   0   0   0   0  25   0   0   0   0   6   0   0   0   0   0   0  69  0.41 0.10
  318 D    -3  -3   1   7  -5  -1   1  -2  -2  -4  -5  -2  -4  -5  -2  -1  -2  -5  -4  -4    0   0   0 100   0   0   0   0   0   0   0   0   0   0   0   0   0   0   0   0  1.39 0.17
  319 T     1   3  -1  -1  -2   0   1  -2  -1  -2  -2   1  -2  -3  -2   1   2  -3  -2  -2   20  31   0   0   0   0   8   0   0   0   0   9   0   0   0   8  25   0   0   0  0.32 0.07
  320 L    -2  -3  -3  -4  -2  -2  -3  -4  -2   2   2  -3   5   4  -4  -3  -2  -1   0   0    0   0   0   0   0   0   0   0   0  15  18   0  36  31   0   0   0   0   0   0  0.49 0.10
  321 G    -1  -3  -1  -2  -3  -3  -3   7  -3  -5  -5  -2  -4  -4  -3  -1  -2  -3  -4  -4    0   0   0   0   0   0   0 100   0   0   0   0   0   0   0   0   0   0   0   0  1.40 0.15
  322 E    -1  -2  -2   0  -3   0   4  -3  -2   1   0  -1  -1  -2  -2  -1  -1   4  -2   1    0   0   0   0   0   0  54   0   0  16   8   0   0   0   0   0   0   7   0  15  0.38 0.09
  323 L    -2  -3  -4  -4  -2  -2  -3  -4  -3   1   4  -3   5   0  -4  -3  -2  -2  -2   0    0   0   0   0   0   0   0   0   0   0  69   0  31   0   0   0   0   0   0   0  0.64 0.12
  324 R    -1   3  -1  -2  -3   0  -1   2  -2  -2  -2   3   2  -3   2  -1  -1  -3  -2  -2    0  17   0   0   0   0   0  21   0   0   0  37  15   0  10   0   0   0   0   0  0.36 0.08
  325 E    -2  -1  -1   2  -3   2   2  -3  -1  -1   2   1   0   1  -2  -1  -1  -2  -1  -1    0   0   0  13   0  15  18   0   0   0  36   9   0  10   0   0   0   0   0   0  0.19 0.06
  326 L    -2  -3  -4  -4  -2  -3  -3  -4  -2   1   3  -3   2   4  -4  -3  -2  -1   2   0    0   0   0   0   0   0   0   0   0   6  55   0   8  21   0   0   0   0  10   0  0.46 0.08
  327 Y    -3  -3  -3  -4  -3  -3  -3  -4   1  -2  -1  -3  -2   5  -4  -3  -3   1   8  -2    0   0   0   0   0   0   0   0   0   0   0   0   0  21   0   0   0   0  79   0  1.26 0.16
  328 S     1  -2  -1  -1  -2  -1  -1   2  -2  -2  -3  -1  -2  -3   2   4   0  -3  -3   0   10   0   0   0   0   0   0  15   0   0   0   0   0   0   9  58   0   0   0   8  0.41 0.09
  329 V     3  -3  -3  -3  -1  -2  -2  -2  -3   3   0  -2   0  -2  -2  -1  -1  -3  -2   3   37   0   0   0   0   0   0   0   0  29   0   0   0   0   0   0   0   0   0  34  0.32 0.08
  330 A     4  -2  -1  -2  -1  -1  -1   2  -2  -2  -3  -1  -2  -3  -2   2   0  -3  -3  -1   66   0   0   0   0   0   0  17   0   0   0   0   0   0   0  16   0   0   0   0  0.50 0.10
  331 P    -2  -1   0   5  -3  -1   1  -2  -2  -3  -4   1  -3  -4   2   0   2  -4  -3  -3    0   0   0  61   0   0   0   0   0   0   0   9   0   0   8   5  16   0   0   0  0.67 0.10
  332 I    -2  -3  -4  -4  -2  -3  -4  -4  -4   5   3  -3   1   0  -3  -3  -1  -3  -2   2    0   0   0   0   0   0   0   0   0  62  28   0   0   0   0   0   0   0   0  10  0.54 0.09
  333 A     5  -2  -2  -2  -1  -1  -1   0  -2  -2  -2  -1  -2  -3  -1   2   0  -3  -2  -1   79   0   0   0   0   0   0   0   0   0   0   0   0   0   0  21   0   0   0   0  0.58 0.12
  334 V    -3  -4  -4  -4  -3  -4  -4  -4  -2   2   0  -4   0   7  -4  -3  -2   0   2   1    0   0   0   0   0   0   0   0   0  19   0   0   0  72   0   0   0   0   0   8  0.82 0.13
  335 I    -1  -3  -4  -4  -2  -3  -3  -4  -4   4   1  -3   0  -1  -3  -3  -1  -4  -2   5    0   0   0   0   0   0   0   0   0  30   0   0   0   0   0   0   0   0   0  70  0.59 0.11
  336 G    -1  -3  -1  -2  -3  -3  -3   7  -3  -5  -5  -2  -4  -4  -3  -1  -2  -3  -4  -4    0   0   0   0   0   0   0 100   0   0   0   0   0   0   0   0   0   0   0   0  1.40 0.15
  337 G    -1  -3  -1  -2  -3  -3  -3   7  -3  -5  -5  -2  -4  -4  -3  -1  -2  -3  -4  -4    0   0   0   0   0   0   0 100   0   0   0   0   0   0   0   0   0   0   0   0  1.40 0.15
  338 S     0  -2   0  -1  -2  -1  -1  -1  -2  -2  -3  -1  -2  -3  -2   4   4  -3  -2  -1    0   0   0   0   0   0   0   0   0   0   0   0   0   0   0  54  46   0   0   0  0.60 0.12
  339 F    -3  -3  -4  -4  -3  -4  -4  -4  -2   0   2  -4   0   7  -4  -3  -3   0   2  -1    0   0   0   0   0   0   0   0   0   0  24   0   0  76   0   0   0   0   0   0  0.92 0.13
  340 I     0  -1  -1   3  -2  -1   0  -2  -2   1  -1   2  -1  -2  -2  -1  -1  -4  -2   2   10   0   0  28   0   0   0   0   0   8   0  21   0   0   0   0   0   0   0  33  0.20 0.07
  341 P    -1   1  -1   1  -3   3   1  -2  -1  -3  -2   1  -2  -3   5  -1  -1  -2  -2  -2    1  11   1   8   0  22   8   1   0   1   2   9   0   1  30   1   1   0   1   1  0.52 0.05
  342 G    -1   2   2  -1  -3   0  -1   3   2  -3  -1   1  -2  -2  -2   0  -1  -3  -2  -2    1  15  19   1   0   0   1  30   8   1   7   8   0   0   1   7   1   0   0   1  0.26 0.04
  343 L    -1  -2  -2  -2  -1  -1  -2  -2  -2   3   2  -1   1   0  -1  -1  -1  -1  -1   2    3   2   2   2   1   2   2   3   1  35  21   2   1   1   2   3   2   0   1  15  0.14 0.02
  344 T     0  -2  -1  -1  -2  -2  -2   5  -2  -3  -3  -1  -2  -3  -2   0   0  -2  -2  -2    2   1   1   1   0   1   1  72   0   1   2   1   0   1   1   2  10   0   1   1  0.72 0.07
  345 G    -1  -3  -1  -2  -3  -3  -3   7  -3  -5  -5  -2  -4  -4  -3  -1  -2  -3  -4  -4    0   0   0   0   0   0   0 100   0   0   0   0   0   0   0   0   0   0   0   0  1.40 0.15
  346 H    -3  -1   0  -2  -4   2  -1  -3   9  -4  -4  -1  -2  -2  -3  -2  -3  -3   1  -4    0   0   0   0   0  10   0   0  90   0   0   0   0   0   0   0   0   0   0   0  1.48 0.19
  347 N    -2  -1   7   1  -4  -1  -1  -1   0  -4  -4  -1  -3  -4  -3   0  -1  -5  -3  -4    0   0 100   0   0   0   0   0   0   0   0   0   0   0   0   0   0   0   0   0  1.27 0.18
  348 L    -2  -3  -4  -4  -2  -3  -3  -4  -3   3   4  -3   1   0   3  -3  -2  -3  -2   1    0   0   0   0   0   0   0   0   0  21  64   0   0   0  15   0   0   0   0   0  0.50 0.09
  349 S    -2  -3  -3  -4  -2  -3  -3  -4  -3   2   4  -3   1   0  -3  -1  -1  -2  -2   0    0   0   0   0   0   0   0   0   0  10  82   0   0   0   0   8   0   0   0   0  0.53 0.10
  350 E    -2  -1  -1   1  -5   1   6  -3  -1  -4  -4   0  -3  -4  -2  -1  -2  -4  -3  -3    0   0   0   0   0   0 100   0   0   0   0   0   0   0   0   0   0   0   0   0  1.15 0.17
  351 A     3  -3  -3  -2  -2  -2  -2  -2  -3  -3  -3  -2  -2  -4   6   0  -1  -4  -3  -2   47   0   0   0   0   0   0   0   0   0   0   0   0   0  53   0   0   0   0   0  1.13 0.13
  352 A     2  -2  -3  -3   3  -2  -2  -2  -3   0   3  -2   0  -1  -2  -1   1  -3  -2   0   37   0   0   0  10   0   0   0   0   0  44   0   0   0   0   0   9   0   0   0  0.27 0.07
  353 A     2  -1  -2  -2   3   3  -1  -2   2  -2  -2  -1  -1   1  -2   0  -1  -1   3  -2   33   0   0   0   9  28   0   0   5   0   0   0   0   9   0   0   0   0  16   0  0.29 0.08
  354 A     1  -2  -2  -3   4  -2  -2  -2   2  -2  -1   0  -1   4  -3  -1  -2   5   3  -2   18   0   0   0  15   0   0   0   7   0   0  13   0  29   0   0   0   9   9   0  0.36 0.07
  355 G     1   1   0  -1  -3   0   2   3  -1  -3  -3   1  -2  -3  -2   2  -1  -3  -3  -3    7   9   0   0   0   0  21  34   0   0   0   8   0   0   0  21   0   0   0   0  0.38 0.06
  356 C    -1  -1   2  -2   3  -1  -2  -2  -2   2   0   0   1  -2  -3  -1   1  -3  -2   2    0   0  21   0   8   0   0   0   0  17   0   9   8   0   0   0  10   0   0  28  0.16 0.06
  357 A     0  -3  -3  -3   5  -2  -2  -3  -3  -3  -3  -2  -3  -4   7  -1   0  -4  -3  -2    8   0   0   0  21   0   0   0   0   0   0   0   0   0  62   0   9   0   0   0  1.33 0.13
  358 V    -1  -3  -4  -4  -1  -3  -3  -4  -4   3   2  -3   1  -1  -3  -3  -1  -3  -2   4    0   0   0   0   0   0   0   0   0  21  28   0   0   0   0   0   0   0   0  51  0.46 0.08
  359 I    -2  -3  -4  -4  -2  -3  -4  -4  -4   5   2  -3   3  -1  -4  -3  -1  -3  -2   2    0   0   0   0   0   0   0   0   0  80   7   0  13   0   0   0   0   0   0   0  0.64 0.12
  360 T    -2  -3  -3  -4  -2  -3  -3  -3  -2   0   0  -3   2   6  -3  -2   1   0   3   0    0   0   0   0   0   0   0   0   0   0   0   0   7  58   0   0  16   0   9  10  0.57 0.10
  361 G    -1  -3  -1  -2  -3  -3  -3   7  -3  -5  -5  -2  -4  -4  -3  -1  -2  -3  -4  -4    0   0   0   0   0   0   0 100   0   0   0   0   0   0   0   0   0   0   0   0  1.40 0.15
  362 C    -2  -2  -2  -2   3  -1  -2  -3  -3  -3  -4   2  -3  -4   7  -1  -2  -4  -4  -3    0   0   0   0   8   0   0   0   0   0   0  16   0   0  75   0   0   0   0   0  1.61 0.14
  363 H    -2  -2   0   3  -4  -1  -1  -3   7  -3  -3  -2  -2   0  -3  -2  -2  -1   5  -3    0   0   0  21   0   0   0   0  54   0   0   0   0   0   0   0   0   0  25   0  0.90 0.14
  364 V    -1  -2  -2  -3  -2  -2  -2  -3  -3   3   0  -2   4  -1  -2  -1   4  -3  -2   1    0   0   0   0   0   0   0   0   0  28   0   0  21   0   0   0  43   0   0   8  0.36 0.10
  365 G    -1  -1  -1  -2  -2   2  -1   0   3  -2  -2  -1  -1   3  -2   1   1  -1   2  -2    0   0   0   0   0  16   0   9  10   0   1   0   0  25   0  22   8   0   7   0  0.20 0.06
  366 H    -1   0   4   0  -3   0   0  -1   4  -4  -3   3  -2  -3  -2   2   0  -4  -2  -3    0   0  33   0   0   0   0   0  15   0   0  31   0   0   0  21   0   0   0   0  0.46 0.09
  367 F    -2  -1   3  -1  -3   2  -1  -2  -1  -1  -1  -1  -1   4  -3   0  -1  -1   0   1    0   0  21   0   0  21   0   0   0   0   0   0   0  33   0   6   0   0   0  18  0.26 0.08
  368 S     0  -1   2  -1  -2   1  -1  -1  -1  -1  -2   1  -1  -3   2   3   2  -3  -2   0    0   0  11   0   0   7   0   0   0   0   0   8   0   0   9  33  23   0   0   9  0.28 0.05
  369 H    -2  -2   0   5  -4   0   2  -2   2  -3  -3  -1  -3  -3  -2   0  -1  -4  -2  -1    0   0   0  59   0   0  17   0   9   0   0   0   0   0   0   7   0   0   0   7  0.65 0.09
  370 M    -2  -3  -4  -4  -2  -3  -3  -4  -3   4   3  -3   3   0  -3  -3  -1  -3  -2   2    0   0   0   0   0   0   0   0   0  50  34   0   9   0   0   0   0   0   0   7  0.46 0.07
  371 V     3  -1  -2  -3   3  -1  -2  -1  -2  -1   0   0  -1   1  -2   0  -1  -2  -1   1   56   0   0   0   8   0   0   0   0   0   7  11   0   9   0   0   0   0   0   9  0.23 0.06
  372 K     1   2  -1   0  -3   2   3  -2  -1  -3  -3   4  -2  -4  -2   0  -1  -3  -2  -2   16   9   0   0   0   9  25   0   0   0   0  42   0   0   0   0   0   0   0   0  0.43 0.07
  373 A     0   3  -1  -1  -3   0   1   2  -1  -2  -2   1   1   1  -2  -1  -1  -2  -1  -2    9  25   0   0   0   0  16  23   0   0   0   7   9  11   0   0   0   0   0   0  0.21 0.05
  374 M    -1  -2  -3  -3  -2  -2  -3  -3  -3   2   4  -2   3   0  -3  -2  -1  -2  -1   1    1   0   0   0   0   0   1   1   0  19  59   1  10   0   0   1   1   0   0   6  0.38 0.06
  375 Q    -1   1  -2  -1  -2   1   2  -3  -1   0   2   0   1  -1  -2  -1  -1  -2  -1   1    1   8   0   1   0  11  22   1   0   0  42   1   0   0   0   1   1   0   0  11  0.16 0.04
  376 Q    -1   2   0   0  -3   4   2  -2   0  -2  -1   2  -1  -2  -1   0  -1  -2  -2  -2    1   8   0   1   0  36  18   1   0   0  10  12   0   0   0   9   1   0   0   1  0.32 0.05
  377 A     1  -1   1   0  -1   0   1  -1  -1  -1  -1   1  -1  -2  -1   1   1  -2  -2   0   21   1  10   1   0   1  13   1   0   1   2   9   0   1   1  17   9   0   1  11  0.13 0.02
  378 N     0   0   3   0  -2   2   1   2  -1  -3  -2   1  -2  -3  -1   1   0  -2  -2  -2    1   1  21   1   0  11   9  23   0   1   2  15   0   1   1  11   1   0   1   1  0.26 0.03
  379 P     2  -1  -1  -1  -1   0   1   1  -1  -1  -1   0  -1  -2   2   0   0  -1  -1  -1   33   2   2   2   1   2  11  13   1   2   4   2   1   2  13   3   2   1   1   3  0.18 0.01
  380 L    -1  -1  -1  -2  -1  -1  -1   1  -2   1   2  -1   2   0  -1  -1  -1  -1  -1   1    3   2   2   2   1   1   2  14   1   2  41   2   9   1   2   2   2   0   1  10  0.10 0.02
  381 S     1  -2  -1  -1   3  -1  -1   3  -2  -2  -2  -1  -1   1  -1   1   1  -2  -1  -1    8   1   1   1  10   1   1  28   0   1   2   1   0  13   1  19  11   0   1   1  0.20 0.03
  382 V     1  -2  -2  -2  -1  -1   1  -2  -2   1   1  -2   0  -1  -2  -1  -1  -3  -2   3   16   0   0   0   0   0  12   0   0   0  10   0   0   0   0   0   0   0   0  57  0.21 0.06
  383 T     0  -2  -1   1  -1  -1  -1   0  -2   1   1  -1   0  -1  -2   0   2  -2  -2   1    1   1   1  11   0   1   1  10   0   8  22   1   0   1   1   9  21   0   0  13  0.08 0.02
  384 Q    -1   0   0   2   3   3   3  -2   0  -2  -2   2  -1  -3  -1   0  -1  -2  -2  -2    2   1   1  11   9  29  21   2   0   1   2  13   0   1   1   2   1   0   1   1  0.30 0.04
  385 V     0  -1   3  -1   3  -1  -1  -1  -1   2   0  -1   0  -1  -2   0   0  -2  -1   2   11   1  24   1   9   1   1   2   0  18   2   1   0   1   1   2   1   0   1  22  0.10 0.03
  386 S     0  -1   0   0  -2   0   3  -2  -1  -1   0   1  -1  -2  -1   2   1  -2  -2   0    1   1   1   1   0   1  34   1   0   1  10   8   0   1   1  21  11   0   0   9  0.19 0.03
  387 T     1  -2   1   2  -2  -1  -1  -1  -2  -2  -2  -1  -2  -3   2   1   3  -3  -2  -1   17   0   8  17   0   0   0   0   0   0   0   0   0   0  10   7  42   0   0   0  0.35 0.06
  388 K     2   0  -1  -1  -2   0   1   1  -1  -2  -2   3  -1  -2  -1   0  -1  -2  -2  -1   28   1   1   1   0   1  13   8   0   1   2  36   0   1   1   1   1   0   1   1  0.22 0.04
  389 L    -1  -1  -1   1  -2   0   2  -2  -1   1   1  -1   0  -1  -1  -1   0  -2  -1   0    2   1   1  11   0   1  24   1   0  18  24   1   0   1   1   1  10   0   1   1  0.11 0.02
  390 E     0   0   2   0  -2   2   2  -1   0  -2  -2   0  -1  -2  -1   0   1  -2  -1  -1   12   2  18   2   1  18  19   2   1   2   3   2   1   1   2   2  10   0   1   2  0.19 0.02
  391 L    -2  -3  -4  -4  -2  -3  -3  -4  -4   3   3  -3   1   0  -3  -3  -1  -3  -2   2    0   0   0   0   0   0   0   0   0  35  53   0   0   0   0   0   0   0   0  12  0.46 0.06
  392 K     0   0  -1  -2  -2   0   1  -2  -2   1   1   2   0  -2  -2  -1   1  -3  -2   1   10   0   0   0   0   0  10   0   0  10  23  27   0   0   0   0  12   0   0   9  0.11 0.03
  393 E    -2   2   3   3  -4   1   2  -2  -1  -4  -3   3  -2  -4  -2   0  -1  -4  -3  -3    0  10  24  18   0   0  18   0   0   0   0  30   0   0   0   0   0   0   0   0  0.46 0.06
  394 A     2  -2  -2  -2  -1  -1   0   2  -2   0   0  -1   1  -2  -2   0   1  -3  -2   1   28   0   0   0   0   0  10  17   0   0  12   0   7   0   0   0  10   0   0  17  0.13 0.03
  395 V    -1  -2  -2  -2  -2  -1   1  -3  -3   2   1  -2   0  -1  -2  -1   1  -3  -2   4    0   0   0   0   0   0  17   0   0   9   7   0   0   0   0   0  12   0   0  56  0.25 0.06
  396 D    -1  -1   0   4  -3   0   3  -2  -1  -3  -3   0  -2  -3  -2   2   2  -4  -3  -2    0   0   0  27   0   0  37   0   0   0   0   0   0   0   0  19  17   0   0   0  0.49 0.06
  397 L     0  -2   0   0  -2  -2  -2  -2  -1   0   2  -2   0   3  -3   0  -1  -1   2  -1   10   0   8   8   0   0   0   0   0   0  39   0   0  18   0  10   0   0   7   0  0.14 0.04
  398 L    -2  -3  -4  -4  -2  -3  -4  -4  -3   1   5  -3   2   0  -4  -3  -2  -2  -2   0    0   0   0   0   0   0   0   0   0   0 100   0   0   0   0   0   0   0   0   0  0.69 0.10
  399 L    -1  -2  -2  -3  -2  -2  -3  -3  -3   1   4  -2   1   0  -3   0   1  -2  -2   0    0   0   0   0   0   0   0   0   0   0  74   0   0   0   0  12  13   0   0   0  0.36 0.07
  400 S    -1   0   3   2  -2   1   1  -1  -1  -1  -2   1  -1  -3  -2   1   1  -3  -2   0    0   0  28   9   0   8   8   0   0   0   0  13   0   0   0  11  10   0   0  12  0.25 0.04
  401 N    -1  -1   4   3  -3   0   0  -1   2  -2   0   1  -1  -3  -2   1  -1  -4  -2  -2    0   0  37  18   0   0   0   0   9   0  13  12   0   0   0  10   0   0   0   0  0.32 0.05
  402 P     0   0  -1  -1  -2   2   2  -2  -1  -3  -3   2  -2  -3   4   1   1  -3  -2  -2   10   0   0   0   0  10  17   0   0   0   0  23   0   0  19   8  13   0   0   0  0.40 0.04
  403 E    -1   1   0   2  -3   1   4  -2   0  -3  -2   2  -2  -1  -1  -1  -1  -2   2  -2    1   8   0  11   0   0  43   1   0   1   1  17   0   0   1   1   1   0  14   1  0.37 0.05
  404 I    -1  -1   1  -1  -2  -1   0  -2  -1   2   1   0   0   0  -2  -1  -1  -1   2   1    1   1  10   1   0   0   9   1   0  25  16  10   0   0   1   1   1   0  11  12  0.07 0.02
  405 L    -1   4  -2  -2  -2   0  -1  -3  -1   0   2   0   0  -1  -2  -2  -1  -2  -1   1    1  42   0   1   0   0   1   1   0   1  35   1   0   0   1   1   1   0   0  14  0.25 0.04
  406 E    -1   1   0   0  -3   3   4  -2   0  -3  -3   2  -2  -4  -2   1  -1  -3  -2  -3    0   7   0   0   0  19  47   0   0   0   0   8   0   0   0  18   0   0   0   0  0.51 0.06
  407 T     2  -1   1  -1  -2   0   1  -1  -1  -2  -2  -1  -1   1   1   2   1  -2  -1  -1   30   0   8   0   0   0  13   0   0   0   0   0   0  11   7  18  11   0   0   0  0.20 0.03
  408 H    -2   1   2  -2  -3  -1  -1  -3   3  -3  -2   1  -2   1  -3  -1  -2   0   6  -2    0  11  15   0   0   0   0   0  11   0   0  13   0   0   0   0   0   0  50   0  0.51 0.07
  409 Q    -1  -1   2  -1  -2   2   1   1  -1   1  -1   0  -1  -2  -2   1   0  -3  -2   1    0   0  15   0   0  20  11  11   0  19   0   0   0   0   0  13   0   0   0  11  0.13 0.03
  410 R     0   4  -1   0  -3   2   3  -2  -1  -3  -3   1  -2  -3  -2   0  -1  -3  -2  -3    7  47   0   0   0  11  27   0   0   0   0   0   0   0   0   7   0   0   0   0  0.50 0.06
  411 A     0   1   1  -1  -2   0   1  -2   3  -1   1   2   0  -2  -2  -1  -1  -3  -1  -1   11  10   8   0   0   0  13   0  11   0  26  21   0   0   0   0   0   0   0   0  0.13 0.03
  412 S     1  -2  -1  -1  -2  -1   1   4  -2   0  -2  -1  -2  -3  -2   1  -1  -3  -3  -1   11   0   0   0   0   0  15  41   0  13   0   0   0   0   0  20   0   0   0   0  0.33 0.04
  413 K    -1   1   1  -1  -3   0   0  -2  -1  -1   1   4   0  -2  -2  -1  -1  -3  -2   0    0   0  12   0   0   0   0   0   0   0  18  58   0   0   0   0   0   0   0  12  0.26 0.06
  414 D     1  -1   0   2  -2   0   1   2  -1  -2  -2   1  -2  -3  -1   2   1  -3  -2  -2   13   1   1  13   0   1  12  15   0   1   1  10   0   0   1  21  10   0   0   1  0.21 0.02
  415 V     0  -3  -2  -3   4  -2  -3   1  -3   1   0  -2   0   3  -3  -1   1  -2   0   2    9   0   0   0  14   0   0  12   0   0   0   0   0  20   0   0   9   0   0  36  0.18 0.04
  416 Y    -2  -2  -3  -4  -3  -2  -3  -4   1  -1   1  -3   0   4  -4  -2  -2   1   7  -1    0   0   0   0   0   0   0   0   0   0  22   0   0  13   0   0   0   0  64   0  0.73 0.07
  417 E    -1   3  -1   0  -3   1   3  -2  -1  -1  -2   3  -1  -3  -2  -1  -1  -3  -2   0    0  24   0   0   0   0  34   0   0   0   0  26   0   0   0   0   0   0   0  16  0.35 0.03
  418 S     0   0   2   0  -2   2   2  -2  -1  -1  -2   2  -1  -3  -2   1   0  -3  -2   0    0   0  13   0   0  13  24   0   0   0   0  16   0   0   0  17   0   0   0  18  0.22 0.02
  419 L     2  -1   3  -1  -2  -1   1  -1  -1  -1   2  -1   0  -1  -2   0  -1  -3  -2  -1   29   0  24   0   0   0  13   0   0   0  34   0   0   0   0   0   0   0   0   0  0.14 0.03
  420 S     2  -1   0   0  -2   0   3   2  -1  -3  -3   0  -2  -3  -1   2   0  -3  -2  -2   29   0   0   0   0   0  34  16   0   0   0   0   0   0   0  21   0   0   0   0  0.32 0.02
  421 S     0  -1   2  -1  -1  -1  -1  -2  -1   0   1  -1   0  -1  -2   2   3  -3  -2   0    0   0  16   0   0   0   0   0   0   0  29   0   0   0   0  21  34   0   0   0  0.19 0.02
  422 C     2   0  -1  -1   5   0  -1  -1  -2  -2  -2   2  -2  -3  -1   2   0  -3  -2  -1   19   0   0   0  21   0   0   0   0   0   0  29   0   0   0  31   0   0   0   0  0.30 0.02
  423 I    -1  -1  -1  -1  -1  -1  -1  -1  -1   1   0  -1   0   3  -1   1   0   0   1   0    2   2   1   2   1   1   2   2   1  23   3   2   1  30   2  21   2   0   1   2  0.09 0.01
  424 I    -2  -3  -3  -4  -2  -3  -3  -4  -2   3   1  -3   0   5  -3  -3  -1  -1   2   2    0   0   0   0   0   0   0   0   0  36   0   0   0  50   0   0   0   0   0  14  0.42 0.03
  425 T    -1   0   0   3  -3   2   3  -2  -1  -3  -3   2  -2  -3  -1   0   2  -3  -2  -2    0   0   0  19   0  16  30   0   0   0   0  15   0   0   0   0  21   0   0   0  0.38 0.02
  426 N    -2   2   4   2  -3   2   0  -1   4  -3  -3   0  -2  -3  -2   0  -1  -3  -1  -3    0  19  36  15   0  16   0   0  16   0   0   0   0   0   0   0   0   0   0   0  0.43 0.02
  427 I    -1  -1   3  -1  -2  -1  -1  -2  -1   1  -1  -1  -1  -2  -2   1   4  -3  -2   0    0   0  29   0   0   0   0   0   0  21   0   0   0   0   0   0  50   0   0   0  0.28 0.03
  428 W    -2  -1  -3  -3  -3   3  -1  -3  -2  -3  -2  -1  -1   0  -3  -2  -2  11   1  -3    0   0   0   0   0  29   0   0   0   0   0   0   0   0   0   0   0  71   0   0  1.66 0.06
  429 K    -1   3   0   0  -4   1   3  -2  -1  -3  -3   4  -2  -3  -1   0  -1  -3  -2  -3    0  19   0   0   0   0  31   0   0   0   0  50   0   0   0   0   0   0   0   0  0.50 0.03
  430 L     1  -3  -3  -3  -1  -2  -3  -3  -3   3   2  -2   1  -1  -2  -1  -1  -3  -1   3   19   0   0   0   0   0   0   0   0  31  21   0   0   0   0   0   0   0   0  29  0.24 0.01
  431 L    -2  -2  -4  -4  -2  -2  -3  -4  -3   1   4  -3   2   0  -3  -3  -1  -2  -1   1    0   0   0   0   0   0   0   0   0   0 100   0   0   0   0   0   0   0   0   0  0.53 0.03
  432 N    -1   1   3   3  -3   1   1  -1  -1  -3  -3   3  -2  -4  -2   0  -1  -4  -2  -3    0   0  21  29   0   0   0   0   0   0   0  50   0   0   0   0   0   0   0   0  0.46 0.03
  433 L     0  -1   0   0  -2   0   3  -1  -1  -1   0   0  -1  -2  -1   3   0  -3  -2  -1    0   0   0   0   0   0  29   0   0   0  21   0   0   0   0  50   0   0   0   0  0.24 0.02
  434 H    -2  -1  -1  -2  -3   3   0  -3   5  -2  -2   0  -1   1  -3  -1  -2   1   5  -2    0   0   0   0   0  31   0   0  21   0   0   0   0   0   0   0   0   0  48   0  0.54 0.04
  435 I    -2  -3  -4  -4  -1  -3  -3  -4  -3   4   3  -3   1   0  -3  -3  -1  -3  -1   2    0   0   0   0   0   0   0   0   0  71  29   0   0   0   0   0   0   0   0   0  0.42 0.03
  436 F    -2  -3  -3  -3  -2  -3  -3  -3  -1   0   0  -3   0   6  -4  -2  -2   1   3  -1    0   0   0   0   0   0   0   0   0   0   0   0   0   0   0   0   0   0   0   0  0.00     0.00
  437 R    -1   5   0  -2  -3   1   0  -2   0  -3  -2   2  -1  -3  -2  -1  -1  -3  -2  -2    0   0   0   0   0   0   0   0   0   0   0   0   0   0   0   0   0   0   0   0  0.00     0.00
  438 G     0  -2   0  -1  -2  -2  -2   6  -2  -4  -4  -2  -3  -3  -2   0  -2  -2  -3  -3    0   0   0   0   0   0   0   0   0   0   0   0   0   0   0   0   0   0   0   0  0.00     0.00
  439 K    -1   2   0  -1  -3   1   1  -2  -1  -3  -2   4  -1  -3  -1   0  -1  -3  -2  -2    0   0   0   0   0   0   0   0   0   0   0   0   0   0   0   0   0   0   0   0  0.00     0.00
  440 S     1  -1   1   0  -1   0   0   0  -1  -2  -2   0  -1  -2  -1   4   1  -3  -2  -2    0   0   0   0   0   0   0   0   0   0   0   0   0   0   0   0   0   0   0   0  0.00     0.00
  441 R    -1   5   0  -2  -3   1   0  -2   0  -3  -2   2  -1  -3  -2  -1  -1  -3  -2  -2    0   0   0   0   0   0   0   0   0   0   0   0   0   0   0   0   0   0   0   0  0.00     0.00
  442 N    -2   0   6   1  -3   0   0   0   1  -3  -3   0  -2  -3  -2   1   0  -4  -2  -3    0   0   0   0   0   0   0   0   0   0   0   0   0   0   0   0   0   0   0   0  0.00     0.00
  443 H    -2   0   1  -1  -3   0   0  -2   7  -3  -3  -1  -2  -1  -2  -1  -2  -2   2  -3    0   0   0   0   0   0   0   0   0   0   0   0   0   0   0   0   0   0   0   0  0.00     0.00
  444 I    -1  -3  -3  -3  -1  -3  -3  -4  -3   4   2  -3   1   0  -3  -2  -1  -3  -1   3    0   0   0   0   0   0   0   0   0   0   0   0   0   0   0   0   0   0   0   0  0.00     0.00
  445 E    -1   0   0   1  -4   2   5  -2   0  -3  -3   1  -2  -3  -1   0  -1  -3  -2  -2    0   0   0   0   0   0   0   0   0   0   0   0   0   0   0   0   0   0   0   0  0.00     0.00
  446 C     0  -3  -3  -3   9  -3  -4  -2  -3  -1  -1  -3  -1  -2  -3  -1  -1  -2  -2  -1    0   0   0   0   0   0   0   0   0   0   0   0   0   0   0   0   0   0   0   0  0.00     0.00
  447 K    -1   2   0  -1  -3   1   1  -2  -1  -3  -2   4  -1  -3  -1   0  -1  -3  -2  -2    0   0   0   0   0   0   0   0   0   0   0   0   0   0   0   0   0   0   0   0  0.00     0.00

                      K         Lambda
Standard Ungapped    0.1369     0.3223
Standard Gapped      0.0410     0.2670
PSI Ungapped         0.1369     0.3223
PSI Gapped           0.0410     0.2670
