
Last position-specific scoring matrix computed, weighted observed percentages rounded down, information per position, and relative weight of gapless real matches to pseudocounts
            A   R   N   D   C   Q   E   G   H   I   L   K   M   F   P   S   T   W   Y   V   A   R   N   D   C   Q   E   G   H   I   L   K   M   F   P   S   T   W   Y   V
    1 M    -1  -2  -3  -3  -2  -1  -2  -3  -2   1   2  -2   7   0  -3  -2  -1  -2  -1   0    0   0   0   0   0   0   0   0   0   0   0   0 100   0   0   0   0   0   0   0  0.63 0.07
    2 A     4  -2  -1  -2  -1  -1  -1   0  -2  -2  -2  -1  -1  -2  -1   2   0  -3  -2  -1   82   0   0   0   0   0   0   0   0   0   0   0   0   0   0  18   0   0   0   0  0.46 0.05
    3 R    -2   6  -1  -2  -4   3   0  -3   0  -3  -2   2  -1  -3  -2  -1  -1  -3  -2  -3    0  82   0   0   0  18   0   0   0   0   0   0   0   0   0   0   0   0   0   0  0.80 0.06
    4 S     1  -1   0  -1  -1   0   0  -1  -1  -3  -3  -1  -2  -3  -1   5   1  -3  -2  -2    0   0   0   0   0   0   0   0   0   0   0   0   0   0   0 100   0   0   0   0  0.61 0.07
    5 I    -1  -3  -3  -4  -1  -2  -3  -4  -3   2   3  -3   1   2  -3  -2  -1  -1   0   2    0   0   0   0   0   0   0   0   0  11  56   0   0  14   0   0   0   0   0  19  0.36 0.03
    6 S     1  -2  -1  -1  -1  -1  -1  -1  -1  -1  -1  -1  -1   3  -2   3   2  -1   0  -1   12   0   0   0   0   0   0   0   0   0   0   0   0  30   0  44  14   0   0   0  0.26 0.04
    7 N    -1   0   5   0  -2   0   0   2   0  -3  -3   1  -2  -3  -2   2   0  -3  -2  -3    0   0  55   0   0   0   0  14   0   0   0  12   0   0   0  19   0   0   0   0  0.49 0.04
    8 V     1  -2  -3  -3  -1  -2  -2  -2  -2   1   1  -2   0   2  -2  -1  -1  -2   0   2   24   0   0   0   0   0   0   0   0   0  18   0   0  19   0   0   0   0   0  39  0.20 0.03
    9 K    -1   2   0  -1  -3   1   0  -2  -1  -3  -3   5  -2  -3  -1  -1  -1  -3  -2  -3    0   0   0   0   0   0   0   0   0   0   0 100   0   0   0   0   0   0   0   0  0.70 0.07
   10 I     0  -2  -2  -2  -1  -2  -2  -2  -2   2   1  -2   1   1  -2   1   0  -2  -1   1    0   0   0   0   0   0   0   0   0  23  21   0   0  10   0  32   0   0   0  14  0.15 0.02
   11 V    -1  -2  -3  -3  -2   1  -2  -4  -2   1   4  -2   2   0  -3  -2  -1  -2  -1   1    0   0   0   0   0  12   0   0   0   0  77   0   0   0   0   0   0   0   0  11  0.36 0.04
   12 S     0  -2   0  -1   4  -1  -1   2  -2  -2   0  -1  -1  -2  -2   3   0  -3  -2  -2    0   0   0   0  14   0   0  19   0   0  12   0   0   0   0  55   0   0   0   0  0.31 0.04
   13 A     3  -1  -1  -1  -1  -1  -1   0  -1   0  -1  -1  -1  -2  -1   1   0  -2  -1   1   57   1   1   1   0   1   1   1   0   1   2   1   0   1   1  15   1   0   1  14  0.23 0.02
   14 F     1  -1  -1  -1  -1  -1  -1  -1  -1  -1   1  -1   0   3   2   1   0  -1   0  -1   15   1   1   1   0   1   1   1   0   1  16   1   0  24  13  21   1   0   1   1  0.15 0.01
   15 V     1  -2  -2  -2  -1  -1  -2   1  -2   2   0  -1   0  -1  -1  -1   0  -2  -1   3   15   1   1   1   0   1   1  14   0  10   2   1   0   1   1   1   1   0   1  47  0.13 0.02
   16 S     2  -1  -1  -1  -1  -1  -1  -1  -1  -1  -1  -1  -1   2  -1   2   0  -1   0  -1   27   1   1   1   0   1   1   1   0   1   2   1   0  20   1  38   1   0   1   1  0.18 0.02
   17 R    -1   3   0   4  -4   0   2   1  -1  -3  -3   0  -2  -3  -2  -1  -1  -3  -3  -3    0  29   0  45   0   0  12  14   0   0   0   0   0   0   0   0   0   0   0   0  0.50 0.04
   18 E     1  -1   0  -1  -2   0   1   3  -1  -3  -3   1  -2  -3  -1   2   0  -3  -2  -2   10   0   0   0   0   0  11  35   0   0   0  12   0   0   0  32   0   0   0   0  0.37 0.03
   19 L    -2  -3  -3  -4  -2  -3  -3  -4  -3   3   3  -3   1   2  -3  -3  -1  -1   0   1    0   0   0   0   0   0   0   0   0  30  56   0   0  14   0   0   0   0   0   0  0.40 0.03
   20 S     0  -1   2   0  -2  -1  -1  -1   0  -3  -3  -1  -2  -1  -2   3   1  -1   3  -2    0   0  18   0   0   0   0   0   0   0   0   0   0   0   0  63   0   0  19   0  0.38 0.05
   21 N    -1  -1   4   0   4  -1  -1  -2  -1   0   0  -1  -1  -2  -2   0   0  -3  -2   1    0   0  55   0  14   0   0   0   0   0  12   0   0   0   0   0   0   0   0  19  0.33 0.04
   22 A     2  -1   0  -1  -1  -1  -1  -1  -1  -2  -2  -1  -1  -2  -1   3   3  -3  -2  -1   23   0   0   0   0   0   0   0   0   0   0   0   0   0   0  45  32   0   0   0  0.38 0.04
   23 I    -1  -3  -3  -3  -1  -3  -3  -3  -3   4   1  -2   1  -1  -3  -2   1  -3  -2   2    0   0   0   0   0   0   0   0   0  74   0   0   0   0   0   0  14   0   0  12  0.38 0.05
   24 F     0   2  -1  -2  -2  -1  -1  -2  -1  -1   0   0   0   3  -2   2   1  -1   0  -1    0  18   0   0   0   0   0   0   0   0  14   0   0  23   0  31  14   0   0   0  0.16 0.03
   25 R    -2   5  -1  -2  -3   1  -1  -3  -1  -2  -1   1   2  -2  -2  -1  -1  -3  -2  -2    0  82   0   0   0   0   0   0   0   0   0   0  18   0   0   0   0   0   0   0  0.68 0.06
   26 R    -2   6  -1  -2  -4   1   0  -3   3  -3  -3   2  -2  -3  -2  -1  -2  -3  -1  -3    0  86   0   0   0   0   0   0  14   0   0   0   0   0   0   0   0   0   0   0  0.81 0.06
   27 G     0   2   0  -1  -3  -1  -2   5  -2  -4  -3   0  -2  -3  -2   1  -1  -3  -3  -3    0  18   0   0   0   0   0  68   0   0   0   0   0   0   0  14   0   0   0   0  0.69 0.04
   28 Y    -2  -2  -3  -4  -3  -2  -3  -3   1  -1  -1  -2  -1   4  -3  -2  -2   2   7  -1    0   0   0   0   0   0   0   0   0   0   0   0   0  26   0   0   0   0  74   0  0.95 0.07
   29 A     3  -2  -1  -2  -1  -1  -1  -1  -2   1  -1  -1   0  -2  -1   1   0  -3  -2   1   49   0   0   0   0   0   0   0   0  18   0   0   0   0   0  19   0   0   0  14  0.22 0.03
   30 A     3  -2  -2  -2  -1  -1  -1   2  -2  -1  -1  -1  -1  -2  -1   0   0  -3  -2   1   63   0   0   0   0   0   0  19   0   0   0   0   0   0   0   0   0   0   0  18  0.32 0.04
   31 T     3  -1  -1  -1  -1  -1  -1   0  -1  -1  -1  -1  -1  -2  -1   1   2  -2  -1   0   59   1   1   1   0   1   1   1   0   1   2   1   0   1   1   1  26   0   1   1  0.27 0.03
   32 A     3  -1  -1  -1  -1  -1  -1   0  -1  -2  -2  -1  -1  -2   3   1   0  -2  -2  -1   50   1   1   1   0   1   1   1   0   1   2   1   0   1  20  15   1   0   1   1  0.38 0.02
   33 A     2  -1  -1  -1  -1   1   0  -1  -1  -2  -1   0  -1  -2   5   0   0  -2  -1  -1   27   2   1   2   1  15   2   2   1   2   3   2   1   1  32   2   2   0   1   2  0.46 0.02
   34 Q     1   0   2   0  -1   1   0   0   0  -1   0   0   0  -1   0   0   0  -1  -1   0   23   2  16   2   1  13   3   3   1   2  16   3   1   2   2   3   3   1   1   3  0.06 0.01
   35 G     2  -1  -1  -1  -1  -1  -1   3  -1  -1  -1  -1  -1  -1   0   0   0  -1  -1  -1   37   2   2   2   1   2   3  26   1   2   4   3   1   2   2   3   3   1   1   3  0.18 0.01
   36 S     1  -1  -1  -1  -1  -1  -1   1  -1   0  -1  -1  -1  -1  -1   1   1  -2  -1   1   16   2   1   2   1   1   2  16   1   2   3   2   1   1   2  13  13   0   1  21  0.10 0.01
   37 V     0  -1  -1  -1  -1  -1  -1  -1  -2   1   1  -1   0  -1  -1   0   2  -1  -1   1    2   2   1   2   1   1   2   2   1  13  17   2   1   1   2   2  35   0   1  13  0.11 0.01
   38 S     2   0   0   0  -1   2   0   0  -1  -1  -1   0  -1  -2   0   2   0  -2  -1  -1   22   2   1   2   1  15   2   2   1   2   3   2   1   1   2  38   2   0   1   2  0.20 0.02
   39 S     0   0   0   0  -1   0   0  -1  -1  -2  -2   2  -1  -2  -1   3   1  -2  -1  -1    2   2   1   2   1   1   2   2   1   2   3  28   1   1   2  46   2   0   1   2  0.22 0.02
   40 G     1  -1  -1  -1  -1  -1  -1   2  -1  -1  -1  -1  -1   2  -1   0   1  -1   0  -1   16   2   1   2   1   1   2  27   1   2   3   2   1  20   2   2  14   0   1   2  0.15 0.01
   41 G     1  -1   0  -1  -1  -1  -1   4  -1  -2  -2  -1  -1  -2  -1   0   1  -2  -2  -1   15   2   1   2   1   1   2  46   1   2   3   2   1   1   2   2  16   0   1   2  0.33 0.02
   42 R    -1   4  -1  -1  -2   0   0  -2  -1  -1   0   1   0  -1  -1  -1  -1  -2  -1  -1    2  57   1   2   1   1   2   2   1   2  15   2   1   1   2   2   2   0   1   2  0.31 0.02
   43 S     0  -1   0   1  -2  -1   0   1  -1  -2  -2  -1  -2  -2   3   2   1  -2  -2  -2    1   1   1  13   0   1   1  15   0   1   2   1   0   1  20  26  13   0   1   1  0.34 0.02
   44 G     0  -2   0  -1  -2  -1  -2   5  -2  -2  -2  -1  -2  -2  -1   0   1  -2  -2  -2    1   1   1   1   0   1   1  69   0   1   2   1   0   1   1   1  15   0   1   1  0.62 0.03
   45 A     3   1  -1  -1  -1   0  -1  -1  -1   0  -1   0  -1  -2  -1   1   0  -2  -1   0   46  15   1   1   0   1   1   1   0  13   2   1   0   1   1  14   1   0   1   1  0.16 0.02
   46 V    -1  -2  -2  -3  -1  -1  -2  -3  -2   2   1  -2   4  -1  -2   0   0  -2  -1   3    0   0   0   0   0   0   0   0   0  18   0   0  31   0   0  14   0   0   0  37  0.25 0.04
   47 A     1  -1  -1  -1  -2  -1   1   2  -2   0  -1  -1   2  -2  -2   1   1  -3  -2   0   11   0   0   0   0   0  12  19   0  14   0   0  14   0   0  12  18   0   0   0  0.13 0.02
   48 S     0   1   0  -1  -2   0   0   1  -1  -1  -2   3  -1  -3  -1   1   1  -3  -2   0    0   0   0   0   0   0   0  14   0   0   0  49   0   0   0  11  12   0   0  14  0.22 0.03
   49 A     2  -1   1  -1  -1  -1  -1   3  -1  -2  -2  -1  -1  -2  -1   0   0  -2  -2  -1   43   1  12   1   0   1   1  29   0   1   2   1   0   1   1   1   1   0   1   1  0.29 0.02
   50 V     0  -1   2   2  -2   0   1  -2  -1   0  -1   1  -1  -2  -2   1   0  -3  -2   1    0   0  14  12   0   0  12   0   0   0   0  14   0   0   0  18   0   0   0  30  0.14 0.02
   51 M    -1  -1  -2  -1  -2   2   2  -3  -1   0   1  -1   5  -1  -2  -1  -1  -2  -2   0    0   0   0   0   0  18  19   0   0   0  12   0  51   0   0   0   0   0   0   0  0.30 0.05
   52 K    -1   4  -1  -1  -3   1   1  -2  -1  -1  -2   3  -1  -3  -2  -1  -1  -3  -2   0    0  49   0   0   0   0  14   0   0   0   0  23   0   0   0   0   0   0   0  14  0.42 0.04
   53 K     1   2  -1  -1  -3   2   0  -2  -1  -3  -2   2  -2  -3   4   0  -1  -3  -2  -2   18  19   0   0   0  14   0   0   0   0   0  23   0   0  26   0   0   0   0   0  0.50 0.03
   54 K     0   3  -1   1  -3   0   0  -2   0  -2  -2   2  -1   0  -2  -1  -1  -1   4  -2   12  26   0   9   0   0   0   0   0   0   0  25   0   0   0   0   0   0  28   0  0.30 0.03
   55 G     2  -2  -1  -1  -1  -1  -1   2  -2  -1  -2  -1  -1  -2  -1   1   2  -3  -2   0   32   0   0   0   0   0   0  25   0   0   0   0   0   0   0  14  18   0   0  12  0.27 0.02
   56 V    -1   1  -2  -3  -2  -1  -2   2  -2   2   1  -1   2  -1  -3  -1  -1  -2  -2   1    0  12   0   0   0   0   0  26   0  18  14   0  19   0   0   0   0   0   0  11  0.16 0.02
   57 E    -1   0   0   2  -3   1   4   2  -1  -3  -3   2  -2  -3  -1   0  -1  -3  -2  -3    0   0   0  14   0   0  49  18   0   0   0  19   0   0   0   0   0   0   0   0  0.47 0.03
   58 E     1   0   0   2  -2   2   4  -1  -1  -3  -3   0  -2  -3  -1   1   0  -3  -2  -2   12   0   0  12   0  14  44   0   0   0   0   0   0   0   0  18   0   0   0   0  0.43 0.03
   59 S     0   0   0   0  -2   0   2  -1  -1  -3  -3   1  -2  -3  -1   4   1  -3  -2  -2    0   0   0   0   0   0  14   0   0   0   0  14   0   0   0  72   0   0   0   0  0.43 0.05
   60 T     1  -1   0  -1  -1   2   0   1  -1  -1  -2   0  -1  -2  -1   2   1  -3  -2   0   14   0   0   0   0  18   0  12   0   0   0   0   0   0   0  32  11   0   0  14  0.20 0.02
   61 Q     1   0   0   1  -3   2   4  -2  -1  -3  -3   0  -2  -3  -1   1   0  -3  -2  -2   12   0   0   0   0  11  58   0   0   0   0   0   0   0   0  19   0   0   0   0  0.49 0.04
   62 K     0   1   0   0  -2   1   2  -1  -1  -3  -3   3  -2  -3  -1   3   0  -3  -2  -2    0   0   0   0   0   0  18   0   0   0   0  37   0   0   0  45   0   0   0   0  0.38 0.04
   63 I     1  -1  -1  -1  -1   0   1  -2  -1   1   1  -1   0  -1  -1   0   0  -2  -1   1   13   1   1   1   0   1  20   1   0  12  19   1   0   1   1  13   1   0   0  15  0.08 0.01
   64 S     2  -2  -1  -2  -1  -1  -1  -1  -2  -2  -2  -1  -1  -2   2   2   2   6  -1  -1   25   0   0   0   0   0   0   0   0   0   0   0   0   0  12  25  19  18   0   0  0.45 0.03
   65 W    -3  -3  -4  -5  -3  -2  -3  -3  -3  -3  -2  -4  -2   0  -4  -3  -3  11   2  -3    0   0   0   0   0   0   0   0   0   0   0   0   0   0   0   0   0 100   0   0  2.78 0.12
   66 V     2  -2  -2  -3  -1  -1  -2   1  -2   1   0  -2   2  -1  -2   0   0  -3  -2   2   31   0   0   0   0   0   0  14   0   0   0   0  18   0   0   0   0   0   0  37  0.18 0.03
   67 P    -1  -3  -2  -2  -3  -2  -1  -3  -3  -3  -3  -1  -3  -4   8  -1  -1  -4  -3  -3    0   0   0   0   0   0   0   0   0   0   0   0   0   0 100   0   0   0   0   0  2.20 0.08
   68 D    -2  -2   1   6  -4  -1   1  -2  -1  -3  -4  -1  -3  -4  -2  -1  -1  -5  -3  -4    0   0   0 100   0   0   0   0   0   0   0   0   0   0   0   0   0   0   0   0  1.13 0.07
   69 P    -1  -3  -2  -2  -3  -2  -1  -3  -3  -3  -3  -1  -3  -4   8  -1  -1  -4  -3  -3    0   0   0   0   0   0   0   0   0   0   0   0   0   0 100   0   0   0   0   0  2.20 0.08
   70 K    -1   0  -2  -2  -2   2  -1  -3  -2   2   0   2   0  -2  -2  -1  -1  -3  -2   3    0   0   0   0   0  18   0   0   0  12   0  23   0   0   0   0   0   0   0  47  0.18 0.03
   71 T     0  -1   0  -1  -1  -1  -1  -2  -2  -1  -2  -1  -1  -2  -1   1   5  -3  -2   0    0   0   0   0   0   0   0   0   0   0   0   0   0   0   0   0 100   0   0   0  0.67 0.07
   72 G     0  -3  -1  -2  -3  -2  -2   6  -2  -4  -4  -2  -3  -3  -2  -1  -2  -3  -3  -3    0   0   0   0   0   0   0 100   0   0   0   0   0   0   0   0   0   0   0   0  1.20 0.06
   73 Y    -2  -2  -3  -3  -3  -2  -2  -3   1  -2  -1  -2  -1   3  -3  -2  -2   2   7  -2    0   0   0   0   0   0   0   0   0   0   0   0   0   0   0   0   0   0 100   0  1.18 0.09
   74 Y    -2  -2  -3  -3  -3  -2  -2  -3   1  -2  -1  -2  -1   3  -3  -2  -2   2   7  -2    0   0   0   0   0   0   0   0   0   0   0   0   0   0   0   0   0   0 100   0  1.18 0.09
   75 R    -2   6  -1  -2  -4   1   0  -3  -1  -3  -3   2  -2  -3  -2  -1  -1  -3  -2  -3    0 100   0   0   0   0   0   0   0   0   0   0   0   0   0   0   0   0   0   0  0.96 0.07
   76 P    -1  -3  -2  -2  -3  -2  -1  -3  -3  -3  -3  -1  -3  -4   8  -1  -1  -4  -3  -3    0   0   0   0   0   0   0   0   0   0   0   0   0   0 100   0   0   0   0   0  2.20 0.08
   77 E    -1  -1   0   3  -3   1   4  -2  -1  -3  -3   0  -2  -3  -1   1  -1  -3  -2  -3    0   0   0  18   0   0  68   0   0   0   0   0   0   0   0  14   0   0   0   0  0.65 0.05
   78 T    -1  -1   6   1  -2   0  -1  -1   0  -3  -3  -1  -2  -3  -2   1   2  -4  -2  -2    0   0  77   0   0   0   0   0   0   0   0   0   0   0   0   0  23   0   0   0  0.68 0.06
   79 G    -1   2  -1  -2   4  -1  -2   1  -1  -1  -1   0  -1   2  -2  -1  -1  -1   0   0    1  26   1   1  19   1   1  12   0   1   1   1   0  19   1   1   1   0   0  13  0.16 0.02
   80 S     3  -2  -1  -1  -1  -1  -1   2  -2  -2  -2  -1  -1  -3  -1   2   1  -3  -2  -1   43   0   0   0   0   0   0  19   0   0   0   0   0   0   0  23  14   0   0   0  0.34 0.03
   81 N     2   2   3   0  -2   0   1  -1  -1  -1  -2   0  -1  -3  -2   0   0  -3  -2   0   33  18  25   0   0   0  12   0   0   0   0   0   0   0   0   0   0   0   0  12  0.20 0.03
   82 E    -1   0  -1   1  -4   2   5  -2   0  -4  -3   0  -2  -4  -1   0  -1  -3  -2  -3    0   0   0   0   0   0 100   0   0   0   0   0   0   0   0   0   0   0   0   0  0.91 0.07
   83 I    -2  -3  -4  -3  -1  -3  -3  -4  -3   4   2  -3   1   0  -3  -3  -1  -3  -2   2    0   0   0   0   0   0   0   0   0  82  18   0   0   0   0   0   0   0   0   0  0.48 0.05
   84 D    -2  -2   1   6  -4  -1   1  -2  -1  -3  -4  -1  -3  -4  -2  -1  -1  -5  -3  -4    0   0   0 100   0   0   0   0   0   0   0   0   0   0   0   0   0   0   0   0  1.13 0.07
   85 A     3  -2  -2  -2  -1  -1  -1  -1  -2  -1  -2  -1  -1  -3   5   0  -1  -3  -2   1   48   0   0   0   0   0   0   0   0   0   0   0   0   0  38   0   0   0   0  14  0.66 0.04
   86 A     4  -2  -2  -2  -1  -1  -1   0  -2   0  -1  -1  -1  -2  -1   1   0  -3  -2   1   82   0   0   0   0   0   0   0   0   0   0   0   0   0   0   0   0   0   0  18  0.39 0.05
   87 E    -1  -1   0   3  -4   1   5  -2  -1  -3  -3   0  -3  -4  -1   0  -1  -3  -3  -3    0   0   0  24   0   0  76   0   0   0   0   0   0   0   0   0   0   0   0   0  0.78 0.06
   88 L    -2  -2  -3  -4  -2  -2  -3  -4  -3   1   4  -3   3   0  -3  -3  -1  -2  -1   1    0   0   0   0   0   0   0   0   0   0  86   0  14   0   0   0   0   0   0   0  0.52 0.05
   89 R    -2   6  -1  -2  -4   1   0  -3  -1  -3  -3   2  -2  -3  -2  -1  -1  -3  -2  -3    0 100   0   0   0   0   0   0   0   0   0   0   0   0   0   0   0   0   0   0  0.96 0.07
   90 A     2  -1  -1   0  -2   1   3  -1  -1  -2  -2   0  -2  -3  -1   2   0  -3  -2  -1   37   0   0   0   0   0  45   0   0   0   0   0   0   0   0  18   0   0   0   0  0.39 0.04
   91 A     0  -2  -2  -3  -1  -1  -2  -3  -2   2   2  -2   4   0  -2  -1   1  -2  -1   1   11   0   0   0   0   0   0   0   0  12  32   0  31   0   0   0  14   0   0   0  0.24 0.03
   92 L    -1  -2  -2  -3  -2  -1  -2  -3   3   1   3  -2   2   0  -3  -2  -1  -2  -1   1    0   0   0   0   0   0   0   0  18   0  58   0  10   0   0   0   0   0   0  14  0.31 0.03
   93 L    -2  -2  -4  -4  -2  -3  -3  -4  -3   1   4  -3   2   3  -3  -3  -2  -1   0   0    0   0   0   0   0   0   0   0   0   0  82   0   0  18   0   0   0   0   0   0  0.49 0.04
   94 N    -1   0   5   1  -3   0  -1   2   0  -3  -4   1  -2  -3  -2   0  -1  -4  -2  -3    0   0  72   0   0   0   0  14   0   0   0  14   0   0   0   0   0   0   0   0  0.63 0.05
   95 N    -2   0   4   0  -3   0   0  -1   5  -3  -3   3  -2  -3  -2   0  -1  -3  -1  -3    0   0  37   0   0   0   0   0  31   0   0  32   0   0   0   0   0   0   0   0  0.51 0.05
   96 K    -1   3   2  -1  -3   1   0  -2  -1  -3  -3   4  -2  -3  -2   0  -1  -3  -2  -3    0  19  18   0   0   0   0   0   0   0   0  63   0   0   0   0   0   0   0   0  0.52 0.05
   97 Q    -1   1   0   0  -3   6   2  -2   0  -3  -2   1   0  -3  -1   0  -1  -2  -2  -2    0   0   0   0   0 100   0   0   0   0   0   0   0   0   0   0   0   0   0   0  0.68 0.01

                      K         Lambda
Standard Ungapped    0.1224     0.3089
Standard Gapped      0.0410     0.2670
PSI Ungapped         0.1224     0.3089
PSI Gapped           0.0410     0.2670
