
Last position-specific scoring matrix computed, weighted observed percentages rounded down, information per position, and relative weight of gapless real matches to pseudocounts
            A   R   N   D   C   Q   E   G   H   I   L   K   M   F   P   S   T   W   Y   V   A   R   N   D   C   Q   E   G   H   I   L   K   M   F   P   S   T   W   Y   V
    1 M    -1  -2  -2  -3  -2  -1  -2  -3  -2   1   2  -2   6   0  -3  -2  -1  -2  -1   1    0   0   0   0   0   0   0   0   0   0   0   0 100   0   0   0   0   0   0   0  0.39 0.01
    2 K    -1   2   0  -1  -3   1   1  -2  -1  -3  -3   5  -2  -3  -1   0  -1  -3  -2  -2    0   0   0   0   0   0   0   0   0   0   0 100   0   0   0   0   0   0   0   0  0.54 0.01
    3 F    -1  -3  -3  -3  -2  -2  -3  -3  -3   2   0  -2   0   3   4  -2  -1  -2   0   2    0   0   0   0   0   0   0   0   0  24   0   0   0  24  24   0   0   0   0  28  0.37 0.01
    4 S     1  -1   0  -1   4  -1  -1  -1  -1  -2  -3  -1  -2  -3  -1   4   1  -3  -2  -2    0   0   0   0  15   0   0   0   0   0   0   0   0   0   0  85   0   0   0   0  0.48 0.04
    5 I    -1  -2  -2  -2  -2  -1  -2  -3  -2   1   1  -1   4  -1   3  -1   2  -2  -2   0    0   0   0   0   0   0   0   0   0  15   0   0  43   0  17   0  25   0   0   0  0.31 0.03
    6 S     1  -1   0  -1  -2   2   0  -1   4  -2  -2   0  -1  -2  -1   2   2  -3  -1  -2   16   0   0   0   0  12   0   0  25   0   0   0   0   0   0  32  15   0   0   0  0.30 0.02
    7 S     1  -1  -1  -1  -1   0  -1  -1  -1  -1   0  -1   4  -2  -2   3   1  -3  -2  -1   15   0   0   0   0   0   0   0   0   0   0   0  33   0   0  52   0   0   0   0  0.24 0.03
    8 L    -1  -3  -4  -4   4  -3  -3  -4  -3   2   4  -3   2   0  -3  -2  -1  -2  -1   1    0   0   0   0  16   0   0   0   0  17  67   0   0   0   0   0   0   0   0   0  0.41 0.02
    9 K    -1   4  -1  -2  -3   0  -1  -3   0  -3  -2   3  -2   0   3  -1  -1  -1   4  -2    0  33   0   0   0   0   0   0   0   0   0  26   0   0  14   0   0   0  27   0  0.43 0.03
   10 Q    -1   2  -1  -2  -2   4   0  -3  -1   1   1   0   0  -1  -2  -1  -1  -2  -2   0    0  20   0   0   0  39   0   0   0  14  27   0   0   0   0   0   0   0   0   0  0.24 0.03
   11 V    -1  -2  -3  -3  -1  -2  -2  -3  -3   3   2  -2   1  -1   2  -1   1  -3  -2   2    0   0   0   0   0   0   0   0   0  27  20   0   0   0  14   0  14   0   0  25  0.27 0.02
   12 Q     0  -1   0  -1  -2   3   0   3  -1  -3  -3   0  -2  -3  -1   3   0  -3  -2  -2    0   0   0   0   0  25   0  27   0   0   0   0   0   0   0  48   0   0   0   0  0.40 0.03
   13 P    -1  -2  -1   3  -4   0   2  -2  -2  -3  -3  -1  -3  -4   6  -1  -1  -4  -3  -3    0   0   0  27   0   0  20   0   0   0   0   0   0   0  53   0   0   0   0   0  1.07 0.04
   14 I    -1   1  -2  -3  -2  -2  -2  -3  -2   2   1  -1   0  -1   4  -1   1  -3  -2   2    0  12   0   0   0   0   0   0   0  28  11   0   0   0  23   0  12   0   0  15  0.30 0.03
   15 L    -2  -1  -3  -3  -2  -1  -2  -4  -3   2   4   1   1   0  -3  -2  -1  -2  -2   1    0   0   0   0   0   0   0   0   0  15  65  20   0   0   0   0   0   0   0   0  0.31 0.05
   16 C    -2   1   4   2   4   2   0  -2   0  -3  -2   0  -2   1  -2   0  -1  -2  -1  -2    0  10  37  11  16  13   0   0   0   0   0   0   0  13   0   0   0   0   0   0  0.32 0.05
   17 F    -2  -2  -3  -3   4   1  -2  -3  -2   0   1  -2   4   4  -3  -2  -2  -1   1  -1    0   0   0   0  14  12   0   0   0   0   9   0  32  34   0   0   0   0   0   0  0.39 0.08
   18 K     1   2  -1  -1  -3   2   2  -2  -1  -3  -3   1  -2  -3   4   1  -1  -3  -2  -2   17  13   0   0   0  14  20   0   0   0   0   6   0   0  23   8   0   0   0   0  0.46 0.06
   19 N    -1  -2   5   2  -3  -1  -1   0  -1  -2  -1  -1  -2  -3   3   0  -1  -4  -3  -1    0   0  47   9   0   0   0   5   0   0   7   0   0   0  18   7   0   0   0   6  0.49 0.10
   20 K     2  -1   3   1  -2   2   0  -1  -1  -2   0   0  -1  -3   1   0  -1  -3  -2  -2   28   0  23   9   0  15   0   0   0   0  14   5   0   0   6   0   0   0   0   0  0.21 0.07
   21 L    -1   0  -3  -3  -2  -2  -3  -3  -3   2   1  -2   5  -1  -3   0   0  -3  -2   2    0   8   0   0   0   0   0   0   0  11  12   0  31   0   0  11   3   0   0  24  0.35 0.13
   22 S     1  -2   1  -2  -2   0  -1  -2  -2  -1  -1  -1  -2  -1  -2   5   1  -4  -2  -1    8   0   5   0   0   4   0   0   0   3   4   0   0   3   0  61   8   0   0   3  0.48 0.18
   23 K     0   1  -1   1  -3   0  -1   0  -2  -2  -3   3  -2   0  -2   1   2  -3  -2  -1    5   4   0   9   0   4   0   7   0   0   0  29   0   6   0  12  21   0   0   3  0.24 0.11
   24 V     0  -2  -1  -2  -2  -1  -1   0  -2   1  -1  -1   2  -2  -1   0   1  -3  -2   2    9   0   3   0   0   0   4   7   0   9   1   4  12   0   3   7  14   0   0  26  0.13 0.09
   25 N    -1  -1   3   0  -3  -1  -1   1  -2  -3  -3   1  -2   1   4   1  -1  -3  -2  -3    1   3  23   4   0   0   1  12   0   0   1   8   0   9  25  11   0   0   0   1  0.46 0.13
   26 V     2  -1  -1  -3   1  -1  -2  -1   0   0   1  -2   5  -2   1  -1  -1  -3  -2   0   26   3   3   0   3   3   0   4   3   6   9   0  27   0   9   1   0   0   0   2  0.28 0.15
   27 N     1  -1   3   1  -2  -1   0   0   1  -2  -1   0  -1  -2   1   1   0  -3  -2  -1   11   2  18   8   0   1   5   8   4   1   9   4   2   0   6  12   6   0   0   2  0.14 0.06
   28 S     1   0   2   0   0   0   0   0   1  -2  -2   1  -2  -3   3   2   1  -3  -2  -1   10   3  11   4   2   2   4   4   5   2   1   9   0   0  13  17   8   0   0   5  0.20 0.07
   29 F     1  -2  -1  -1   1   0   1   0  -1  -1  -1  -1  -1   0   1   2   1  -2  -1  -1   14   0   2   2   4   4   9   6   1   4   7   0   0   7   5  20  12   0   0   2  0.10 0.06
   30 L     0  -1   1  -1  -3   0  -2  -2  -2   1   1  -2   6   0  -1   0  -1  -3   0   0    7   2   9   2   0   4   2   3   0   6  13   0  31   3   2   7   2   0   3   4  0.26 0.16
   31 H    -1  -1   3   0  -3   1   0  -1   3  -3  -3   1  -3  -4   3   2   1  -4  -2  -3    2   2  18   5   0   7   4   2   8   0   1   9   0   0  17  15   7   0   0   1  0.39 0.16
   32 P    -1   0   0   1  -4  -1  -1  -2  -3  -4  -3   2  -1  -4   6   0   0  -4  -2  -2    3   5   4   8   0   2   2   2   0   0   1  12   1   0  42   7   6   0   1   3  0.78 0.24
   33 K    -1   3   0   0  -4   2   1  -3  -2  -3  -2   5  -3  -4   0  -1  -1  -4  -3  -3    4  14   5   4   0   7   6   1   0   1   3  46   0   0   4   2   2   0   1   1  0.63 0.27
   34 E    -2   1   1   0  -4   0   0  -2   0  -1  -3   2  -3  -3   5  -1   0  -5  -1  -3    2   7   7   5   0   4   6   2   2   4   2  16   0   1  33   2   5   0   3   1  0.60 0.24
   35 K    -1   2   0  -1  -4  -1  -1  -2  -2  -3  -1   4  -3  -2   4  -2   0  -5  -3  -3    4  14   5   2   0   1   2   2   1   0   7  27   0   2  25   1   6   0   1   1  0.56 0.26
   36 V     2  -3  -5  -5  -2  -3  -3  -4  -5   4   2  -4   0  -3  -1  -3  -2  -2  -3   4   17   1   0   0   1   0   1   0   0  23  23   0   2   0   3   1   1   0   0  28  0.58 0.26
   37 I    -2  -3  -5  -5  -2  -5  -5  -6  -5   5   2  -5  -1   0  -2  -4  -2  -1   0   3    3   1   0   0   1   0   0   0   0  44  17   0   0   3   3   0   2   1   3  23  0.83 0.31
   38 F     1  -4  -3  -5   3  -4  -4  -3  -4   2   2  -4   0   3  -4  -2  -1  -4  -2   3   15   0   1   0   7   0   0   1   0  12  20   0   1  15   0   1   3   0   0  23  0.47 0.22
   39 V    -4  -5  -6  -6  -4  -5  -6  -6  -6   6   4  -5  -1  -1  -5  -5  -4  -5  -4   2    0   0   0   0   0   0   0   0   0  47  38   0   0   2   0   0   0   0   0  13  1.24 0.39
   40 M     2  -4  -4  -5   2  -3  -4  -2  -3   1   1  -4   5   0  -4  -1   1   1  -1   2   20   0   0   0   4   1   0   3   0   7  11   0  19   5   0   2   7   2   2  17  0.43 0.23
   41 G    -1  -6  -4  -5  -6  -6  -6   7  -6  -8  -8  -5  -7  -7  -6  -4  -5  -6  -7  -7    5   0   0   0   0   0   0  95   0   0   0   0   0   0   0   0   0   0   0   0  2.47 0.66
   42 A     0  -6  -4  -5  -2  -3  -5  -4  -6  -3  -5  -5  -6  -7   8  -2  -2  -7  -7  -6    9   0   1   0   1   1   0   1   0   2   1   0   0   0  81   2   2   0   0   0  2.42 0.66
   43 T    -4  -5  -4  -5  -5  -5  -5  -6  -6  -5  -5  -5  -5  -6  -2  -1   8  -7  -6  -4    0   0   0   0   0   0   0   0   0   0   0   0   0   0   2   3  95   0   0   0  2.43 0.74
   44 G     6  -5  -5  -5   1  -4  -3   3  -5  -5  -5  -4  -5  -6  -4  -2  -2  -6  -5  -3   70   0   0   0   3   0   1  23   0   0   0   0   0   0   0   1   1   0   0   1  1.42 0.50
   45 S     1  -4  -3  -4   2  -4  -4  -3  -4  -1  -4  -4  -4  -5  -4   5   2  -6  -5   3    8   0   0   0   4   0   0   1   0   3   0   0   0   0   0  51  12   0   0  21  0.92 0.41
   46 G    -4  -6  -1  -5  -6  -6  -6   7  -6  -8  -8  -2  -7  -7  -6  -4  -5  -7  -7  -7    0   0   2   0   0   0   0  96   0   0   0   2   0   0   0   0   0   0   0   0  2.47 0.66
   47 K    -5  -2  -4  -5  -7  -3  -3  -6  -5  -7  -7   8  -6  -7  -5  -4  -5  -7  -6  -7    0   0   0   0   0   0   0   0   0   0   0 100   0   0   0   0   0   0   0   0  2.67 0.76
   48 S    -3  -5  -3  -4  -5  -4  -4  -5  -5  -5  -5  -4  -5  -6  -5   5   6  -6  -5  -4    0   0   0   0   0   0   0   0   0   0   0   0   0   0   0  41  59   0   0   0  1.77 0.61
   49 R     3  -1   0   3  -2   0   1  -1  -2  -4  -2   0  -3  -3  -2   1   0  -4   0  -3   33   3   3  17   1   2  11   3   1   0   3   5   0   0   1   8   5   0   4   1  0.35 0.21
   50 L    -2  -5  -6  -6  -3  -3  -4  -5  -3   1   5  -4   0   0  -5  -3  -1   0  -3   0    4   0   0   0   0   1   1   0   1   7  71   1   1   3   0   1   3   1   1   5  1.05 0.38
   51 A     6  -4  -4  -4   1  -4  -4   1  -5  -2  -2  -4  -2  -5  -4   2  -1  -6  -5  -2   62   0   0   0   2   0   0   9   0   1   3   0   1   0   0  17   2   0   0   3  1.03 0.41
   52 I    -2  -4  -1  -2   0  -2  -2  -5   0   4   3  -3   2   0  -4  -3  -1  -4   0   2    2   0   3   3   2   2   2   0   3  29  26   0   6   4   0   1   2   0   3  13  0.45 0.21
   53 D     2   1   1   1  -1   1   3  -2   1  -2  -3   1   0  -3  -2   0  -1  -4  -2  -3   21   9   5   7   1   5  24   1   3   2   1   9   2   1   1   3   3   0   1   1  0.33 0.19
   54 L    -3  -5  -6  -7  -4  -5  -6  -6  -6   3   5  -5   1   0  -6  -5  -4   0  -2   1    1   0   0   0   0   0   0   0   0  15  68   0   3   4   0   0   0   2   1   6  1.22 0.40
   55 A     6  -1  -4  -5   1  -4  -4  -2  -2  -2  -4  -1  -4  -5   0  -1  -2  -5  -1  -2   71   4   0   0   2   0   0   2   1   2   1   4   0   0   5   3   1   0   3   2  1.11 0.44
   56 T    -1   3  -1  -1  -1   3   3  -2   0  -2  -2   3  -1  -5  -1  -1  -1  -5  -2  -3    4  14   2   3   2  14  18   3   2   2   5  19   2   0   3   2   3   0   2   1  0.40 0.35
   57 R     1   4   0   0  -1   1   1  -1   2  -2  -2   2   0  -4  -4   0  -1  -4   0  -2   10  22   4   4   2   5   8   4   6   2   4  11   3   0   0   6   3   0   3   3  0.27 0.26
   58 F    -1  -2  -2  -3   0  -1  -4  -2   1   1   3  -2   1   4  -5  -2  -1   1   1   0    5   2   2   2   2   2   0   3   3   7  31   2   2  19   0   2   3   2   3   7  0.36 0.29
   59 Q     0   0   1   0   2   1   0   0   2  -1  -2   0  -2   0   1   0   0   4  -1  -2    6   6   6   6   6   6   6   6   6   6   1   6   0   6   6   6   6   6   0   0  0.12 0.15
   60 G     2  -2  -3  -3   3  -3  -3   3  -3   0  -1  -3  -2  -1  -3   0   1   1  -1   2   16   2   0   0   7   0   0  25   0   5   6   0   0   2   0   6   7   2   2  17  0.30 0.19
   61 E    -2  -1   0  -1  -5   0   5  -3   0  -2  -3  -1  -4  -2   3  -1  -1  -5  -2   0    2   3   3   2   0   2  46   1   2   2   1   2   0   2  15   4   3   0   1   7  0.64 0.32
   62 I    -4  -5  -6  -6  -4  -5  -5  -6  -6   6   1  -5  -1   0  -5  -4   0  -5  -3   3    0   0   0   0   0   0   0   0   0  56  11   0   0   4   0   0   5   0   0  23  1.19 0.43
   63 I    -2  -2  -2  -3  -2  -2  -2  -3   4   2   2  -2   1   3  -3  -2  -1  -2   1   2    0   0   0   0   0   0   0   0  20  20  20   0   0  20   0   0   0   0   0  20  0.25 0.05
   64 N     0  -2   4  -1   2  -1  -1   0  -1  -3  -3  -1   0  -3  -2   4   0  -4  -3  -1    5   0  33   0   5   0   0   3   0   0   0   0   3   0   0  47   0   0   0   5  0.49 0.14
   65 S     2  -2  -2  -2   1  -1  -1   0  -2   1   1  -2   1  -1  -2   0   0  -3  -2   2   28   0   0   0   4   3   2   6   0   7  15   0   3   2   0   7   3   0   0  21  0.13 0.05
   66 D    -3  -3   0   7  -5  -2   0  -3  -2  -5  -5  -2  -4  -5  -3  -1  -2  -6  -5  -5    0   0   0 100   0   0   0   0   0   0   0   0   0   0   0   0   0   0   0   0  1.66 0.26
   67 K     2   1  -1  -1  -2  -1  -1  -1  -2  -3  -3   0  -2  -3  -2   5   1  -4  -3  -2   14   9   0   0   0   0   0   0   0   0   0   5   0   0   0  67   4   0   0   0  0.57 0.16
   68 I     1   4  -4  -5  -4  -1  -4  -4  -4   0   0  -1   7  -2  -5  -2  -3  -4   1   1   12  20   0   0   0   2   0   1   0   5   8   3  30   1   0   2   1   0   5   8  0.77 0.43
   69 Q    -3  -4  -4  -5   0   8  -3  -6  -4  -5   1  -3  -1  -6  -5  -1  -3  -6  -4  -4    1   0   0   0   2  74   0   0   0   0  12   0   1   0   0   4   1   0   0   1  2.01 0.84
   70 L    -4  -5  -6  -6   4  -5  -5  -4  -6   4   1  -5  -1   0  -5  -5  -3  -5  -3   5    0   0   0   0   8   0   0   2   0  25   9   0   1   3   0   0   0   0   1  48  1.17 0.49
   71 Y    -6  -6  -6  -7   2  -6  -6  -7  -1  -6  -6  -6  -6   0  -7  -6  -5  -1  10  -6    0   0   0   0   4   0   0   0   1   0   0   0   0   3   0   0   1   0  88   0  3.20 1.07
   72 K    -2   6  -3   0  -3   0  -2  -3   1  -4  -5   4  -3  -6   0  -1  -3  -3  -5  -5    4  41   0   6   0   4   2   1   3   1   0  27   1   0   4   5   1   0   0   0  1.01 0.49
   73 G    -2  -2   0   2   1   1   3   4   1  -5  -4  -1  -4  -3  -3  -2  -2  -3   0  -3    2   1   4  13   3   6  22  30   3   0   1   3   0   1   1   1   2   0   4   2  0.55 0.33
   74 L    -4  -5  -6  -7  -5  -5  -6  -5  -6   3   4  -5   8   2  -6  -5  -4   2  -2  -1    1   0   0   0   0   0   0   1   0  13  34   0  37   7   0   0   0   3   1   2  1.41 0.60
   75 D    -2   1   2   6  -6  -3  -2  -4  -2  -5  -5  -2  -5  -6   2   0  -1  -7  -6  -6    3   9   9  52   0   1   1   1   1   0   1   2   0   0  10   6   3   0   0   0  1.15 0.53
   76 V    -4  -5  -7  -7  -5  -7  -4  -8  -7   8  -1  -4  -3  -4  -7  -6   0  -7  -6   2    1   0   0   0   0   0   1   0   0  74   3   1   0   0   0   0   5   0   0  13  1.90 0.73
   77 L    -1  -2  -4  -5  -6  -5  -6   6  -6   1   1  -5  -4  -5  -6  -2  -2  -6  -6  -2    5   3   0   0   0   0   0  63   0   9  12   0   0   0   0   2   3   0   0   3  1.24 0.55
   78 T    -3  -6  -1  -5  -5  -5  -5  -5  -6  -4  -6  -5  -5  -7  -6   3   7  -7  -6  -4    1   0   2   0   0   0   0   1   0   1   0   0   0   0   0  22  72   0   0   1  1.97 0.86
   79 N     6  -5   1  -1  -2  -5  -5   2  -5  -5  -5  -4  -5  -6  -5  -1  -3  -6  -6  -4   72   0   6   3   1   0   0  12   0   0   0   0   0   0   0   4   1   0   0   0  1.46 0.66
   80 K    -2   4  -4  -5  -6   2  -3  -4  -4  -6  -5   7  -5  -6  -5  -2  -3  -6  -5  -4    4  20   0   0   0   8   0   1   0   0   1  61   0   0   0   2   1   0   0   1  1.55 0.67
   81 V    -1  -6  -5  -3  -6  -5  -4  -6  -3   0  -1  -5  -3  -6   8  -3  -4  -6  -6   0    4   0   0   2   0   0   1   0   1   6   6   0   1   0  69   2   1   0   0   6  1.90 0.72
   82 T    -2  -1   1   1  -4  -3  -2  -2  -2  -4  -2  -2  -3  -3   1   4   5  -5  -4  -4    1   3   6   6   0   0   2   2   1   1   5   1   0   1   6  29  35   0   0   0  0.73 0.44
   83 P     1   0  -2  -1  -2   0   1  -4  -2   0   0   2   1  -3   4  -2  -2  -4  -4   0   13   4   1   3   1   5   8   0   1   4  12  15   3   1  20   1   1   0   0   7  0.32 0.24
   84 K     2  -2  -1   1  -4   0   5  -2  -1  -4  -4   1  -4  -4  -3   1  -2  -2  -4  -3   21   1   3   8   0   4  37   2   2   1   1   7   0   0   0   9   1   1   0   1  0.65 0.40
   85 E    -4  -4  -3   2  -5   2   7  -6  -4  -5  -3  -2   0  -3  -5  -4  -2  -6   0  -5    1   0   1   9   0   7  67   0   0   1   3   2   2   1   0   0   2   0   4   0  1.48 0.69
   86 C    -3   4  -3  -4  -2   4   1  -5  -4  -3   3  -1   4  -3  -5  -3  -1  -3   0  -2    1  25   1   0   1  17   7   0   0   0  26   2  10   1   0   1   4   0   3   1  0.67 0.41
   87 R     3   2  -1   0  -1   2   1   0  -2  -3  -2   1  -2  -2  -3   1  -1  -4  -2  -2   28  10   2   5   1  10   9   5   1   1   3  11   1   1   0   8   2   0   1   2  0.29 0.23
   88 G     0   2  -1  -1  -3   1   1   3  -1  -2  -1   0  -2  -2  -3   0  -1  -4  -3  -3    9  14   3   3   0   7   9  26   1   3   7   4   1   1   0   8   3   0   0   1  0.28 0.20
   89 V     1  -5  -5  -5   0  -5  -5  -4  -2   4  -1  -5  -2  -2  -5  -3   1  -3   0   5   14   0   0   1   2   0   0   1   1  28   3   0   0   1   0   1   8   0   3  37  0.82 0.41
   90 P    -2   2  -2  -3  -4  -3  -1  -5  -2  -4  -4   3  -4  -5   7  -3  -2  -6  -5  -3    2  10   2   1   0   1   3   0   1   1   2  17   0   0  52   2   3   0   0   2  1.35 0.57
   91 H    -6   1  -4  -6  -3  -2  -5  -6  10  -7  -3  -5  -5  -5  -6  -5  -6  -6   3  -7    0   8   0   0   1   1   0   0  75   0   3   0   0   0   0   0   0   0   9   0  2.90 0.96
   92 H    -3   3  -4  -5  -4  -3  -2  -4   9   0  -3  -2  -5   1  -6  -5  -5   0   4  -3    2  14   0   0   0   0   2   1  47   5   3   2   0   6   0   0   0   1  14   2  1.56 0.63
   93 L    -3  -5  -6  -7  -5  -2  -6  -2  -5  -2   6  -6   2   2  -6  -5  -5  -1   1  -2    2   0   0   0   0   2   0   4   0   0  71   0   5   7   0   0   0   1   6   1  1.32 0.58
   94 L    -5  -6  -6  -7  -5  -6  -6  -7  -5   6   3  -6  -1   0  -6  -5  -3  -4   4   2    0   0   0   0   0   0   0   0   0  44  23   0   1   3   0   0   1   0  16  10  1.24 0.53
   95 G    -3  -5   3   7  -2  -3  -2   3  -5  -7  -7  -5  -6  -7  -5  -1  -5  -7  -4  -7    1   0  11  58   1   1   1  22   0   0   0   0   0   0   0   4   0   0   1   0  1.60 0.66
   96 V    -2  -4  -2  -2  -1  -2   0  -5   3   4   0  -4  -2   2  -5  -1  -1  -4   2   2    2   0   2   2   2   1   8   0   9  31   6   0   0   7   0   5   3   0   7  14  0.48 0.30
   97 F    -2   2  -4  -2   3  -3  -3  -5  -4   2   3  -1  -1   0  -5  -4  -2   1  -3   4    2  15   0   2   6   0   1   0   0   9  25   4   0   3   0   0   2   2   0  27  0.52 0.31
   98 D    -2  -2   1   5  -4  -1   2  -3   3  -4  -3  -2  -4  -4   1   0  -1  -3  -1  -3    3   2   7  36   0   2  16   1   6   1   2   2   0   1   7   6   3   0   2   2  0.65 0.33
   99 S     0  -5  -4  -4  -2  -4  -3  -2  -5  -1  -1  -4  -4  -4   7   0  -3  -2  -4   1    7   0   0   1   1   0   1   4   0   4   5   0   0   1  56   6   1   1   1  10  1.34 0.55
  100 E     0  -1   1   2  -1  -1   0   0   0   0   0  -1   0  -1  -1   0   0   1  -1   0    6   3   6  16   1   2   5   7   3   6  10   2   2   3   2   7   8   3   1   7  0.06 0.05
  101 A     1   0   0   0  -2   2   2   0   0  -2  -3   1  -2  -3  -2   0   2  -3  -2  -1   12   5   5   3   0  11  16   6   2   2   2   7   1   1   1   6  15   0   1   4  0.20 0.16
  102 G     0  -1  -1   2  -4   1   5   1  -2  -3  -2  -1  -3  -2  -1  -2  -2  -4  -1  -1   10   2   2  11   0   4  36  11   1   1   4   3   1   2   2   1   2   0   2   5  0.45 0.27
  103 N     0   0   2   0  -1  -1   1  -2   1   0  -2   0  -2  -2   2   1   1  -3   1  -1    5   5  13   4   1   1   8   2   4   5   2   5   0   1  12  14   9   0   5   5  0.20 0.14
  104 L    -1  -5  -5  -5  -1  -4  -5  -4  -2   2  -1  -5   1   5  -5  -4  -4   3   7  -2    7   0   0   0   1   0   0   1   1  11   5   0   3  25   0   1   0   3  37   2  1.23 0.50
  105 T    -2  -5   3   2  -3  -4  -4  -4  -5  -6  -6  -3  -5  -6  -4   6   3  -7  -6  -5    2   0  15  10   0   0   0   0   0   0   0   1   0   0   1  55  16   0   0   0  1.29 0.65
  106 A     5  -5  -5  -5  -4  -5  -4  -4  -5  -1   0  -4  -2  -5  -2  -2  -1  -6  -5   5   43   0   0   0   0   0   1   0   0   2   7   1   1   0   2   3   4   0   0  37  1.00 0.52
  107 T     4  -3  -3  -2  -4  -1  -1   3   0  -3  -4  -1  -2   2  -3  -1  -2  -4  -1  -1   36   0   1   2   0   2   4  26   2   1   0   4   1   8   1   3   2   0   2   4  0.55 0.35
  108 Q    -1   2   0   3  -3   2   3  -3   2  -2  -1   0  -1  -2  -4  -1  -2   1  -3  -3    6  11   4  19   1  10  20   1   4   3   8   4   1   1   0   3   1   2   1   1  0.36 0.25
  109 Y    -1  -6  -6  -7  -6  -6  -6  -6   1  -5  -4  -6  -2   8  -7  -6  -6   7   5  -5    5   0   0   0   0   0   0   0   3   0   0   0   1  52   0   0   0  17  19   0  2.12 0.75
  110 S     0   2   0  -3   0   4   0  -3   1   0   1   0  -1  -1  -4  -2  -2  -4   0   1    7  14   4   0   2  21   5   1   3   4  12   5   1   2   0   1   1   0   4  11  0.26 0.22
  111 R     1   3   0   1  -1   1   3  -3   1  -4  -3   2  -3  -4  -3   0   0  -4  -1  -3   10  17   3   7   1   7  17   1   3   0   2  14   0   0   0   7   6   0   2   1  0.35 0.24
  112 L    -1   2  -2   4  -1   1   2  -4  -1  -1   1  -1   0  -3  -4  -2  -3  -1  -4  -3    6  10   1  29   1   5  15   0   1   3  18   2   3   0   0   1   1   1   0   0  0.49 0.32
  113 A     6  -5  -5  -5   1  -4  -5  -3  -3  -2   0  -5   0   1  -5  -2  -2  -5   0   1   61   0   0   0   3   0   0   1   1   1  10   0   2   5   0   1   2   0   3   8  0.99 0.52
  114 S     0   3  -1  -1   0   1   0  -3  -1   1   1   1   0  -2  -3  -1   0  -2  -1  -1    8  17   2   3   2   7   7   1   1   9  14  10   2   1   0   4   7   0   2   3  0.14 0.14
  115 Q     2   2   0   1  -4   1   2  -2  -1  -3  -2   2  -2  -4  -1   0  -1  -5  -4  -2   21  13   4   8   0   6  14   2   1   1   3  15   1   1   2   4   3   0   0   2  0.33 0.24
  116 A     3   0  -3  -2   0   0   1  -3  -2   1   1   0  -2  -3  -4  -1  -1  -3  -2   0   28   4   0   2   2   3  12   0   0   8  18   7   0   0   0   4   2   0   1   7  0.25 0.23
  117 I    -3  -5  -6  -5   0  -5  -5  -7  -4   6   2  -2   3  -1  -6  -5  -3  -5  -2   2    1   0   0   1   2   0   0   0   0  48  20   2   8   2   0   0   0   0   1  14  1.13 0.49
  118 S     1   0   1   2  -4   1   3  -2  -1  -3  -2   1  -2  -3  -2   0   0  -2  -1  -3   15   4   6  11   0   6  23   3   1   0   4   8   1   1   1   8   5   1   2   1  0.29 0.22
  119 K     0   0   1   3  -5   2   4  -1   0  -4  -4   1  -3  -3  -3   0  -1  -2  -2  -4    6   4   5  18   0   8  28   5   2   1   1   7   1   1   1   8   3   1   1   0  0.49 0.30
  120 L     1  -4  -5  -4   0  -4  -2  -4  -1   6   2  -4   0  -2  -4  -3  -3  -5   0   1   10   1   0   1   2   0   3   1   2  48  17   1   1   1   1   1   1   0   3   7  0.81 0.39
  121 S    -1   1  -1  -2   0   0  -1  -3   3   1   1   0  -1   0  -1  -1   1   3   0   0    5   8   1   1   2   4   3   1  10   9  15   7   0   4   2   5   8   4   2   7  0.11 0.13
  122 A     3   1   2   0  -3   1   1  -1  -2  -4  -3   2  -3  -4  -3   2  -1  -3  -3  -3   25   6  10   5   0   7  10   4   1   1   2  11   0   0   1  15   2   0   0   1  0.36 0.26
  123 N     0   6   0  -2  -5   2   0  -1   1  -3  -4   2  -3  -5  -3   0  -2  -5  -4  -4    6  39   5   1   0   8   7   4   3   1   1  14   0   0   1   7   1   0   0   0  0.73 0.39
  124 N    -2  -2   2   0  -5  -2  -1   6   0  -5  -5   1  -3  -6  -3  -3  -1  -5  -4  -5    3   2   8   5   0   2   4  56   2   0   1   9   1   0   1   1   4   0   1   1  1.00 0.46
  125 K    -1   4   1  -2  -1   0   0   0   1  -3  -3   5  -2  -5  -3  -2  -3  -5  -4  -2    5  19   5   2   1   3   4   7   3   1   2  40   1   0   0   2   0   0   0   3  0.69 0.38
  126 L    -1   0  -1  -3  -2  -3  -3  -3  -3   3   3  -3   0  -1  -1  -3   1  -1   0   2    4   6   3   1   1   0   1   2   0  22  27   0   2   2   4   1   9   1   3  13  0.36 0.24
  127 P    -1  -6  -6  -6  -6  -4  -5  -5  -6  -4  -1  -5  -5  -2   8  -5  -3  -7  -6   0    5   0   0   0   0   1   0   1   0   1   8   0   0   2  73   0   2   0   0   6  2.12 0.80
  128 I    -4  -5  -7  -4  -3  -6  -7  -7  -7   6   3  -6   0   0  -6  -6  -4  -6  -5   3    0   1   0   1   0   0   0   0   0  52  23   0   1   4   0   0   0   0   0  18  1.38 0.57
  129 V    -3  -5  -6  -6  -4  -5  -6  -6  -6   4   4  -5   1   2  -6  -5  -4  -5  -2   3    1   0   0   0   0   0   0   0   0  23  46   0   2   9   0   0   0   0   1  17  1.08 0.47
  130 A     1  -5  -5  -3   2  -4   1  -5  -5   0  -3  -5  -2  -4  -5  -4   1  -6  -4   6    9   0   0   2   4   0   9   0   0   3   1   0   0   0   0   1   8   0   0  60  1.11 0.53
  131 G    -2  -6  -4  -5  -6  -6  -6   7  -6  -7  -7  -5  -6  -6  -6  -4  -5  -6  -6  -6    3   0   0   0   0   0   0  93   0   0   0   0   0   0   0   0   0   0   0   0  2.48 0.85
  132 G    -3  -6  -4  -5  -6  -4  -6   7  -6  -7  -7  -5  -6  -7  -6  -4  -5  -6  -6  -6    2   0   0   0   0   1   0  94   0   0   0   0   0   0   0   0   0   0   0   0  2.51 0.85
  133 S    -3  -5  -4  -4  -2  -4  -3  -5  -5  -5  -5  -4  -5  -6  -5   5   7  -6  -5  -4    1   0   0   0   1   0   1   0   0   0   0   0   0   0   0  36  58   0   0   0  1.71 0.75
  134 N    -1  -5   0  -4  -5  -4  -4   6   0   0  -3  -4   5  -4  -2  -1  -1  -3  -3  -2    3   0   4   0   0   0   0  54   2   5   1   0  15   1   2   4   4   0   1   3  1.06 0.48
  135 S    -4  -5  -5  -5  -4  -3  -5  -5  -5  -2   5  -5   4   4  -5   1  -4  -4  -1  -3    0   0   0   0   0   1   0   0   0   0  57   0  11  14   0  11   0   0   2   0  1.12 0.51
  136 Y    -6  -6  -6  -7  -7  -6  -6  -7  -3  -5   0  -6  -5   0  -7  -6  -6  -1  10  -5    0   0   0   0   0   0   0   0   0   0   8   0   0   3   0   0   0   1  86   0  3.01 1.02
  137 I    -3  -5  -4  -6  -4  -5  -5  -6  -5   4   3  -5   0   4  -6  -5  -2  -2   2   1    1   0   1   0   0   0   0   0   0  25  32   0   1  20   0   0   2   0   8   9  0.92 0.41
  138 E    -3   3   3   1  -5   3   0  -4   2  -5  -4   5  -3  -5  -4  -1  -2  -5  -2  -5    1  16  13   7   0  12   5   0   4   0   2  32   1   0   0   5   1   0   1   0  0.75 0.40
  139 A     5  -3  -3  -4   2  -4  -2  -1  -2  -4  -3  -4  -3  -4  -3   3   1  -5  -5  -2   52   1   1   0   5   0   2   3   1   1   2   0   0   0   1  22   7   0   0   2  0.93 0.50
  140 L    -2  -5  -6  -6  -3  -5  -3  -6  -5   2   5  -5   3   0  -5  -5  -2  -1  -4   2    3   0   0   0   0   0   2   0   0   8  59   0   8   3   0   0   1   1   0  12  1.03 0.47
  141 V    -1  -4  -5  -4   0  -3  -3  -5  -5   3   4  -3   1   0  -5  -2   2  -4  -4   2    5   1   0   0   2   1   2   0   0  16  41   1   2   3   0   2  13   0   0  12  0.63 0.35
  142 N    -2   2   1   2  -2   2   2  -1   2  -4  -3   1  -3   0  -4   0  -1  -4   1  -4    2  12   7  13   1   7  16   4   6   0   1   9   0   4   0   7   3   0   6   0  0.34 0.24
  143 H    -1  -3   0   1  -5  -2   0   6  -2  -4  -3  -1  -4  -3  -4  -1  -4  -6  -4  -4    4   1   4   9   0   1   6  60   1   1   2   3   0   1   1   5   0   0   0   1  1.07 0.49
  144 S    -1  -2  -1  -1  -3  -2  -3  -4  -3   1   4  -2   2   2  -1  -1  -2   3   2  -1    4   2   3   3   0   2   1   1   0   9  40   2   4   7   3   4   2   3   8   1  0.38 0.25
  145 S     1   0   0   1  -1   1   0  -2  -1  -2  -3   0  -3   1  -1   3  -1  -3   1  -2   10   5   3   9   1   6   4   2   1   2   1   7   0   5   3  29   3   0   5   3  0.26 0.22
  146 G    -1   0   0   1  -4   1   1  -1   0   0  -1  -1   0   2   1  -1  -1   5   0  -1    4   5   4   7   0   6   9   5   2   7   4   3   2  10   8   4   3   8   3   5  0.15 0.17
  147 F     0   0   0   0   0   0   0  -1  -2   1   0   0   0   0   1   0   0   3   0   0    7   4   6   5   2   4   6   5   0   9   7   6   3   5   9   4   4   5   4   6  0.05 0.06
  148 L     0  -1   0   1   1   0   1  -1   1  -1  -1  -1  -3  -1   4   0  -1  -4  -1  -1    6   3   4   9   3   5   9   4   3   3   6   3   0   3  21   8   4   0   2   5  0.24 0.21
  149 L     0   0   0   1  -3   0   1  -1  -1   0   1   0   0  -1   2   0  -1  -3  -2   0    7   4   3   8   0   4  13   4   2   4  14   6   2   2  10   5   3   0   0   8  0.09 0.12
  150 N     0   1   0   0  -1   0   1  -1   0   1  -1   0  -2   1   2   0  -1  -3  -1   0    9   7   5   4   1   4   9   5   2   9   5   5   0   7  12   5   3   0   2   6  0.08 0.10
  151 N     0   1   1   2  -5   1   1   0  -1  -2  -2   0  -1  -1   3   0  -1  -5  -1  -2    6   6   6  13   0   6   9   8   1   2   3   4   2   3  13   8   4   0   2   3  0.21 0.21
  152 Y    -2  -1   0   0  -1   3   0  -1  -1   0   0   0  -1  -1   0  -1  -1   5   2  -1    4   3   4   6   1  11   7   4   2   5   9   7   2   2   6   5   3   7   8   4  0.19 0.17
  153 D    -1   0  -1   3  -1   1   4  -3   1  -3  -3   0  -6   0   1  -2  -1   1  -2  -3    6   5   3  16   2   5  22   2   3   2   4   6   0   4   7   3   4   2   2   2  0.40 0.31
  154 C     0  -1  -1  -2   3   0   0  -3  -1   2   1  -1   0   1   0   0   0   1   1   0    7   3   3   2   5   4   6   2   2  11  13   4   2   5   6   6   5   2   5   7  0.08 0.07
  155 C    -1   4  -2  -5   3   1  -1  -3   0   0   1   1   1  -1  -2  -1  -1  -6   0   0    5  21   2   0   5   7   3   3   2   5  13   7   3   3   3   4   3   0   3   6  0.34 0.23
  156 F     0   2   1   0  -1   1   0  -2   1   0   0   1   0   0  -2  -1  -1   1   1   0    9  14   6   6   1   5   7   2   3   5   8   8   2   4   1   3   2   2   5   6  0.08 0.09
  157 I     1   0   0   1  -1   1   1  -2   1   1   0   0   0   0   0  -1  -1  -2  -1  -1   11   6   4   7   1   6  11   2   3  10  10   6   2   4   3   4   4   0   2   4  0.05 0.07
  158 W     1  -2  -2  -2  -1   1   0   0  -2  -1   1   0   0   1   1  -1  -2   5   0   1   13   2   2   2   1   6   6   7   1   3  12   6   2   6   6   3   2   8   4  10  0.15 0.14
  159 V    -1   1  -1  -1  -2   0   0  -3  -2   1   3   0   2   0  -3  -1  -1  -3  -2   0    4   7   3   4   1   4   5   2   1   6  32   5   6   3   1   5   3   0   1   7  0.21 0.17
  160 D     0   0   1   1  -3   1   2  -1   1  -2  -2   1   0  -3   3   0  -1  -3  -1  -2    6   6   6   8   0   5  13   4   3   2   4   7   3   1  15   7   3   0   2   3  0.22 0.18
  161 V     1   0   0  -1   0   0   1  -1  -1   1   1  -1   1  -2   0   0  -1  -1  -1   0   12   4   4   4   2   5  10   4   1   8  15   3   4   1   5   7   3   1   2   6  0.04 0.07
  162 S     1  -1   0   2  -2  -1   1   0   1  -1  -1   0  -1  -3   2   1  -1  -1  -2  -1   13   2   4  11   1   2  10   6   4   3   6   4   1   1   9  10   4   1   1   4  0.13 0.14
  163 L    -1   2   0   3  -4   1  -1  -3  -2  -1   1   0   0  -1   0  -2  -1  -1   0  -1    4  11   5  19   0   7   3   2   1   4  13   6   3   3   5   2   4   1   3   4  0.18 0.20
  164 P     0   0  -1  -1  -6   0   3  -5  -3  -4  -5   1  -3  -4   6  -2  -2  -6  -3  -4    8   4   3   4   0   4  16   1   1   1   1   9   1   1  39   3   2   0   1   1  0.95 0.62
  165 V     1  -1  -1   1  -4   1   3  -1   0   0  -1   1   0  -2  -1  -1   0  -2  -2   0   11   3   2   7   0   8  18   4   2   5   6   9   2   2   2   4   6   1   1   8  0.14 0.18
  166 L     0  -1  -4  -2  -2  -2  -3   0  -2   2   3  -2   0   0  -3  -1  -1  -2   1   1   10   4   0   2   1   2   1   9   1  12  27   2   2   4   1   5   3   1   5  10  0.23 0.22
  167 N     0   4   1   3  -2  -2  -1  -3   2  -3  -1   0  -1   0  -1  -2  -1   0   3  -3    8  23   7  14   1   1   3   1   4   1   5   6   2   4   4   2   3   2  10   1  0.39 0.34
  168 S     2   0  -1   0  -5   2   3  -3   0  -2  -4   1  -4  -4   2   0  -1  -5  -1  -2   20   5   3   4   0   8  20   1   2   2   1   7   0   1  10   7   3   0   2   2  0.39 0.37
  169 F     1   4   2  -2  -3   1   2  -3   0  -3  -1   1  -2  -1  -4  -1  -2  -5   1  -2   11  23   8   1   1   5  13   1   2   1   7   9   1   3   1   3   2   0   5   3  0.35 0.32
  170 V    -1  -2  -2  -2  -5  -3  -4  -5  -3   5   3  -4   0   0  -4  -4  -3   3  -2   1    5   2   3   3   0   1   1   1   1  32  29   1   2   3   1   1   1   4   1   9  0.75 0.47
  171 S     1   4   1   0  -1   0   1  -4   3  -2  -1   1  -3  -2  -3  -1  -1   2   0  -3   11  20   8   5   1   4  11   0   6   2   7   7   1   1   1   5   4   3   4   1  0.30 0.28
  172 K     2   2   0  -2  -6   4   1  -2  -2  -3  -3   3  -1  -3  -3  -2  -2  -6  -3  -4   17  11   4   1   0  21   9   2   1   2   3  19   1   1   1   3   2   0   1   1  0.54 0.45
  173 R    -4   7  -2  -3  -4   3   1  -6  -5  -4  -4   1  -5  -3  -4  -3  -3  -6  -2  -3    2  54   2   2   1  10  10   0   0   1   2   7   0   1   1   2   1   0   2   2  1.35 0.78
  174 V     1  -4  -5  -4  -1  -2  -3  -4  -3   2   3  -3   0  -1  -2  -3   0  -2  -1   3   12   1   0   1   1   2   2   1   1  11  31   1   2   2   2   1   7   1   2  21  0.50 0.36
  175 D     1   0   0   4  -3   1   2  -1  -1   0  -2   0  -1  -3  -4  -1  -1  -5  -4  -1   14   5   4  21   1   5  15   4   1   6   4   5   2   1   1   5   3   0   0   4  0.30 0.28
  176 R     0   5   0   0  -4   3   2  -4  -3  -4  -1   1  -3  -5  -2  -2  -2  -2  -2  -3    7  26   5   4   0  13  15   1   0   1   6   9   0   0   3   3   3   1   1   2  0.54 0.43
  177 M     2  -1  -3  -2  -3  -1   2  -4  -2   0   1  -1   6  -2  -4  -3  -3  -3  -3  -1   17   3   1   2   1   3  16   1   1   5  14   3  22   1   1   2   1   0   1   5  0.57 0.43
  178 M     0  -3  -3  -3  -3  -2  -3   3  -1   1   3  -3   0   0  -5  -2  -1  -1   1  -1    7   1   1   1   0   2   2  20   1   8  31   2   2   4   0   2   3   1   5   4  0.38 0.30
  179 E     2   0   0   1  -2   1   4  -1  -2  -2  -3  -1  -4  -5   0  -1  -2   4  -4  -1   14   5   4   7   1   5  29   5   1   2   3   4   0   0   4   3   2   5   0   5  0.41 0.35
  180 A     1  -1  -1   0  -1   1   2  -1   2   0  -2   0  -2  -3   1   0   0  -4  -1   1   15   3   3   4   1   6  12   5   5   5   4   6   1   1   6   6   4   0   2  10  0.10 0.14
  181 G     2   0   0  -1  -3  -2  -1   4  -2  -1  -3  -1  -3  -2  -3   0  -3  -2   2  -2   16   4   4   4   1   2   3  34   1   3   3   4   1   2   1   6   1   0   7   3  0.47 0.34
  182 L    -1  -4  -4  -3  -2  -4  -3  -4  -5   2   5  -3   3   0  -3  -3  -3  -1  -2   0    5   1   1   2   1   1   2   2   0   9  52   1   6   4   2   2   1   1   1   6  0.81 0.48
  183 L    -3  -4  -2  -4  -4  -2  -3  -4   6   2   4  -4   0   1  -4  -3   0  -1   1   0    2   1   2   1   0   1   1   1  17  11  33   1   2   6   1   2   5   1   4   6  0.67 0.43
  184 E     1   1  -2   3  -3   2   4  -2   2  -5  -4   0  -2  -3  -1   0  -2  -2   0  -5   11   7   2  16   1   7  23   2   5   0   2   6   1   1   3   6   3   1   3   0  0.45 0.37
  185 E    -3   3  -3   1  -6   1   6  -5  -2  -4  -2   0  -1  -6   0  -3  -2  -6  -3  -4    3  12   1   7   0   5  45   1   1   1   4   6   2   0   5   2   3   0   1   1  0.89 0.60
  186 V     1   1  -3  -2  -2  -3  -3  -4  -2   2   4  -3  -1  -2  -2  -2  -1  -4   0   2   10   8   1   2   1   1   1   1   1   9  34   1   1   1   2   2   4   0   4  14  0.40 0.31
  187 R     1   3  -1   0  -1   1   1  -4  -1  -3   0   3  -3  -3  -3   0  -1  -5  -2  -2   13  16   2   4   2   7  10   1   1   1  11  17   0   1   1   6   3   0   1   3  0.31 0.29
  188 E     2   2   0   0  -2   1   2  -1  -1  -4  -3   2  -2  -2  -1  -1  -1   3  -2  -3   15  10   5   5   1   6  16   5   1   1   2  14   1   2   3   5   3   4   2   1  0.29 0.27
  189 V     0  -3  -3  -4  -2  -1  -1  -3  -5   3   4  -3   1  -1  -3  -2  -1  -1  -4   2    7   2   2   1   1   3   5   2   0  14  36   2   3   2   1   3   3   1   0  12  0.46 0.32
  190 F    -2   0  -2   0   0  -1  -2  -3   2   0   1   0  -1   2  -3  -1  -1   2   3   0    3   6   2   6   2   3   2   2   5   6  16   7   1   9   1   5   3   3  13   5  0.19 0.16
  191 N     0  -1   1   5  -5  -1   1  -2  -1  -2  -4   0  -4  -5  -1   0  -2  -5   1  -3    9   4   7  36   0   2   9   2   1   2   2   5   0   0   4   6   2   0   6   2  0.63 0.45
  192 P    -1   1  -1  -3  -3   2   0  -3   0  -2  -1   0  -1  -3   6  -1  -2  -1  -1  -2    6   8   3   2   1   8   6   2   2   2   6   6   2   1  33   5   2   1   2   2  0.60 0.43
  193 K     0   2   0   0  -3   1   1   1   0   0  -2   1  -2  -1   0  -1   0  -3   0   0    7  12   5   5   0   6  10  10   2   5   3   9   0   3   4   3   5   0   4   7  0.10 0.12
  194 A     2  -2  -2  -1  -2  -2  -1  -1  -1   2   0  -1   0  -1   1   1  -1  -1   3  -1   21   2   1   4   1   2   3   4   1  11   9   3   2   2   7   9   4   1  11   3  0.19 0.22
  195 N     3  -1   3   2  -4   0   0   0  -1  -1  -1  -1  -3  -4   1  -1  -2  -5  -2  -2   28   4  13  10   0   4   5   6   2   3   5   3   0   1   6   3   2   0   1   3  0.30 0.29
  196 Y     2   2  -1   0  -3   0   1  -3   4  -4  -3   1  -4  -1   1  -1  -1   0   2  -3   16  11   2   6   1   4   9   2  11   1   2   9   0   3   6   4   4   1   6   1  0.31 0.28
  197 S     0   4   0   0  -3  -1   0  -3   1  -2  -2   0  -3  -4   3   0   1  -3  -3  -3    7  25   4   6   0   3   7   2   3   2   4   4   1   1  13   7   8   0   1   2  0.37 0.32
  198 V    -2   0   2  -1   0  -1  -2  -4  -1   3   2  -2   0   0  -1  -2  -1  -4  -2   1    2   6  12   3   2   3   2   1   1  18  21   2   2   4   3   3   4   0   1   9  0.24 0.22
  199 G    -1  -2   2   5  -6   1  -2   0   1  -2  -3   0  -5  -4   3  -1  -2  -6  -4  -4    4   2  10  30   0   6   2   7   3   3   3   5   0   1  17   4   2   0   1   1  0.65 0.46
  200 I     2  -1  -2  -3  -2  -1  -2  -1  -1   1   1  -2   0  -2   2   1   0  -2  -2   0   20   4   2   1   1   2   2   4   2  10  14   2   2   1   9  11   5   1   1   7  0.17 0.19
  201 R    -2   3  -2  -4  -5   3  -2  -4   0  -1   0   1   5   1  -3  -2  -3   0  -1  -1    3  16   2   1   0  15   2   1   3   3  10   9  16   5   1   3   1   1   2   4  0.52 0.40
  202 R    -4   7   0  -2  -2   2  -3  -4  -5  -2  -2   2   0  -4  -6  -3  -6  -7  -3  -4    1  52   5   2   1   8   2   1   0   2   5  12   2   1   0   2   0   0   1   2  1.31 0.77
  203 A     3  -3  -3  -3   1  -3  -2   0  -5   3   0  -3  -1  -4  -3  -1   2  -5  -3   1   21   1   1   1   3   1   3   9   0  19   9   2   1   0   1   5  13   0   1   9  0.36 0.31
  204 I    -2  -5  -4   0  -4  -1  -3  -4   1   6   1  -4   0  -3  -6  -3  -2  -6  -3   3    4   0   1   5   0   3   2   1   4  45  10   1   2   1   0   2   2   0   1  16  0.93 0.54
  205 G    -5   6  -6  -5  -9  -4  -2   6  -3  -9  -5  -3  -8  -9  -8  -6  -6  -8  -8  -5    1  42   0   1   0   0   3  49   1   0   1   1   0   0   0   0   0   0   0   1  1.92 1.02
  206 V     5  -4  -4  -6  -7  -7  -7  -5  -4  -1  -1  -7  -3   0  -7  -4  -6   5   7   1   38   1   1   0   0   0   0   0   0   4   5   0   1   3   0   1   0   7  31   8  1.39 0.83
  207 P    -2   3  -2  -6  -3  -1  -2  -5  -4   0   4   3  -3  -4   2  -4  -4  -6  -2  -2    3  14   2   0   1   3   2   1   0   6  34  18   0   0  10   1   0   0   2   3  0.64 0.48
  208 E     0  -2  -6  -3  -9   2   7  -5  -4  -9  -9  -3  -5  -3  -7  -6  -4  -9  -4  -8    7   3   0   1   0   7  76   1   0   0   0   2   0   1   0   0   1   0   1   0  2.14 1.17
  209 L    -2  -4  -6  -6   0  -4  -1  -7  -6   4   2  -4   3   1  -6  -4  -2  -3  -3   5    4   1   0   0   2   0   5   0   0  20  17   1   6   6   0   1   3   0   1  33  0.83 0.51
  210 H     0  -3  -2  -1   1  -2  -2  -4   3   2   0  -1  -1   4  -5  -4  -3   2   4   0    8   1   2   3   3   1   3   1   8  12   9   4   2  19   0   1   2   3  12   5  0.47 0.34
  211 E     2   2  -2   2  -4   1   3  -2  -1  -4  -2   1  -2  -3   2  -1  -2  -4  -2  -3   16  10   1  10   0   5  22   3   1   1   4   7   1   1   9   4   2   0   1   2  0.37 0.30
  212 Y    -1   0  -5  -4  -4  -2  -3  -3   4  -3  -1  -2   0   3  -5  -3  -3   2   7  -1    5   6   1   1   0   2   2   2   9   2   7   2   2  10   1   2   1   2  40   4  1.09 0.59
  213 L    -1  -4  -6  -5  -4  -3  -4  -5  -3   2   5  -5  -1   4  -6  -3  -2  -2  -1  -1    5   1   0   1   0   1   1   1   1  10  51   1   1  14   0   2   3   1   2   3  0.96 0.56
  214 R     0   2   0   2  -3   0   1  -1  -2  -1  -3   1  -1  -2  -1   0   2  -4  -2  -3    7  13   4  13   1   4   8   4   1   4   2   8   2   2   3   8  16   0   1   1  0.24 0.23
  215 N    -1  -3   2  -1  -5  -1  -2   6   0  -1  -4   0  -5  -5  -3  -3  -2  -5  -5  -4    6   1   9   3   0   3   3  53   2   4   2   5   0   1   1   2   3   0   0   1  1.00 0.56
  216 E    -2   1   1   0  -3   2   3  -2  -1  -3  -3   4  -1  -4  -2  -1  -1  -2  -2  -3    3   7   7   5   1  10  21   3   1   2   3  22   1   1   2   3   3   1   2   2  0.46 0.34
  217 S     1  -1  -3  -2  -1   0  -2  -1  -2   2   1  -1   1   0   3   0   0   0   1   0   10   3   1   2   1   4   2   4   1  12  12   4   4   4  13   6   6   1   5   4  0.13 0.14
  218 L     0   1   0   1  -3   0  -1  -1  -2   0   0   0   1   0   1   1   2  -1  -2  -1    6   8   4   8   0   3   4   4   1   7   8   5   4   4   7  10  13   1   1   3  0.07 0.10
  219 V     0   0  -1  -1  -1   0   0  -1   0   1   0   0   0   0  -1   1   0   1   1   1    5   5   3   3   1   2   6   4   3   9  12   5   2   3   3  11   7   2   5   9  0.02 0.04
  220 D     0  -2   0   4  -2   0   3  -2   0  -2  -1  -1  -1  -2  -1   0  -1   3  -1  -2    8   2   4  22   1   3  17   3   2   3   7   4   1   1   4   7   4   4   2   2  0.31 0.22
  221 R    -1   1  -1   0  -3   1   2  -2   1  -2   0   0  -1   1   3  -1  -1   0  -1  -2    6   8   2   6   0   7  13   3   3   2  11   5   2   6  14   3   4   1   2   2  0.18 0.16
  222 A     2  -1  -1  -2  -2   1   0  -1  -1  -1   0  -1   4  -2   0   0  -1  -1  -1   0   16   3   3   2   1   8   7   4   1   3   9   4  11   2   6   7   4   1   2   6  0.14 0.14
  223 T     0   1   0  -1  -2   0   0  -1   0   0   0   0   2  -1   0   0   2  -1  -1   0    7   9   4   4   1   4   5   4   2   6   9   6   5   2   4   6  13   1   2   6  0.06 0.07
  224 K     1   1   0  -1  -2   0   2   0   0  -2  -1   1   0  -1   1   0  -1  -2   0  -2   15   8   3   3   1   3  13   6   2   2   7  11   3   2   6   6   3   0   3   3  0.11 0.11
  225 S     1   1   0   0   0   1   0  -1   0  -1  -1   0  -1   0   0   0  -1   1   0  -1   17   9   5   5   2   7   6   4   3   4   5   7   1   4   4   6   3   2   3   3  0.07 0.08
  226 K    -1   2  -1  -1  -3   1   0   2   1   0  -1   0  -2  -2   1   0   0   0   0  -2    5  11   2   4   0   6   6  15   4   6   5   6   1   1   8   7   7   1   3   2  0.12 0.12
  227 M     0  -1  -2  -1  -2  -1  -1   0  -2   1   2  -1   1  -1   1   1   0  -2  -1   0    7   3   1   3   1   3   3   6   1   8  18   3   4   2   8  15   5   1   2   5  0.10 0.13
  228 L     0  -2  -1  -4   1  -2  -2  -4   0   1   4  -2  -1   1  -3  -3  -3   1   2   0   10   2   3   1   3   2   2   1   2   7  38   2   1   6   1   2   2   2   8   6  0.43 0.30
  229 D    -1  -2   1   4  -5  -1   4  -3  -4  -3  -3   0  -4  -4   3  -1  -2  -5  -2  -4    6   2   7  22   0   3  26   2   0   2   3   4   0   1  13   4   3   0   2   1  0.66 0.43
  230 V    -1  -2   0   1  -2   1   4  -3  -1  -1  -1   0  -1  -1  -1  -1   0  -4  -2  -3    6   2   5   6   1   6  32   2   1   4   7   7   1   3   3   5   7   0   2   2  0.37 0.30
  231 A     4  -2  -2   1   1  -3  -3  -1  -3   0   0  -3  -1  -2   1  -1  -1  -4  -1  -1   41   2   2   8   3   1   1   4   1   5   9   1   2   2   6   3   3   0   2   3  0.48 0.35
  232 V    -1  -3  -4  -4  -2  -2  -2  -4  -3   4   0  -1   0  -1  -2  -1  -2  -4   2   3    6   2   1   1   1   2   3   2   1  28   9   4   2   3   2   5   3   0   6  21  0.48 0.30
  233 K     0   0   2   1  -4   3   4  -3   1   0  -3   0  -2  -2  -3  -1  -1  -4  -2  -2    7   6   9   9   0  12  24   2   3   6   3   5   1   2   1   4   3   0   1   2  0.35 0.29
  234 N     0   3  -1  -2  -1   1  -1   1  -1  -1   1   2  -1  -2  -2  -1  -1  -3   0  -1    7  15   3   2   1   6   4   9   1   4  15  12   1   1   1   5   3   0   3   4  0.14 0.15
  235 I     0  -4  -4  -4  -2  -3  -4  -1  -4   5   3  -3   0   0  -3  -3  -1  -4  -4   1    8   1   1   1   1   1   1   4   0  34  26   1   2   3   1   2   4   0   0   7  0.70 0.38
  236 K     0  -1   0   0  -2   4  -2  -3  -2   0  -4   5  -3  -2  -3  -1   0  -4  -2  -1    7   3   4   6   1  16   2   2   1   5   2  32   0   2   1   3   5   0   1   6  0.54 0.38
  237 K    -1   4  -3  -2   0   4  -1  -2  -1   0   0   2   0  -2  -3  -2   1  -1  -2  -1    4  22   1   2   2  17   3   3   1   5   9  10   2   2   1   2   8   1   1   5  0.38 0.30
  238 N     4   1   5   3  -6  -2   0  -2   3  -5  -5  -2  -6  -5  -4  -3  -4  -7  -6  -4   29   8  22  13   0   2   7   3   7   1   1   3   0   0   1   1   1   0   0   1  0.81 0.55
  239 T    -4   1  -4  -5  -3  -4  -5  -7  -1  -1  -1  -4  -4  -4  -4   2   7  -7  -1  -4    1   7   0   0   0   1   0   0   1   4   7   1   0   1   1  15  56   0   2   1  1.36 0.85
  240 E    -2   7  -3  -2   0  -1   2  -7   0  -3  -4   0  -1  -1  -4  -4  -4   1  -3  -6    3  56   1   3   2   2  13   0   2   2   2   5   1   3   1   1   1   2   1   0  1.37 0.79
  241 I    -3   4   1  -5  -4   5   0  -5   4  -1  -2  -2  -2  -7  -4  -4  -4  -4  -5   0    2  24   7   0   0  28   5   1   9   4   5   2   1   0   1   1   1   0   0   8  0.93 0.63
  242 L    -6  -4  -7  -8  -4  -7  -4  -8   0  -5   3  -6  -1   4  -8  -7  -6   1   8  -6    1   1   0   0   0   0   1   0   2   0  29   0   2  16   0   0   1   2  43   0  1.84 0.93
  243 A     6  -2  -4  -2  -2  -5  -4  -4   0  -3  -4  -4  -2  -5  -3  -2  -1   0   0  -2   68   2   1   3   1   0   1   1   2   1   2   1   1   0   1   2   3   1   3   3  1.36 0.81
  244 C    -5   3  -3  -3  -1  -2  -1  -5  -2  -5  -3   7  -6  -8  -5  -5  -4  -4  -7  -3    1  13   1   1   1   2   4   1   1   1   4  65   0   0   1   1   1   0   0   3  1.71 0.93
  245 R    -5   8  -5  -4  -9  -2  -3  -6  -2  -6  -4   0  -7  -9  -8  -2  -3  -2  -8  -7    1  78   0   1   0   2   2   1   1   1   2   5   0   0   0   4   1   1   0   0  2.35 1.18
  246 Q    -6  -2  -6  -7  -8   9  -2  -1  -3  -1  -4  -5  -3  -8  -6  -5  -5  -8  -7  -6    0   2   0   0   0  79   2   6   1   4   2   0   1   0   1   1   1   0   0   1  2.56 1.33
  247 L    -2   2   0  -3  -2  -1   0  -3  -3   1   3   0   3   0  -3  -3  -3  -4   1  -1    4  10   4   2   1   3   7   2   0   7  31   5   8   4   1   1   0   0   4   4  0.36 0.29
  248 K    -2   1  -5  -4  -5   0   0  -5  -4  -2  -5  -1  -3  -7  -3  -2   7  -8  -5  -5    4   8   0   1   0   4   5   1   1   2   1   3   1   0   2   3  64   0   0   1  1.54 0.92
  249 K    -6   1  -8  -5  -8  -4  -1  -8  -8  -1  -5  -2   0   1  -2  -7  -6  12   0  -5    1   7   0   1   0   1   4   0   0   4   2   3   2   6   3   0   1  62   3   1  2.93 1.33
  250 I    -3  -5  -5  -4  -7  -4  -6  -8  -4   0   2  -6   0   8  -8  -2  -1  -5  -3   0    2   1   1   1   0   1   0   0   0   6  16   0   2  55   0   3   5   0   0   6  1.61 0.82
  251 Q    -1   6   0   1  -3   0   0  -3  -1  -3  -2   3  -3  -3  -3  -1  -3  -5  -4  -4    4  41   4   7   1   3   5   2   1   2   4  16   1   1   1   4   1   0   1   1  0.84 0.50
  252 R     0   5   1  -3  -4  -1  -2  -2   4  -4  -2   3   0  -4  -4   0  -3  -4  -3  -4    7  33   7   1   0   2   3   3  10   1   4  16   2   1   1   6   1   0   1   1  0.75 0.45
  253 L    -2   0  -2   1  -2   2   0  -3  -2   0   2  -1   4   1  -2  -2  -1   2   0  -1    2   5   2   9   1  10   5   2   1   5  22   3  11   5   1   2   3   3   3   3  0.25 0.20
  254 H    -1   1   0  -1  -3   1   1  -2   2   0   0   1   1  -1   1  -1   0   2   0  -1    5   8   4   2   0   5  11   2   6   5   9   8   5   3   9   4   6   3   2   3  0.10 0.10
  255 K     1   2   2   0  -1   1   0   0  -1  -2  -2   1  -2  -1   1   0   1  -1  -2  -2   13  11  11   5   1   5   5   7   1   1   3   8   1   3   7   6   8   1   1   2  0.14 0.13
  256 K     0   4  -2   0  -3   1   0   0   0   1  -1   1   0  -2  -1  -1  -2  -1  -2   1    8  23   1   5   0   5   5   7   3   9   4   7   2   1   3   3   2   1   1   9  0.20 0.20
  257 W     0  -1   2  -2  -1  -1  -1  -1  -1   0   0   0   1   1  -1   0  -1   5   1  -1    7   4  12   2   1   3   3   5   2   6  10   5   4   5   4   6   3  10   6   3  0.17 0.16
  258 K    -3   0  -3  -1  -3   0   1   1   1  -3  -3   2   2  -2  -1  -4  -3   9  -1  -3    2   5   1   4   1   4   8  11   3   2   3  11   6   2   3   1   1  29   2   2  0.99 0.58
  259 M    -1  -3  -2  -2  -2   0   0  -4  -2   1   1   0   3   2   2  -2  -1   6   0   0    5   1   1   2   1   4   6   1   1   9  11   6   8   8  10   3   4  11   3   7  0.31 0.26
  260 S     0   0   3   5  -3  -2   2   0   1  -3  -5  -2  -4  -3  -1   0  -2  -3  -4  -4    8   5  13  28   1   1  13   7   3   1   0   2   0   1   2   8   2   0   0   1  0.56 0.41
  261 M     0  -3  -2  -2  -3  -1  -2  -3  -4   3   2  -1   3  -1   2  -1  -2  -1  -2   2    9   1   2   2   0   2   3   1   0  19  17   3   7   3   9   4   2   1   1  14  0.30 0.25
  262 H    -2   0   0   2  -5   2   1   0   6  -2  -3  -1  -4  -3   1  -1   0  -5  -1  -2    2   5   4  13   0   8  11   7  18   2   2   4   0   1   7   4   6   0   2   3  0.41 0.32
  263 R    -1   2   0   0  -5   1   0  -3  -1  -3  -1  -1  -3  -1   1  -3  -1   9   0  -3    6   9   4   6   0   5   7   2   2   1   7   4   1   3   7   1   3  28   3   2  0.87 0.51
  264 V    -2  -3  -4  -3  -3  -1  -2  -4  -2   3   3  -3   0   3  -2  -3  -1  -4   0   2    2   1   1   1   0   3   3   1   1  14  29   1   2  14   2   2   3   0   3  15  0.45 0.31
  265 D    -2  -2   0   6  -7   1   3  -4  -3  -5  -4  -1  -3  -6  -4   1  -3  -7  -1  -5    3   2   4  48   0   5  17   1   0   0   2   3   1   0   1   9   2   0   3   1  1.10 0.66
  266 A     3  -2  -2  -2  -1  -1   2   0  -1  -4  -2   0  -1  -3   1   2   0  -5  -4  -2   29   2   2   2   1   2  17   8   1   0   4   4   1   1   6  13   5   0   0   2  0.38 0.35
  267 T     1  -2  -1   1  -2  -1   1   0  -1   1   0  -1  -2  -2  -1   0   2  -4  -3   2   12   2   2   8   1   1  11   6   1   7  10   2   0   1   2   5  13   0   1  15  0.11 0.16
  268 E     2   1   1   1  -2   1   3   1  -2  -3  -3   1  -3  -4   0  -1  -1  -5  -4  -3   19   7   6   8   1   4  21   9   1   1   3   7   0   0   4   4   2   0   0   2  0.30 0.28
  269 V     1   0  -1   1  -1  -1   0   1  -1   0  -1   0   1  -1  -2   1  -1  -3   1   0   12   5   3  11   1   2   6   9   1   7   4   4   5   2   1  10   3   0   7   7  0.06 0.10
  270 F    -2  -3  -3  -3  -4  -3  -2  -2  -4   3   3  -3  -1   3  -1   0  -1   0   1  -1    3   1   1   1   0   1   2   3   0  16  33   1   1  13   3   7   3   1   6   3  0.39 0.30
  271 L    -1   1  -2  -3  -1  -2   0  -3  -1   2   3  -2   1  -1   0  -2   0   0  -1   0    4   8   2   0   1   1   7   2   2  11  34   1   2   2   5   2   7   1   2   6  0.23 0.22
  272 K     0   1   0   2  -4   2   2  -3  -1  -4  -2   1  -3   0  -1   2  -1  -4   0  -2    9   9   4  10   0  10  16   0   1   0   3   9   0   4   3  14   2   0   4   2  0.27 0.25
  273 R     0   3  -1   0  -2   1   0   0  -1   0   0   1   1  -3  -2   0   0  -3  -3   0    8  19   2   4   1   7   7   6   1   5   7   8   5   0   1   8   6   0   0   5  0.14 0.15
  274 N     0   1   0  -1  -1   0   0   2  -1   1  -1   0   1  -3   0   1   0  -3  -2  -1    8   7   4   3   1   3   7  16   1  10   6   5   5   0   3  10   5   0   1   4  0.08 0.11
  275 V     0  -2  -2  -4   1  -2  -3  -2  -3   3   3  -3   1   0  -2  -3  -1  -3   0   2    7   2   2   0   3   1   2   3   1  20  32   1   3   2   2   1   3   0   3  12  0.36 0.26
  276 E     1   0   0   2  -3   1   2  -3  -2  -1  -2   1  -1  -4   1   0   0   0  -3  -1   16   5   3  12   0   5  17   0   0   4   4  11   2   0   5   7   4   2   0   4  0.22 0.21
  277 E    -1  -2   1   0  -4   1   2  -2  -2  -2   1   1  -1  -3   3   0  -1   0  -1  -2    4   1   9   5   0   5  18   3   0   1  15   8   1   0  15   8   2   2   2   2  0.25 0.24
  278 Q     0   1   0   2   1   1   2   0  -1  -1  -2   1   0  -2  -2  -1  -1  -1   0  -1    7   8   4  15   4   6  13   8   1   4   3   8   2   1   1   2   3   1   4   4  0.11 0.12
  279 D    -1   3   0   2  -4   0   0  -3  -1  -3  -1   1  -2  -4   2  -1  -1  -4  -2   1    5  22   4  15   0   5   5   0   1   0   8   6   0   0  10   3   2   0   1  11  0.30 0.25
  280 E     0   2   0  -1  -1   0   2  -2  -1  -1   0   1  -1  -3  -1   2   0  -4  -3  -2    5  16   3   2   1   3  18   1   1   4  10   6   1   0   3  19   6   0   0   2  0.22 0.22
  281 A     2  -2   1   1  -3  -1   0  -1  -3   3  -1   0   1  -2  -2   0   0  -4  -3   0   19   0   7   9   0   2   7   3   0  21   5   7   4   1   1   6   4   0   0   3  0.15 0.19
  282 W    -3   3  -5  -6  -5  -4  -5  -1  -4  -3  -1  -4  -1   2  -5  -3  -4  10   4  -3    2  16   0   0   0   0   0   6   0   1   7   0   1   7   0   2   0  39  16   1  1.63 0.66
  283 E     0   0   0   2  -3   1   3  -1  -1  -3  -2   0  -3  -2  -1   0   0  -2   4  -3    7   5   4  12   0   6  22   4   0   1   4   4   0   0   3   7   5   0  17   1  0.31 0.24
  284 N     0   2   1  -1  -3   0   2   1  -1  -2  -3   2  -2  -2  -1  -1  -1  -3   0   0   10  14   8   1   0   4  13  13   1   2   1  12   0   1   2   1   4   0   3  10  0.18 0.17
  285 L     0  -2  -2  -3  -3   2   0   0  -1   1   3  -3   0  -2  -4  -1   0  -4  -3  -1    8   2   2   0   0  13   5   8   1   8  41   0   1   0   0   4   7   0   0   1  0.32 0.29
  286 V    -1  -3  -3  -2  -4  -3   0  -1   6   1  -1  -3   1  -3  -4  -3  -2  -4  -1   4    3   0   0   2   0   0   7   6  25   9   5   0   4   0   0   0   2   0   2  34  0.62 0.38
  287 A     2  -1   0  -1  -3   0   1  -2   0  -1   1   0  -1  -2  -3   0  -1  -3   2   0   21   3   3   4   0   3  10   2   3   0  22   4   0   0   0   5   3   0   9   8  0.12 0.17
  288 R    -2   5  -1   2  -5   0   3  -3   1  -5  -3   2  -3  -5  -3  -1  -1  -5  -4  -4    3  37   1  14   0   3  19   2   3   0   2   9   0   0   0   3   3   0   0   0  0.69 0.37
  289 P    -2   0  -2  -3  -4  -3   1  -3  -3   4  -2  -1  -2  -1   4  -3   0  -4   0   0    3   5   2   0   0   0  13   1   0  37   1   2   0   2  22   0   5   0   4   2  0.55 0.35
  290 S     4  -3  -3  -3   4  -3  -1   0  -4  -1  -1  -3  -2  -2  -3   2   1   1  -3  -1   41   0   0   0  10   0   4   5   0   4   4   0   0   1   0  15  10   2   0   4  0.49 0.33
  291 E     0   0  -2  -2  -3   2   0  -2   0   2   0   0  -1  -3  -3   0   1  -4  -3   1   10   5   0   1   0  15   7   2   2  21   8   4   0   0   0   4   9   0   0  12  0.17 0.19
  292 R    -1   5   1  -1  -5  -1   2  -4  -2  -4  -2   2  -3  -4  -4  -2  -1  -4   1  -2    4  43   6   2   0   0  16   0   0   0   4  13   0   0   0   2   2   0   5   3  0.70 0.38
  293 I    -1  -2  -4  -4  -4   0   0  -4  -3   3   1  -3   1   5  -4  -3   0  -2   2  -1    4   2   0   0   0   5   7   0   0  19  10   0   3  37   0   0   6   0   7   2  0.55 0.31
  294 V     1  -3  -3  -2  -2  -1   0  -3  -3   3   2  -3   0  -2  -3  -1  -1  -4  -3   3   16   0   0   2   0   3   6   0   0  18  17   0   0   0   0   3   3   0   0  32  0.32 0.22
  295 D     0   2   1   0  -4   3   2  -1  -1  -4  -4   3  -3  -4  -2   1  -1  -4   0  -3    5   8   5   5   0  16  14   3   0   0   0  26   0   0   0  13   0   0   4   0  0.42 0.22
  296 K     0   2   1   0   2   1  -1   2  -2  -3  -2   1  -2  -1  -3   1   0  -3  -2  -3    6  17   6   6   7   7   0  21   0   0   3   9   0   4   0  11   3   0   0   0  0.24 0.15
  297 F    -2  -3  -3  -4  -4  -3   1  -4   3  -2  -1  -3  -2   7  -4  -1   0   3   2  -3    4   0   0   0   0   0  11   0   8   0   3   0   0  58   0   3   7   4   3   0  0.91 0.36
  298 Y    -3  -3  -4  -4  -3  -3  -4  -5   1   3   4  -1   2   1  -4  -3  -2  -2   3   0    0   0   0   0   0   0   0   0   4  19  50   4   4   4   0   0   0   0  16   0  0.56 0.25
  299 N     0   1   3   3  -3   1   1  -2  -1  -2  -1  -1  -2  -1  -2   1  -1  -4  -2  -1    8   8  20  20   0   6  10   0   0   0   6   0   0   4   0  14   0   0   0   5  0.27 0.15
  300 N    -2   3   2   1  -4   3   3  -1  -1  -3  -2   1  -2  -3  -2  -1   0  -3  -3  -3    0  19  12   6   0  15  23   5   0   0   4   8   0   0   0   0   4   0   0   0  0.38 0.14
  301 N    -1  -1   4   3  -3  -1   2  -2  -1  -2  -3   0  -2  -3  -2   0  -1  -4  -3   1    5   0  34  19   0   0  15   0   0   0   0   6   0   0   0   5   0   0   0  15  0.42 0.15
  302 N     0   0   2   2  -3   0   2  -2   3  -2  -3  -1  -2  -3  -2   0   2  -4  -2  -1    8   5  12  12   0   0  19   0  12   0   0   0   0   0   0   0  26   0   0   6  0.29 0.11
  303 Q     0   2  -1  -2  -3   3   1  -3   5   0  -1   0   4  -2  -3  -1  -2  -3  -1  -1    7  16   0   0   0  19   7   0  22   9   0   0  20   0   0   0   0   0   0   0  0.33 0.12
  304 L     0  -2  -2  -3  -2  -2  -2  -3  -3   1   3  -2   1   2  -3   1  -1  -2  -1   0    9   0   0   0   0   0   0   0   0   7  48   0   0  13   0  22   0   0   0   0  0.27 0.10
  305 K    -1   3  -1  -1  -3   2   1   0  -1   0  -2   2  -1  -2   2  -1  -1  -3   0  -1    0  22   0   0   0  13  13   7   0  14   0  15   0   0   9   0   0   0   6   0  0.25 0.08
  306 N    -1   4   2  -1  -3   0   1   0  -1  -4  -3   3  -2  -3  -2   0  -1   4  -2  -3    0  30  12   0   0   0   7   6   0   0   0  27   0   0   0   9   0   8   0   0  0.44 0.10
  307 D     1   3  -1   2  -2   0   1  -2  -2  -1   1   1  -1  -2  -2   0  -1  -3  -2  -1   17  22   0  15   0   0   8   0   0   0  24   8   0   0   0   7   0   0   0   0  0.17 0.06
  308 D     0  -2   5   5  -3  -1   0  -1  -1  -3  -3  -1  -3  -4  -2   0  -1  -5  -3  -1    8   0  41  43   0   0   0   0   0   0   0   0   0   0   0   0   0   0   0   8  0.66 0.13
  309 V    -1  -2   2   3  -2  -1  -1  -2  -2   2  -1  -2  -1  -2  -2  -1   2  -4  -2   1    0   0  11  31   0   0   0   0   0  28   0   0   0   0   0   0  20   0   0   9  0.26 0.07
  310 E    -1   3  -1   0  -3   2   3  -3  -1  -2   1   1  -1  -2  -2  -1  -1  -3  -2  -2    0  24   0   0   0  15  40   0   0   0  21   0   0   0   0   0   0   0   0   0  0.37 0.06
  311 H    -2   2   2  -1  -4   0  -1  -2   8  -4  -4  -1  -2  -2  -3  -1  -2  -3   1  -4    0  13  13   0   0   0   0   0  74   0   0   0   0   0   0   0   0   0   0   0  0.99 0.13
  312 C     3  -2  -1  -2   5  -1  -1  -1  -2  -2  -2  -1  -1  -3  -1   2   0  -3  -2  -1   50   0   0   0  25   0   0   0   0   0   0   0   0   0   0  25   0   0   0   0  0.40 0.03
  313 L    -1  -3  -3  -4  -2  -3  -3  -4  -3   2   3  -3   1   3  -3  -2  -1  -1   1   2    0   0   0   0   0   0   0   0   0   0  49   0   0  26   0   0   0   0   0  25  0.34 0.02
  314 A     3  -2  -2  -3  -1  -2  -2  -1  -2   3   0  -2   0  -1  -2   0   0  -3  -2   2   50   0   0   0   0   0   0   0   0  50   0   0   0   0   0   0   0   0   0   0  0.19 0.00
  315 A     4  -2  -2  -2   0  -1  -1   0  -2  -1  -2  -1  -1  -2  -1   1   0  -3  -2   0  100   0   0   0   0   0   0   0   0   0   0   0   0   0   0   0   0   0   0   0  0.41 0.00
  316 S     1  -1   0  -1  -1   0  -1  -1  -1  -2  -2   0  -1  -2  -1   3   4  -3  -2  -1    0   0   0   0   0   0   0   0   0   0   0   0   0   0   0  50  50   0   0   0  0.39 0.00
  317 Y    -2  -2  -2  -3  -2  -1  -2  -3   2  -1  -1  -2  -1   3  -3  -2  -2   2   6  -1    0   0   0   0   0   0   0   0   0   0   0   0   0   0   0   0   0   0   0   0  0.00     0.00
  318 G     0  -2   0  -1  -2  -2  -2   5  -2  -4  -4  -2  -3  -3  -2   0  -2  -2  -3  -3    0   0   0   0   0   0   0   0   0   0   0   0   0   0   0   0   0   0   0   0  0.00     0.00
  319 G     0  -2   0  -1  -2  -2  -2   5  -2  -4  -4  -2  -3  -3  -2   0  -2  -2  -3  -3    0   0   0   0   0   0   0   0   0   0   0   0   0   0   0   0   0   0   0   0  0.00     0.00
  320 G     0  -2   0  -1  -2  -2  -2   5  -2  -4  -4  -2  -3  -3  -2   0  -2  -2  -3  -3    0   0   0   0   0   0   0   0   0   0   0   0   0   0   0   0   0   0   0   0  0.00     0.00
  321 S     1  -1   1   0  -1   0   0   0  -1  -2  -2   0  -1  -2  -1   4   1  -3  -2  -2    0   0   0   0   0   0   0   0   0   0   0   0   0   0   0   0   0   0   0   0  0.00     0.00
  322 G     0  -2   0  -1  -2  -2  -2   5  -2  -4  -4  -2  -3  -3  -2   0  -2  -2  -3  -3    0   0   0   0   0   0   0   0   0   0   0   0   0   0   0   0   0   0   0   0  0.00     0.00
  323 S     1  -1   1   0  -1   0   0   0  -1  -2  -2   0  -1  -2  -1   4   1  -3  -2  -2    0   0   0   0   0   0   0   0   0   0   0   0   0   0   0   0   0   0   0   0  0.00     0.00
  324 R    -1   5   0  -2  -3   1   0  -2   0  -3  -2   2  -1  -3  -2  -1  -1  -3  -2  -2    0   0   0   0   0   0   0   0   0   0   0   0   0   0   0   0   0   0   0   0  0.00     0.00
  325 A     4  -1  -2  -2   0  -1  -1   0  -2  -1  -1  -1  -1  -2  -1   1   0  -2  -2   0    0   0   0   0   0   0   0   0   0   0   0   0   0   0   0   0   0   0   0   0  0.00     0.00
  326 H    -2   0   1  -1  -3   0   0  -2   7  -3  -3  -1  -2  -1  -2  -1  -2  -2   2  -3    0   0   0   0   0   0   0   0   0   0   0   0   0   0   0   0   0   0   0   0  0.00     0.00
  327 N    -2   0   6   1  -3   0   0   0   1  -3  -3   0  -2  -3  -2   1   0  -4  -2  -3    0   0   0   0   0   0   0   0   0   0   0   0   0   0   0   0   0   0   0   0  0.00     0.00
  328 M    -1  -1  -2  -3  -1   0  -2  -3  -2   1   2  -1   5   0  -2  -1  -1  -1  -1   1    0   0   0   0   0   0   0   0   0   0   0   0   0   0   0   0   0   0   0   0  0.00     0.00
  329 I    -1  -3  -3  -3  -1  -3  -3  -4  -3   4   1  -3   1   0  -3  -2  -1  -3  -1   3    0   0   0   0   0   0   0   0   0   0   0   0   0   0   0   0   0   0   0   0  0.00     0.00

                      K         Lambda
Standard Ungapped    0.1327     0.3178
Standard Gapped      0.0472     0.2670
PSI Ungapped         0.1543     0.3175
PSI Gapped           0.0472     0.2670
