
Last position-specific scoring matrix computed, weighted observed percentages rounded down, information per position, and relative weight of gapless real matches to pseudocounts
            A   R   N   D   C   Q   E   G   H   I   L   K   M   F   P   S   T   W   Y   V   A   R   N   D   C   Q   E   G   H   I   L   K   M   F   P   S   T   W   Y   V
    1 M    -1  -2  -3  -4  -2  -1  -3  -3  -2   1   2  -2   7   0  -3  -2  -1  -2  -1   0    0   0   0   0   0   0   0   0   0   0  16   0  84   0   0   0   0   0   0   0  0.55 0.07
    2 K    -1   3   2  -1  -3   1   0  -2  -1  -3  -3   5  -2  -3  -2   0  -1  -3  -2  -3    0  16  14   0   0   0   0   0   0   0   0  70   0   0   0   0   0   0   0   0  0.52 0.04
    3 L    -1  -3   1  -3   6  -2  -3  -3  -3   2   2  -3   1  -1  -3  -2  -1  -3  -2   1    0   0  11   0  28   0   0   0   0  22  38   0   0   0   0   0   0   0   0   0  0.36 0.04
    4 L     0  -2  -1  -2  -1  -1  -1   1  -2   0   2  -1   0  -1  -2   3   0  -3  -2  -1    0   0   0   0   0   0   0  10   0   0  41   0   0   0   0  49   0   0   0   0  0.21 0.04
    5 A     0  -2  -1  -2   6   1  -1   1   3   0   0  -1  -1  -2  -2  -1  -1  -3  -1  -1   10   0   0   0  28  15   0  13  14  11  10   0   0   0   0   0   0   0   0   0  0.24 0.03
    6 L    -2  -3  -4  -4  -2  -3  -4  -4  -2   3   1  -3   2   5  -4  -3  -2  -1   1   1    0   0   0   0   0   0   0   0   0  34   8   0  11  47   0   0   0   0   0   0  0.48 0.06
    7 F    -2  -3  -4  -4  -2  -3  -4  -4  -2   1   3  -3   1   5  -4  -3  -2  -1   1   1    0   0   0   0   0   0   0   0   0   7  39   0   0  47   0   0   0   0   0   7  0.50 0.06
    8 P    -1  -2  -2  -3  -1  -2  -2   0  -3   2   1  -2   0  -1   1   0   1  -3  -2   3    0   0   0   0   0   0   0   7   0  15  15   0   0   0   7   8   9   0   0  38  0.18 0.03
    9 F    -2  -3  -3  -3   2  -3  -3  -3  -2   2   2  -3   0   5  -3  -1  -1  -1   1   0    0   0   0   0   7   0   0   0   0  18  20   0   0  46   0   8   0   0   0   0  0.38 0.05
   10 L     2  -2  -3  -3  -1  -2  -2  -2  -3   1   3  -2   1   1  -2  -1  -1  -2  -1   1   32   0   0   0   0   0   0   0   0   0  54   0   0   6   0   0   0   0   0   8  0.27 0.05
   11 A     3  -2  -1  -2  -1  -1  -1  -1  -2  -2  -1  -1  -1  -2  -1   3   2  -3  -2  -1   51   0   0   0   0   0   0   0   0   0   5   0   0   0   0  30  13   0   0   0  0.36 0.06
   12 I    -1  -3  -3  -3   3  -2  -3  -3  -3   3   3  -3   1  -1  -3   0  -1  -3  -2   1    0   0   0   0  10   0   0   0   0  29  42   0   0   0   0  13   0   0   0   6  0.30 0.06
   13 V     0  -2  -2  -3   2  -2  -2  -3  -2   2   2  -2   0  -1  -3   0   0  -2   1   3    6   0   0   0   6   0   0   0   0   5  26   0   0   0   0  14   0   0   6  37  0.19 0.05
   14 I    -1  -2  -2  -3   1  -2  -3  -3  -3   3   2  -2   3  -1  -3   1  -1  -3  -2   2    0   0   0   0   5   0   0   0   0  35  19   0  16   0   0  18   0   0   0   7  0.24 0.06
   15 Q     3  -2  -1  -2  -2   0   0   3  -2  -1  -2  -1  -1   0  -2   1  -1  -2   0  -1   38   0   0   0   0   6   5  28   0   7   0   0   0   6   0   6   0   0   5   0  0.25 0.05
   16 L    -2  -2  -2  -3  -2   1  -2  -3  -2   0   2  -2   1   4  -2  -2   0  -1   1   0    1   1   1   1   0  11   1   1   0   1  39   1   0  33   1   1   8   0   0   1  0.26 0.05
   17 S     1   0   2  -1  -1  -1  -1  -1  -1  -1   0  -1  -1   0  -1   2   2  -2  -1   0   12   6  12   1   0   1   1   1   0   1  10   1   0   5   1  23  16   0   1   7  0.11 0.02
   18 C     1  -2  -2   0   3  -1   0  -2   0   0   0  -1  -1   1  -2   0  -1   0   4  -1   15   1   0   6  10   0   7   1   0   6  11   1   0   5   1   6   1   0  27   1  0.16 0.04
   19 W     0  -2  -1  -1  -2  -1   0   2  -2  -1   0  -1  -1   2   1   1   1   3   0  -1    1   1   1   1   0   1   6  20   0   1  11   1   0  13   7  12  16   6   1   1  0.14 0.03
   20 E     1   0  -1   1  -2   1   1  -1  -1  -2  -1   0  -1  -2   3   2   0   3  -2  -2   18   6   0  11   0   6   6   1   0   0   5   1   0   0  16  22   1   5   0   1  0.26 0.03
   21 L    -1  -2  -3  -3  -1  -2  -2  -3  -3   1   3  -1   1  -1  -2  -2   1  -2  -2   3    0   0   0   0   0   0   0   0   0   0  43   7   0   0   0   0  12   0   0  35  0.26 0.06
   22 G     2  -2   1   0  -2  -1  -1   3  -2  -3  -3  -1  -2  -3   3   2   0  -3  -3  -2   20   0   5   5   0   0   0  27   0   0   0   0   0   0  17  24   0   0   0   0  0.42 0.05
   23 T     2  -1   0  -1  -1  -1   0   0   1  -1   0  -1  -1  -2  -2   1   1  -3  -2   0   27   0   5   0   0   0  10   8   5   0  13   0   0   0   0   5  16   0   0  10  0.10 0.03
   24 D     0   2   1   3  -3   0   1  -1   1  -3  -3   2  -2  -3   2   1  -1  -3  -2  -2   11  14   4  25   0   0   5   0   5   0   0  14   0   0  11   9   0   0   0   0  0.32 0.04
   25 A     3  -1   1  -1   1  -1  -1   1  -2  -1  -2   0  -1  -3  -1   1   1  -3  -2   0   45   0   9   0   4   0   0  11   0   0   0   8   0   0   0   5  10   0   0   6  0.22 0.05
   26 L     3  -1  -2  -2  -2  -1   0  -1   2  -1   0   0  -1   0   0   0  -1  -2  -1   0   42   0   0   0   0   0   8   0   7   0  13   9   0   5   4   0   0   0   0   9  0.13 0.05
   27 P     2  -2   0  -2  -2  -1  -1   1  -2  -2  -2  -1  -2  -3   4   2   0  -4  -3   0   32   0   3   0   0   0   0   7   0   0   0   0   0   0  26  22   0   0   0  10  0.48 0.08
   28 S     0   1   2   1  -2   0   0   1   2  -2  -3   0  -2  -3   0   2   0  -3  -2  -1    6   9  13   5   0   0   3  13   6   0   0   3   0   0   4  26   3   0   0   9  0.18 0.05
   29 G    -1   0   0   1  -3   0  -1   3  -2  -2  -1   1   0  -3  -2   1  -1  -3  -3  -2    0   4   4  10   0   3   0  36   0   0  10  15   5   0   0  11   3   0   0   0  0.28 0.07
   30 G     0  -2   1  -2  -3  -1  -2   5  -2  -4  -4  -1  -3  -4   1   2  -1  -3  -3  -3    5   0   6   0   0   3   0  58   0   0   0   2   0   0   7  19   0   0   0   0  0.70 0.12
   31 F    -3  -4  -4  -5  -3  -4  -4  -4  -2  -1  -1  -4   3   7  -5  -3  -3   0   4  -2    0   0   0   0   0   0   0   0   0   0   0   0  14  71   0   0   0   0  16   0  1.20 0.22
   32 V     1  -3  -3  -4  -2  -3  -3  -3  -3   1  -1  -3  -1  -1   1  -2  -1   4   1   4   18   0   0   0   0   0   0   0   0   4   0   0   0   0   8   0   0   7   7  56  0.45 0.15
   33 R     1   1  -1  -1  -2   0   0   0   3  -3  -3   2  -2  -3  -2   2   1  -3   0  -2   13  10   0   0   0   2   5   6  12   0   0  15   0   0   0  24  10   0   2   0  0.26 0.10
   34 T     1   2  -2  -3   1  -1  -2  -3  -3   0  -1  -1  -1  -3  -2   0   4  -4  -2   2   17  18   0   0   3   0   0   0   0   2   0   0   0   0   0   0  36   0   0  25  0.35 0.15
   35 K    -1   1   2   2  -3   1   0  -2  -1  -3  -3   1  -2  -3  -2   3   1  -4  -3  -2    0   7  14  11   0   8   1   0   0   0   0  12   0   0   0  35   9   0   0   3  0.35 0.12
   36 G    -1  -3  -2   0  -4  -3   0   6  -3  -5  -5  -3  -4  -5  -3  -2  -3  -4  -4  -5    0   0   0   5   0   0   7  88   0   0   0   0   0   0   0   0   0   0   0   0  1.39 0.26
   37 V     0   1   1  -1  -2  -1  -2  -2  -2   0   1  -1   1  -2  -2   1   3  -3  -2   0    4   9   6   3   0   0   0   0   0   2  20   2   5   0   0  11  33   0   0   6  0.20 0.10
   38 Q    -2   2   2   0  -4   5   1  -3   4  -4  -4   2  -2  -4  -3  -1  -2  -4  -2  -4    0   8  11   2   0  42   6   0  15   0   0  17   0   0   0   0   0   0   0   0  0.68 0.19
   39 F    -3  -4  -5  -5  -3  -4  -5  -5  -3   1   2  -4  -1   7  -5  -4  -3  -1   1  -1    0   0   0   0   0   0   0   0   0   6  18   0   0  76   0   0   0   0   0   0  1.24 0.26
   40 S    -1  -2   2   0  -2   0   0  -2  -2   1   0  -1  -1  -1  -2   0   1   1  -2   2    2   0  14   6   0   5   8   0   0   4   7   0   0   2   0   6  11   3   0  31  0.13 0.08
   41 L     0  -3  -3   0  -2  -3  -3  -4  -3   4   2  -3   0  -1  -3  -2  -1  -2   1   2    8   0   0   9   0   0   0   0   0  36  27   0   0   0   0   0   0   0   8  12  0.32 0.12
   42 N    -2  -2   5   5  -4  -1   1  -1  -1  -4  -5  -1  -4  -4  -3   0  -1  -5  -4  -4    0   0  39  44   0   0   8   4   0   0   0   0   0   0   0   3   3   0   0   0  0.90 0.21
   43 G    -1  -4   1  -1  -4  -3  -3   7  -3  -5  -5  -3  -4  -5  -4  -2  -3  -4  -4  -5    0   0   6   2   0   0   0  92   0   0   0   0   0   0   0   0   0   0   0   0  1.52 0.27
   44 Y    -1   2   0  -1  -4   1   2  -3   2  -3  -3   4  -2  -3  -2   0  -1  -3  -1  -1    0  13   2   0   0   4  15   0   8   0   0  42   0   0   0   8   0   0   2   8  0.43 0.14
   45 P     0  -2  -2   0  -3  -1   0  -3   2  -3  -3  -2  -2  -4   6   0   3  -4  -3  -1    6   0   0   5   0   2   6   0   8   0   0   0   0   0  42   2  24   0   0   5  0.80 0.17
   46 Y     0  -2  -2  -2  -3  -1  -2   1  -2   1   0  -1  -1   4  -3  -1  -2  -1   1   0    6   0   0   2   0   3   0  17   0  11   9   6   0  32   0   2   0   0   4   8  0.23 0.10
   47 Y    -1   0  -4  -4  -4  -3  -3  -4   0  -1  -1  -3  -2   3  -4  -3  -3   0   8  -2    6   6   0   0   0   0   0   0   0   3   5   0   0  10   0   0   0   0  71   0  1.22 0.27
   48 A     0  -4  -4  -4  -3  -4  -4  -4  -3   2   1  -4   0   6  -4  -2  -2  -1   1   1    8   0   0   0   0   0   0   0   0  13  10   0   0  56   0   2   0   0   0  11  0.70 0.19
   49 N     3  -2   5  -1  -2  -1  -1  -1   3  -3  -3  -1  -3  -4  -1   1  -1  -4  -2  -3   38   0  39   0   0   0   0   0  10   0   0   0   0   0   2  11   0   0   0   0  0.59 0.19
   50 G    -1  -4  -2  -3  -4  -3  -4   7  -4  -5  -5  -3  -4  -5  -4  -2  -3  -4  -5  -5    0   0   0   0   0   0   0 100   0   0   0   0   0   0   0   0   0   0   0   0  1.76 0.30
   51 F     0  -3  -2  -3  -2  -2  -3  -3  -2   0   0  -2  -1   4  -3   1   2   5   0   0    8   0   0   0   0   0   0   0   0   6   6   0   0  30   0  18  16   9   0   7  0.35 0.13
   52 N    -3  -2   8   0  -4  -2  -2  -2  -1  -5  -5  -2  -4  -5  -4  -1  -2  -6  -4  -5    0   0 100   0   0   0   0   0   0   0   0   0   0   0   0   0   0   0   0   0  1.80 0.36
   53 A     3  -1  -1  -1   2   1  -1  -1  -2  -2  -2   1  -2  -3  -1   3   1  -3  -2  -1   34   1   1   1   5   8   1   1   0   1   1   8   0   0   1  30   7   0   0   1  0.32 0.11
   54 Y     0  -2  -3  -3  -3  -2  -2  -3   3  -2  -2  -2  -2   1  -3  -2  -2   3   8  -2    9   1   1   1   0   1   1   1   8   1   1   1   0   0   1   1   1   3  71   1  1.17 0.24
   55 W    -4  -4  -5  -5  -4  -3  -4  -4  -3  -4  -3  -4  -3  -1  -5  -4  -4  12   2  -4    1   0   0   0   0   0   0   1   0   0   1   0   0   0   0   1   0  88   5   0  3.18 0.41
   56 L    -2  -3  -3  -4   0  -3  -3  -4  -3   2   3  -3   2   3  -3  -3  -2  -2   0   1    1   0   0   0   2   0   0   1   0  17  42   0   4  21   0   1   0   0   0   8  0.42 0.11
   57 M     0  -2   1  -2  -3  -2  -2   3  -2  -1   0  -2   5  -2   2   0  -1  -3  -3  -2    5   0   8   0   0   0   0  30   0   0   4   0  32   0  11   6   0   0   0   0  0.42 0.15
   58 Y    -2  -2  -1   0  -3  -2  -2  -3   2  -1   0  -2   1   5  -3  -1  -1   0   4  -1    1   1   3   7   0   0   1   1   5   1   9   1   6  36   1   3   5   0  19   3  0.39 0.12
   59 V     0  -2  -2  -1  -2   0   1  -2   1   0   2  -1   2   0   0  -1  -1  -2  -1   1    9   1   1   1   0   2  17   1   4   3  35   1   6   3   4   1   3   0   0   8  0.13 0.07
   60 A     3   1  -1  -1  -1  -1  -1  -1  -1  -1  -1   0   0  -2  -1   0   2  -2  -1  -1   42   9   1   2   1   1   2   2   1   2   6   4   2   1   2   2  17   0   1   2  0.19 0.07
   61 S     1   0   1   1   2   0   1  -1  -1  -1  -1  -1  -1  -2   1   1   0  -2   0   0   17   4   9   9   6   1   9   2   1   1   2   2   1   1   7   8   6   0   3  10  0.10 0.03
   62 D    -2  -1   3   5  -2  -1   1  -1  -1  -2  -2  -1  -2   1  -1   0  -1  -2  -1  -2    2   1  15  47   1   1   6   2   1   1   2   2   1   9   1   5   2   0   1   2  0.48 0.10
   63 P     0  -1   1   0  -2   0   0   1  -1  -2  -2  -1  -2  -1   4   0   0  -1   2  -2   10   1   8   3   1   5   4  10   1   1   2   2   1   1  28   4   4   0  13   2  0.36 0.07
   64 S     1  -1   1   1  -2  -1  -1  -1   3  -2  -2  -1  -2  -2  -2   1   3  -3  -2   0   14   0   5  10   0   0   1   3  12   0   1   2   0   0   0  12  31   0   0   6  0.25 0.10
   65 Q    -1  -1   4   0  -2   0   0  -2  -1   0   0  -1  -1  -2  -2   0   2  -3  -2   0    1   2  33   4   0   4   5   1   0   8  12   0   0   0   0   7  16   0   0   6  0.23 0.10
   66 R    -1   5   3  -1  -4   2  -1  -2   4  -4  -3   1  -2  -3  -2  -1  -2  -3  -2  -3    4  44  17   0   0  13   0   1  14   0   1   3   0   0   0   1   0   0   0   0  0.62 0.16
   67 S     2  -1  -1  -1  -2  -2  -2   3   0  -2  -2  -2  -2   1   0   0   0  -2   2  -2   26   2   2   3   0   0   0  27   2   2   0   0   0   7   5   6   5   0  12   0  0.26 0.10
   68 K    -1   1   0   4  -3   0   1  -2  -2  -3  -3   3  -3  -4  -2   0   1  -4  -3  -3    4   7   0  37   0   0   6   0   0   0   2  29   0   0   0   6  10   0   0   0  0.50 0.15
   69 I    -1  -3  -3  -3  -2  -3  -3  -3  -3   2   0  -3   2   1  -3  -2  -1  -2   1   5    3   1   0   1   0   0   1   1   0   8   1   1   6   8   1   1   1   0   6  61  0.46 0.15
   70 S     0   0   0   4  -3   0   2  -1  -1  -2  -3  -1  -2  -3  -2   1   2  -3  -3  -2    5   6   0  33   0   0  16   3   0   1   1   1   0   0   1  10  19   0   0   3  0.38 0.11
   71 T     1  -1   0   1  -2  -1   1  -1  -1  -1   1  -1   0  -1  -2   2   1  -2  -1  -1   10   1   5   7   0   0  11   3   0   3  23   1   0   0   1  23   9   0   2   1  0.11 0.06
   72 A     1  -3  -2  -3  -2  -2  -3   1  -3   0  -1  -2   4  -2  -3  -1   2  -3  -2   3   17   0   0   0   0   0   0  15   0   0   0   0  21   0   0   0  14   0   0  33  0.33 0.15
   73 F    -3  -4  -4  -5  -3  -4  -4  -5  -3   1   4  -4   2   5  -4  -3  -3  -1   0   0    0   0   0   0   0   0   0   0   0   3  48   0   4  42   0   0   0   0   0   3  0.78 0.19
   74 Q     0   1   0   4  -3   2   1  -1  -1  -4  -4   0  -2  -4  -2   2  -1  -4  -3  -3    7  11   2  34   0  16   4   3   0   0   0   3   0   0   0  18   1   0   0   0  0.45 0.13
   75 D     0   0   1   2  -4   4   1  -2   5  -4  -3  -1  -2  -4   1  -1  -1  -4  -2  -3    9   3   6  15   0  31   6   0  21   0   0   0   0   0   7   0   2   0   0   0  0.52 0.16
   76 A     3  -3  -3  -3  -2  -2  -3   0  -3   2   1  -2   2  -1  -3  -1  -1  -3  -2   1   37   0   0   0   0   0   0   7   0  22  17   0   6   2   0   0   0   0   0   8  0.27 0.12
   77 S     2   0   0  -2  -2   2   0  -2  -2  -2  -1   2  -1  -3  -2   2   0  -3  -2  -1   24   3   2   0   0  13   2   0   0   0   7  23   0   0   0  19   4   0   0   2  0.25 0.11
   78 R     1   1  -1  -1  -2   1   2  -1  -2  -1  -2   2  -2  -3  -2   3   0  -3  -2   0   10   5   0   0   0   7  13   2   0   2   0  16   0   0   0  32   4   0   0   9  0.25 0.11
   79 H     1  -1  -1  -2  -2  -1   0  -2   4  -1   0   0   2  -2  -2   1   0  -3   0   0   17   2   0   0   0   0   6   0  15   0  10   7   9   0   0  16   6   0   2   9  0.14 0.09
   80 G    -1  -2  -1   1  -4  -3  -2   6  -3  -5  -5  -1  -4  -5  -1  -1  -3  -4  -4  -4    0   2   0  11   0   0   0  82   0   0   0   2   0   0   2   0   0   0   0   0  1.24 0.24
   81 L    -2  -3  -3  -4  -3  -3  -3   0  -1   0   4  -3   2   2  -4  -3  -2  -1   3  -1    2   0   0   0   0   0   0  10   2   0  57   0   7   7   0   0   0   0  15   0  0.46 0.16
   82 T    -2   0   5  -1  -3  -1   0  -2  -1  -3  -2   3  -2  -4  -2   1   3  -4  -3  -3    0   3  38   0   0   0   2   0   0   0   3  23   0   0   0   8  23   0   0   0  0.52 0.17
   83 V    -1  -3  -3  -4  -2  -3  -3  -2  -4   3   2  -3   0  -1  -3   0   0  -3  -2   4    0   0   0   0   0   0   0   2   0  26  19   0   0   0   0   8   6   0   0  39  0.40 0.13
   84 A     1  -3  -3  -4   5  -3  -3  -2  -3   2   2  -3   0   1  -3  -2  -1  -3  -2   2   14   0   0   0  18   0   0   2   0  12  29   0   0   5   0   0   2   0   0  17  0.34 0.11
   85 R    -3   8  -2  -3  -5  -1  -2  -4  -2  -4  -4   1  -3  -4  -4  -2  -3  -4  -3  -2    0  98   0   0   0   0   0   0   0   0   0   0   0   0   0   0   0   0   0   2  1.63 0.34
   86 T    -1  -2  -2  -2  -2  -2  -2  -3  -3   1   0  -2  -1  -2  -2   1   4  -3  -1   2    1   0   0   0   0   0   0   1   0   6   7   0   0   0   0   7  50   0   3  24  0.42 0.15
   87 W    -4  -4   0  -5  -4  -3  -4  -4  -3  -4  -3  -4  -3  -1  -5  -4  -4  12   1  -4    0   0   6   0   0   0   0   0   0   0   1   0   0   0   0   0   0  86   3   0  3.05 0.41
   88 A     3  -2  -2  -2  -2   1  -2   4  -2  -2  -1  -2  -2  -3   1   0  -1  -3  -3  -2   33   0   0   0   0   9   0  39   0   0   8   0   0   0   6   1   0   0   0   0  0.45 0.13
   89 F    -3  -3  -3  -4  -3  -3  -3  -4   3  -1   1  -3  -1   7  -4  -3  -3   0   3  -2    1   0   0   0   0   0   0   1   8   0   9   0   0  71   0   1   0   0   6   0  1.06 0.22
   90 S    -1   0   5  -1  -3  -1  -1  -2   1   0  -2  -1  -2   1  -2   3  -1  -3  -1  -2    1   5  39   0   0   0   0   1   3   8   1   0   0   9   0  31   0   0   0   0  0.43 0.16
   91 D    -2  -2   0   7  -4  -1   2  -1   0  -4  -4  -1  -3  -4  -2  -1  -2  -4  -3  -4    1   1   0  76   0   0  11   4   3   1   1   1   0   0   1   1   1   0   0   1  1.11 0.22
   92 G    -1  -3  -2  -3  -3  -2  -3   5  -3  -1  -1  -1  -2  -3   1   0  -2  -3  -3   2    0   0   0   0   0   0   0  49   0   0   8   3   0   0   6   6   0   0   0  27  0.49 0.15
   93 G    -1  -2   4   0  -3  -1   0   4  -2  -4  -4  -1  -3  -4  -3   1   0  -4  -3  -3    2   0  26   2   0   2   8  46   0   0   0   0   0   0   0   9   4   0   0   0  0.64 0.15
   94 Y     0  -2   0   2  -2  -1  -1  -1  -1  -2  -2  -1  -2  -1   0   1   2   3   4  -1    9   0   2  16   0   1   2   2   0   0   3   0   0   0   3  16  16   4  21   4  0.23 0.10
   95 R    -1   3   2  -1  -3   2   0  -1   0  -2  -2   1   1  -3   1  -1   1  -3  -2  -2    4  28  15   0   0   9   4   3   1   2   0   7   6   0   9   0  10   0   0   0  0.30 0.10
   96 A     4  -3  -3  -3  -2  -2  -2  -2  -3  -3  -3  -2  -3  -3   6   0  -1  -4  -1  -2   48   0   0   0   0   0   0   0   0   0   2   0   0   0  42   6   0   0   3   0  1.01 0.22
   97 L    -2  -2   2  -1  -2  -1   0  -3   0   0   3  -2   0   1  -3   0   0  -2   2  -1    0   0  17   1   0   0   8   0   2   3  39   0   0   7   0   7   7   0   9   0  0.19 0.11
   98 Q    -1   1  -1  -2  -4   5   0   3   2  -4  -3   0  -2   1   0   0  -2  -3  -2  -3    0   7   0   0   0  41   3  24   6   0   0   0   0   8   5   7   0   0   0   0  0.48 0.17
   99 Y    -1  -1  -1   1  -2  -1  -1   0  -2   2  -1   2  -1  -2  -2   0   2  -3  -1   0    0   0   0  12   0   1   0   9   0  22   4  17   0   0   0   8  22   0   2   2  0.14 0.10
  100 S     1  -2   3  -1  -2   0   0  -1  -2  -3  -3  -1  -3  -4  -2   4   1  -4  -3  -2    8   0  20   0   0   3   3   3   0   0   0   0   0   0   0  59   3   0   0   3  0.58 0.19
  101 P    -2  -3   1  -2  -3  -1  -2  -2   2  -3  -2  -2  -3   0   6  -1   3  -4  -2  -3    0   0   8   0   0   2   0   3   7   0   3   0   0   6  48   0  24   0   0   0  0.94 0.20
  102 G    -1  -3  -2   0  -3  -3  -3   4  -2   2  -2  -3  -2   0  -1  -1  -2  -2   3   0    3   0   0   6   0   0   0  42   0  26   0   0   0   3   3   2   0   0  13   3  0.40 0.14
  103 S    -2   0   4  -1  -3   1  -1  -1   2  -1  -1  -1  -1  -2   1   0  -1  -3   1   1    0   7  31   0   0   8   0   3   5   2   6   0   0   0   7   6   0   0   8  18  0.21 0.11
  104 Y    -2  -3  -3  -3  -3  -2  -2  -4  -1   1  -1  -3   1   3  -3  -2   3   0   6   0    0   0   0   0   0   0   1   0   0   8   0   0   6   9   0   0  27   0  43   6  0.65 0.20
  105 N     0  -2   3   4  -3  -2  -1   4  -2  -4  -4  -2  -3  -4  -3   0  -1  -4  -4  -4    7   0  16  31   0   0   0  38   0   0   0   0   0   0   0   5   3   0   0   0  0.66 0.16
  106 E     1  -1   1   0  -3   2   5  -2  -1  -3  -1   0  -2  -4   1   0  -1  -4  -3  -3   14   0   8   0   0   8  53   0   0   0   6   3   0   0   5   3   0   0   0   0  0.53 0.17
  107 D    -1   1   3   4  -3   1   2  -2  -1  -3  -3   0  -2  -3  -2  -1   1  -4  -1  -1    5  11  18  31   0   5  11   0   0   0   0   2   0   0   0   0  10   0   2   5  0.40 0.12
  108 M    -1  -3  -2  -3  -2  -2  -3   3  -3   0   1  -3   2  -2   1  -2   0  -3  -3   3    0   0   0   0   0   0   0  29   0   0  13   0  10   0   6   0   6   0   0  35  0.33 0.14
  109 F    -3  -4  -4  -5  -3  -4  -4  -5  -3   2   3  -4   0   6  -4  -4  -3  -1   0   0    0   0   0   0   0   0   0   0   0  17  39   0   0  44   0   0   0   0   0   0  0.77 0.19
  110 Q    -2   1  -1  -2  -4   7   1  -3  -1  -4  -3   2   0  -5  -3   0  -2  -4  -3  -4    0   3   0   0   0  73   2   0   0   0   0  12   2   0   0   8   0   0   0   0  1.08 0.28
  111 G     1   3  -1   0  -3  -1  -2   2  -2   0  -2   0   1  -3  -3  -1  -1   1  -2   0   13  30   0   8   0   0   0  23   0   6   0   0   7   0   0   0   2   3   0   9  0.25 0.11
  112 L    -2  -3  -4  -5   3  -3  -4  -5  -4   0   4  -3   5   1  -4  -3  -2  -3  -2   0    0   0   0   0   7   0   0   0   0   0  66   0  22   5   0   0   0   0   0   0  0.76 0.21
  113 D    -3   1   0   7  -5  -2   0  -3  -3  -5  -5  -2  -5  -5  -3  -2  -3  -6  -5  -5    0   8   0  92   0   0   0   0   0   0   0   0   0   0   0   0   0   0   0   0  1.60 0.31
  114 F     0   0  -2  -3  -3  -1  -2  -3   1  -2  -2   2  -1   5  -3  -2  -1   0   5  -2   10   3   0   0   0   0   0   1   4   0   1  17   0  30   0   1   3   0  27   0  0.49 0.15
  115 A     0  -3  -3  -4  -2  -3  -3  -3  -3   2   1  -3   0  -1  -3  -2  -1  -2   2   5    5   0   0   0   0   0   0   1   0   8   9   0   0   0   0   1   0   0   8  66  0.52 0.16
  116 L    -1  -3  -4  -4  -2  -3  -3  -4  -4   4   2  -3   0  -1  -3  -3  -1  -3  -2   4    1   0   0   0   0   0   0   1   0  34  14   0   0   0   0   1   0   0   0  46  0.56 0.15
  117 A     2  -1   1  -1  -2   0   0  -1   3  -3  -3   0  -2  -2  -2   2   0  -2   1  -2   30   2   5   0   0   4   7   1  12   0   1   3   0   0   0  26   2   0   5   0  0.28 0.11
  118 E     2  -1  -1   0  -2   0   4  -1  -1  -3  -2   1  -2  -2  -2   2  -1  -3   1  -2   19   0   0   0   0   0  39   2   0   0   4   6   0   0   0  19   0   0   6   0  0.35 0.13
  119 A     6  -2  -3  -3  -2  -2  -2  -1  -3  -2  -3  -2  -2  -3  -2   0  -1  -3  -3  -1   93   0   0   0   0   0   0   1   0   0   1   0   0   0   0   1   0   0   0   0  0.96 0.25
  120 R    -1   3  -1  -1  -3   2   3   1  -1  -3  -3   3  -2  -3  -2   0  -1  -3  -2  -3    3  17   0   0   0   8  29  15   0   0   1  21   0   0   0   3   0   0   0   0  0.42 0.11
  121 R    -2   5   0  -2  -4   3   0  -3  -1  -4  -3   4  -2  -4  -3  -1  -1  -4  -3  -3    0  37   3   0   0  15   2   0   0   0   0  39   0   0   0   0   4   0   0   0  0.77 0.19
  122 H    -3   2   0  -3  -4  -1  -2  -4   7   0  -2  -1  -2   0  -4  -2  -1  -2   5  -2    0  16   3   0   0   0   0   0  40   8   2   0   0   2   0   0   5   0  23   0  0.74 0.21
  123 G    -1  -3   2   1  -4  -2  -2   6   0  -5  -5  -1  -4  -4  -3  -1  -2  -4  -4  -4    0   0  14   7   0   0   0  72   3   0   0   4   0   0   0   0   0   0   0   0  1.06 0.22
  124 I    -2  -4  -4  -4  -2  -4  -4  -5  -4   6   2  -4   2  -1  -4  -3  -2  -4  -2   2    0   0   0   0   0   0   0   0   0  74  10   0   5   0   0   0   0   0   0  11  0.87 0.22
  125 K    -2   4  -1  -2  -4   2  -1  -3   0  -2  -1   4  -2  -2  -3  -2  -2  -3   1  -1    0  26   0   0   0   9   0   0   2   0   8  41   0   0   0   0   0   0   6   7  0.48 0.16
  126 I    -2  -3  -4  -5  -2  -3  -4  -5  -4   3   4  -4   2  -1  -4  -3  -2  -3  -2   2    0   0   0   0   0   0   0   0   0  22  67   0   2   0   0   0   0   0   0   9  0.71 0.18
  127 I    -2  -4  -4  -5  -2  -4  -4  -5  -4   6   2  -4   0   2  -4  -4  -2  -3  -2   2    0   0   0   0   0   0   0   0   0  74  11   0   0   8   0   0   0   0   0   7  0.84 0.22
  128 L    -2  -3  -4  -4  -2  -3  -3  -4  -3   4   3  -3   1   2  -3  -3  -2  -2  -1   1    1   0   0   0   0   0   0   1   0  31  46   0   3   8   0   1   0   0   0   7  0.48 0.13
  129 S     0  -2   2   1   2  -1  -1  -1  -1  -2  -2  -1  -2  -3   2   2   2  -3  -2  -2    6   1  15   7   7   1   1   1   0   1   3   1   0   1  12  27  16   0   0   1  0.30 0.09
  130 F    -2  -2  -3  -3  -2  -2  -3  -3  -2   0   4  -3   1   5  -3  -2  -2  -1   0   0    2   1   1   1   0   1   1   1   0   1  51   1   0  32   1   1   1   0   1   1  0.49 0.13
  131 A     0  -2  -2  -3   1  -2  -2  -2  -3   1   0  -2   1  -1  -2  -1   1   4  -1   4    6   1   1   1   3   1   1   1   0   3   2   1   3   1   1   1   8   8   1  56  0.36 0.12
  132 N    -2  -1   7   1  -3  -1  -1  -1  -1  -3  -3  -1  -3  -3  -2   0  -1  -3  -2  -3    2   1  80   3   0   1   1   1   0   1   2   1   0   1   1   1   1   0   1   1  1.09 0.21
  133 N    -2  -1   6   0  -2   0   0  -1   0  -2  -2  -1  -2  -1  -2   0  -1  -2   2  -2    2   1  58   1   1   4   3   2   1   1   2   2   1   2   1   3   2   0  10   2  0.58 0.13
  134 Y    -2  -2  -3  -3  -2  -2  -2  -2  -2  -2   0  -2  -1   2  -2  -2  -2  10   3  -2    2   1   1   1   1   1   2   2   1   1  12   2   1   7   1   2   2  51   8   2  1.34 0.18
  135 E     0  -1   2   5  -2   1   1  -1  -1  -2  -2  -1  -2  -2  -1   0   0  -2  -2  -2    7   1  10  43   1   5   8   2   1   1   2   2   1   1   1   6   5   0   1   2  0.41 0.08
  136 S     1  -1   1   5  -2  -1   0  -1  -1  -2  -2  -1  -2  -3  -1   0  -1  -3  -2  -2   13   1   6  53   1   1   2   4   1   1   2   2   1   1   1   6   2   0   1   2  0.53 0.11
  137 F    -2  -2  -2  -2  -2  -2  -2  -2   0  -1   0  -2  -1   5  -2  -2  -2   1   6  -1    2   1   1   1   1   1   2   2   1   1   5   2   1  27   1   2   2   0  45   2  0.70 0.14
  138 G    -1  -2  -1  -2  -3  -2  -2   6  -2  -3  -3  -2  -3  -3  -2  -1  -2  -3  -3  -3    2   1   1   1   0   1   1  82   0   1   2   1   0   1   1   1   1   0   1   1  1.12 0.18
  139 G     1  -2  -1  -2  -2  -2  -2   6  -2  -3  -3  -2  -3  -3  -2  -1  -2  -3  -3  -3    9   1   1   1   0   1   1  75   0   1   2   1   0   1   1   1   1   0   1   1  0.95 0.16
  140 R    -1   2  -1  -2  -2   0  -1  -2  -2   1   0   3   4  -1  -2  -1  -1  -2  -1   1    2   9   1   1   0   1   1   1   0   9   2  32  25   1   1   1   1   0   2   9  0.26 0.11
  141 K     1   1   3   1  -2   0   0  -1  -1  -2  -2   3  -2  -3  -1   0   0  -3  -2  -2   16   7  23   6   0   2   1   1   0   1   2  26   0   1   1   5   5   0   1   1  0.26 0.08
  142 Q     2  -1  -1  -1  -2   5   0  -2  -1  -1  -2   0  -1  -3  -1   0  -1  -2  -2   0   26   1   1   1   0  44   3   1   0   4   2   3   0   1   1   3   1   0   1   6  0.39 0.13
  143 Y    -2  -2  -2  -3  -3  -2  -2  -3   0  -2  -2  -2  -2   1  -3   0  -2   1   8  -2    2   1   1   1   0   1   1   1   0   1   2   1   0   1   1   9   1   0  74   1  1.14 0.22
  144 V    -1  -2  -2  -2  -1  -2  -2  -2  -2   2   0  -2   1  -1  -2  -1   1  -2  -1   4    2   1   1   1   1   1   2   2   1   6   6   2   2   1   1   2   9   0   1  57  0.30 0.10
  145 D    -1   2   2   1  -2   2   1  -1   2  -2  -2   2  -1  -2  -1   0  -1   2  -1  -2    2  14  12   8   1  11   7   2   8   2   3  15   1   1   2   4   2   4   1   2  0.20 0.05
  146 W    -1  -1  -1  -1  -1  -1  -1  -1  -1  -1  -1  -1  -1   0  -1  -1  -1   9   3  -1    4   3   2   3   1   2   3   4   1   3   5   3   1   2   3   4   3  40   9   3  0.84 0.08
  147 A     3  -1   0   2  -1   0   0   1  -1  -1  -1  -1  -1  -1   0   0   0  -1  -1  -1   38   2   2  16   1   2   3   8   1   2   4   3   1   2   2   3   3   1   2   3  0.16 0.04
  148 R    -1   4   0  -1  -2   1   1  -1  -1  -2  -2   1  -1  -2  -1  -1  -1   4  -1  -1    5  34   4   2   1   6  10   5   1   2   3   7   1   1   2   3   2   7   1   5  0.25 0.06
  149 S     0  -1   1   1   2   1   1  -1   3  -1   0  -1  -1  -2  -1   0   0  -2  -1  -1   11   2   8   8   8   8   7   2  13   2  10   2   1   1   2   6   7   0   1   2  0.09 0.03
  150 R     1   2   1  -1  -2   1   1  -1  -1  -1  -2   0  -1  -2   2   1   0  -2  -2  -1   18  18   9   1   0   5   8   2   1   4   2   4   1   1   9   8   5   0   1   4  0.15 0.04
  151 G     1  -2   1  -1  -2  -2  -2   5  -2  -3  -3  -2  -2  -3   2  -1  -1  -3  -3  -3   12   1   9   1   0   1   1  54   0   1   2   1   0   1  13   1   1   0   1   1  0.64 0.12
  152 R     2  -1  -2   0  -2   0  -1   0   2   0   1  -1  -1  -1  -2  -1  -1  -2   2   1   24   2   0   6   0   6   2   6   6   0  18   0   0   0   0   0   0   0  13  15  0.10 0.08
  153 P    -1  -2   2  -1   2   0  -2   4  -1  -2  -2  -1   1   1  -1   0  -1  -2   1  -2    2   0  13   3   6   5   0  36   0   0   0   2   8   8   2   6   0   0   8   2  0.29 0.11
  154 V     0  -3  -2  -3  -2  -2  -2   4  -3   1   2  -2   1  -2  -3   0  -1  -3  -2   1    4   0   0   0   0   0   1  37   0   7  29   0   3   0   0   6   0   0   0  14  0.33 0.11
  155 S     1  -2   0   1  -2   0  -1   3  -2  -3  -3  -1  -2  -3  -2   2   2  -3  -3  -2   15   0   2  10   0   5   0  30   0   0   0   0   0   0   0  21  17   0   0   0  0.41 0.12
  156 S     0  -1   2   1  -2   2   0   0  -1  -2  -1  -1  -2  -2  -2   3   1  -3   0  -2    3   0  11   9   0  12   2   5   0   0   7   0   0   0   0  34  11   0   5   0  0.25 0.11
  157 E     0   1   1   2  -3   0   1  -1   2  -3  -3   2  -2  -3   2   2  -1  -4  -2  -3    7   8   7  17   0   2   6   2   9   0   0  14   0   0  10  19   0   0   0   0  0.32 0.09
  158 D     0  -2   2   4  -2  -1   2  -2  -1  -2  -3  -1  -2  -3   0   0   2  -3  -2  -2    9   1   8  38   0   1  12   1   0   1   1   1   0   1   3   1  21   0   0   1  0.43 0.11
  159 D    -1  -2   0   5  -3   1   2  -1  -2  -2   0  -1  -2  -3  -2   0   0  -3  -3  -2    4   0   0  46   0   8  14   2   0   0  13   0   0   0   0   5   5   0   0   0  0.47 0.13
  160 F    -3  -4  -4  -4  -3  -4  -4  -4  -3  -2  -1  -4  -2   7  -4  -3  -3   9   1  -3    1   0   0   0   0   0   0   1   0   0   1   0   0  63   0   1   0  30   0   0  1.60 0.27
  161 F    -3  -3  -3  -4  -3  -3  -3  -4   0  -2  -2  -3  -2   6  -4  -3  -3   1   7  -2    1   0   0   0   0   0   0   1   0   0   1   0   0  36   0   1   0   0  57   0  1.30 0.25
  162 T    -1   1   2  -1  -2  -1  -1  -2  -2  -2  -2  -1  -2   0  -2   2   5  -3  -2  -1    2  10   9   0   0   0   2   1   0   0   1   0   0   6   0  12  54   0   0   0  0.46 0.16
  163 D    -1  -2   5   3  -3  -1  -1  -1   2  -3  -2  -1  -2  -3  -2   2  -1  -4  -2  -3    1   0  42  16   0   0   0   1   6   0   6   0   0   0   0  24   0   0   0   0  0.55 0.16
  164 S     0  -1  -1   1  -2   1   1  -2  -2  -2  -2   0  -2  -3   5   1   0  -3  -1   0    7   0   0   7   0   6   8   1   0   0   1   6   0   0  31  15   6   0   2   8  0.47 0.10
  165 L     1   0  -1  -1  -2   0  -1  -1  -2   0  -1   2   0  -2  -1   1   1  -2   1   1   12   2   1   1   0   3   0   2   0   5   4  21   4   0   1  11  13   0   6  14  0.09 0.06
  166 V    -1  -3  -3  -3  -2  -2  -3  -3  -3   4   2  -3   2  -1   1   0   0  -3  -2   2    4   0   0   0   0   0   0   0   0  35  20   0   6   0   6   9   4   0   0  16  0.32 0.11
  167 K    -2   2  -1  -1  -4   5   2  -3  -1  -4  -4   4  -2  -4  -2  -1  -2  -4  -3  -4    0  10   0   0   0  44  12   0   0   0   0  34   0   0   0   0   0   0   0   0  0.84 0.22
  168 D     1   1   2   1  -2   1   0   0  -1  -3  -3   1  -2  -3  -2   2   0  -4  -3  -2   16   8  14   6   0   6   2   6   0   0   0  12   0   0   0  27   2   0   0   0  0.30 0.10
  169 F     2   0  -2  -3  -3   0  -2  -3   3  -2  -2  -2  -2   3  -3  -1   0   0   5   0   24   6   0   0   0   4   0   0   7   0   0   0   0  15   0   0   6   0  32   6  0.43 0.15
  170 Y    -3  -3  -4  -5  -4  -3  -4  -4   0   0  -1  -3   2   3  -4  -3  -3   6   7  -2    0   0   0   0   0   0   0   0   0   8   3   0   7  10   0   0   0  12  60   0  1.22 0.26
  171 K    -2   3  -1   1  -4   2   0  -3   0   1  -3   4  -2  -4  -2  -1  -2  -4  -3  -2    0  22   0   8   0  11   0   0   2  12   0  46   0   0   0   0   0   0   0   0  0.54 0.17
  172 N     1   1   4   0  -2   0   0  -1   2  -2  -3   0  -2  -3  -2   2   0  -4  -2   0   16   9  29   3   0   2   3   0   8   0   0   2   0   0   0  16   3   0   0  10  0.28 0.11
  173 H     0  -2   0   2  -3  -2  -2  -3   6  -3  -3  -2  -2   1  -3  -2  -2   0   6  -3    8   0   3  12   0   0   0   1  25   0   1   0   0   3   0   1   0   0  43   0  0.78 0.20
  174 I    -2  -3  -4  -4  -2  -3  -4  -4  -4   4   2  -3   2  -1  -3  -3  -1   4  -2   4    0   0   0   0   0   0   0   0   0  29  20   0   7   0   0   0   0   6   0  36  0.53 0.14
  175 K    -2   2  -1  -1  -4   2   2  -3  -2  -4  -3   5  -2  -4  -2  -1   0  -4  -3  -3    0   5   0   0   0  10  15   0   0   0   0  65   0   0   0   0   4   0   0   0  0.79 0.21
  176 A     3  -2  -2  -2  -2  -1   1  -2  -2  -2  -2   0   1  -1   1   0   2  -3  -2   0   42   0   0   0   0   0  14   0   0   0   0   3   6   3   8   0  16   0   0   6  0.29 0.13
  177 V    -2  -3  -4  -4  -2  -3  -4  -4  -4   2   2  -3   4  -1  -4  -3  -1  -3  -2   5    0   0   0   0   0   0   0   0   0   7  18   0  15   0   0   0   0   0   0  60  0.66 0.19
  178 L     2  -3  -4  -4  -2  -3  -3  -3  -4   1   2  -3   0  -1  -3  -2  -1  -3  -2   4   20   0   0   0   0   0   0   0   0   3  30   0   0   0   0   0   0   0   0  48  0.47 0.16
  179 N    -1   1   3   1  -2   1   0  -2  -1  -3  -3   0  -1  -3  -2   2   3  -4  -3  -2    0   7  19   8   0   6   2   0   0   0   0   2   2   0   0  21  34   0   0   0  0.41 0.15
  180 R    -3   7  -2  -3  -4   0  -1  -3  -2  -4  -3   1  -3  -4  -3  -2  -2  -4  -3  -4    1  93   0   0   0   0   0   1   0   0   1   0   0   0   0   1   0   0   0   0  1.45 0.29
  181 F     0   0   0   1  -1   0   0  -1  -1   0   0   1   0   0   0   0   0  -1  -1   1    4   6   2  10   1   2   3   4   1   5   8  13   1   6   3   4   3   1   2  20  0.02 0.01
  182 N    -1   0   5   0  -1   0   0   0   0  -1  -1   0  -1  -1   0   0   0  -1  -1  -1    5   3  42   3   1   3   4   4   1   3   5   4   1   2   3   4   4   1   2   4  0.25 0.04
  183 T     0   0   0   0  -1   0   0   0   0  -1  -1   0  -1  -1   0   1   2  -1  -1   0    7   3   3   3   1   3   4   4   4   3   5   6   1   2   3  14  26   1   2   4  0.10 0.02
  184 F     0  -1  -1  -1  -1  -1  -1  -1  -1   1   1  -1   0   2   0  -1   0   0   1   1    5   3   3   3   1   3   4   4   1  16  12   4   1  11   3   4   4   1   7  10  0.02 0.01
  185 T     0  -1   0   0  -1   0   0  -1  -1  -1  -1   0  -1  -1   0   1   3  -1  -1   0    5   3   3   3   1   3   4   4   1   3   5   4   1   2   3   7  40   1   2   4  0.16 0.03
  186 K     0   1   1   0  -1   0   0   2  -1  -1  -1   1  -1  -1   0   0   0  -1  -1  -1    5   6   7   3   1   3   4  24   1   3   5  15   1   2   3   4   4   1   2   4  0.11 0.01
  187 V     0   0  -1  -1  -1   0   0  -1  -1   1   0  -1   0  -1   0   0   0  -1  -1   2    5   5   3   3   1   3   6   4   1  12   8   4   3   2   3   4   4   1   2  25  0.03 0.01
  188 H     2   0   0   0  -1   0   1   0   0  -1  -1   0   0  -1   0   0   1  -1  -1  -1   29   6   2   3   1   2  12   4   3   3   5   3   3   2   3   4   9   1   2   3  0.08 0.02
  189 Y    -3  -3  -3  -4  -3  -3  -3  -4   0  -2   0  -3  -2   2  -4  -3  -3   1   8  -2    1   0   0   0   0   0   0   1   0   0   8   0   0   2   0   1   0   0  84   0  1.53 0.30
  190 K    -1   3  -1  -2  -4   0  -1  -3  -2  -1  -2   5  -2  -4  -2   0   0  -4  -3  -1    2  21   0   0   0   0   0   0   0   5   1  56   0   0   0   7   4   0   0   4  0.59 0.18
  191 D    -3  -2   5   5  -4  -1   0   1  -2  -5  -5  -1  -4  -5  -3  -1  -2  -5  -4  -4    0   0  38  49   0   0   0   9   0   0   0   2   0   0   0   2   0   0   0   0  0.99 0.22
  192 D    -1  -2   2   4  -3  -1   2  -2   2  -4  -4  -1  -3  -4  -2   3  -1  -4  -3  -3    0   0  12  32   0   0  15   0   7   0   0   0   0   0   0  34   0   0   0   0  0.61 0.17
  193 P    -1  -3  -3  -1  -4  -2  -2  -3  -3  -4  -4   0  -4  -5   8   0   0  -5  -4  -3    3   0   0   2   0   0   0   0   0   0   0   8   0   0  76   6   5   0   0   0  1.74 0.28
  194 T     4  -3  -2  -3  -2  -2  -2  -2  -3  -2  -3  -2  -2  -3  -2   0   5  -4  -3  -1   54   0   0   0   0   0   0   0   0   0   0   0   0   0   0   0  46   0   0   0  0.76 0.24
  195 I    -2  -4  -4  -4  -2  -4  -4  -5  -4   6   1  -4   0  -1  -4  -3  -2  -4  -2   4    0   0   0   0   0   0   0   0   0  65   8   0   0   0   0   0   0   0   0  28  0.83 0.21
  196 M    -2  -3  -4  -4  -3  -3  -4   0  -3   1   1  -3   4   5  -4  -3  -2  -1   0   1    0   0   0   0   0   0   0   8   0   6   9   0  21  43   0   0   0   0   0  13  0.58 0.18
  197 A     5  -3  -2  -3  -2  -2  -2   3  -3  -3  -2  -2   2  -3  -2   1  -1  -4  -3  -2   66   0   0   0   0   0   0  22   0   0   0   0   7   0   0   5   0   0   0   0  0.67 0.21
  198 W    -1  -5  -6  -6  -4  -4  -5  -4  -4  -4  -3  -5  -3   1  -6  -4  -4  12   0  -5    6   0   0   0   0   0   0   0   0   0   0   0   0   6   0   0   0  88   0   0  3.24 0.45
  199 E    -2  -2  -1   3  -5   1   6  -3  -2  -5  -4  -1  -3  -5  -2   0  -2  -4  -3  -4    0   0   0  20   0   2  71   0   0   0   0   0   0   0   0   7   0   0   0   0  1.05 0.25
  200 L    -2  -3  -5  -5  -2  -3  -4  -5  -4   2   5  -4   1  -1  -4  -4  -2  -3  -2   1    0   0   0   0   0   0   0   0   0   8  85   0   0   0   0   0   0   0   0   7  0.87 0.22
  201 M     3  -2  -2  -3  -2  -2  -2   0   3   1   0  -2   5  -2  -3  -1  -2  -3  -2  -1   31   0   0   0   0   0   0   8  12  13   0   0  34   0   0   3   0   0   0   0  0.42 0.19
  202 N    -3  -2   8   0  -4  -2  -2  -2  -1  -5  -5  -2  -4  -5  -4  -1  -2  -6  -4  -5    0   0 100   0   0   0   0   0   0   0   0   0   0   0   0   0   0   0   0   0  1.80 0.36
  203 E    -2  -2  -2   0  -5   0   7  -4  -2  -5  -5  -1  -4  -5  -3  -2  -2  -5  -4  -4    0   0   0   0   0   0 100   0   0   0   0   0   0   0   0   0   0   0   0   0  1.57 0.34
  204 P    -1  -4  -4  -3  -5  -3  -3  -4  -4  -5  -5  -3  -4  -5   8  -2  -3  -6  -5  -4    3   0   0   0   0   0   0   0   0   0   0   0   0   0  97   0   0   0   0   0  2.59 0.37
  205 R     0   6  -2  -2  -4   0   1  -3   4  -4  -4   1  -3  -4  -3  -2  -2  -4  -2  -4    7  71   0   0   0   2   8   0  12   0   0   0   0   0   0   0   0   0   0   0  1.01 0.25
  206 C    -2  -4  -1   1   9  -3  -3   0  -4  -3  -3  -4  -3  -4  -4   1  -2  -4  -4  -3    0   0   2   9  68   0   0   6   0   0   0   0   0   0   0  15   0   0   0   0  1.51 0.30
  207 P    -1   0   1  -1  -3   3   0   0   2  -3  -3   1  -1  -3   3   1   0  -3  -1  -2    2   2   6   2   0  22   0   7   7   0   0  12   2   0  16  10   6   0   2   3  0.31 0.10
  208 S     3  -2  -1  -1  -2  -2  -2   3  -2  -2  -1  -2  -2  -3  -2   3   0  -3  -3  -1   28   0   0   2   0   0   0  26   0   0   7   0   0   0   0  32   2   0   0   2  0.41 0.14
  209 D    -2  -3   0   5   7  -1   2  -2  -2  -3  -3  -2  -3  -4  -3   0  -2  -4  -3  -3    0   0   3  39  30   0  15   2   0   0   0   0   0   0   0   9   0   0   0   0  0.81 0.19
  210 P    -1  -2  -1   2   3  -1   0   0  -2  -2  -1  -1  -2  -2   4   0  -1   3   0  -1    0   0   2  15  10   0   3   6   0   0   7   2   0   0  24  11   3   6   5   4  0.36 0.09
  211 S     1  -2   0  -2   3  -1  -1   0  -2  -2  -3  -1  -2  -3  -2   3   3  -3  -3  -2   11   0   3   0   8   0   0   6   0   0   0   0   0   0   0  39  30   0   0   0  0.46 0.15
  212 G    -1  -2  -1  -2  -3  -2  -2   5  -2  -3  -3  -2  -2   1   2   0   1  -2  -2  -3    1   1   1   1   0   1   1  57   0   1   1   1   0   8  12   3  10   0   0   1  0.65 0.14
  213 R    -1   0   2   4  -3   0   1  -1  -1  -3  -4   2  -3  -3   0   1  -1  -3   1  -3    2   4  12  34   0   0   7   2   0   0   0  14   0   0   3  14   0   0   7   0  0.41 0.12
  214 A     0  -2  -2  -3  -2  -2  -2  -3  -2   1   0  -1   1  -1   1  -1   3  -2   2   3    8   0   0   0   0   0   0   0   0   6   3   2   4   0   6   0  34   0  10  28  0.30 0.14
  215 I    -2   0  -3  -4  -2  -2  -3  -4  -3   2   4  -2   1   0  -3   0  -1  -3  -2   1    0   8   0   0   0   0   0   0   0  16  53   0   0   2   0  12   0   0   0   9  0.37 0.13
  216 Q    -2  -1   1  -2  -3   4  -1  -3   4  -1  -2   1   0   0  -3  -1   1  -2   3  -1    0   0   7   0   0  30   0   0  14   6   0   7   2   2   0   0  13   0  17   2  0.38 0.16
  217 A     2  -1   3   3  -3   0   0   1  -2  -3  -3  -1   1  -3  -2   1  -1  -4  -3  -2   22   2  18  26   0   4   1  12   0   0   0   0   7   0   0   8   0   0   0   0  0.35 0.12
  218 W    -4  -5  -6  -6  -4  -4  -5  -5  -5  -4  -3  -5  -3  -1  -6  -5  -4  12   0   0    0   0   0   0   0   0   0   0   0   0   0   0   0   0   0   0   0  93   0   7  3.47 0.47
  219 I     2  -3  -4  -4  -2  -3  -3  -3  -4   4   0  -3   1  -2  -3  -2  -1  -4  -2   3   24   0   0   0   0   0   0   0   0  46   0   0   4   0   0   0   1   0   0  24  0.50 0.17
  220 T     0  -1   2   1  -3   2   2  -2  -1  -3  -2   1  -2  -3  -2   0   2  -4  -3  -2    9   0  14   9   0  13  20   0   0   0   2   9   0   0   0   2  22   0   0   0  0.33 0.11
  221 E    -2   2  -1   0  -4   1   4  -3   2  -4  -4   2  -3  -3  -2   1  -2   4  -2  -3    0  12   0   3   0   2  44   0   7   0   0  12   0   0   0  11   0   8   0   0  0.58 0.16
  222 M     1  -2  -2  -3  -2   1  -2  -3  -3   0   0  -2   6  -2  -3  -1   3  -3  -2   0   12   0   0   0   0   8   0   0   0   4   0   0  44   0   0   0  28   0   0   5  0.57 0.22
  223 A     3  -2  -1  -2  -2  -1  -1   2  -2  -3  -3  -1  -2  -3  -2   3   1  -3  -3  -2   41   0   0   0   0   0   0  12   0   0   1   0   0   0   0  37   4   0   0   0  0.48 0.15
  224 A     2  -1   2   0  -2   0   0   1  -1  -2  -2   0  -2  -2   1   1   0  -3  -2  -1   31   2  12   2   0   5   4   7   0   0   3   3   0   2   6  12   6   0   0   2  0.19 0.07
  225 H     1  -3  -3  -3  -3  -2  -3  -3   2  -2  -2  -3  -2   4  -3  -2  -2   0   7  -2   20   0   0   0   0   0   0   1   6   0   1   0   0  18   0   1   0   0  50   0  0.82 0.20
  226 V    -2  -3  -4  -4  -2  -3  -3  -4  -4   5   1  -3   0  -1  -3  -3  -1  -3  -2   4    1   0   0   0   0   0   0   1   0  48   3   0   0   0   0   1   0   0   0  43  0.67 0.18
  227 K    -2   1  -2  -2  -4   0  -1  -3  -2  -3   0   6  -2  -4  -3  -2  -2  -4  -3  -3    0   2   0   0   0   0   0   0   0   0  12  86   0   0   0   0   0   0   0   0  1.02 0.28
  228 S     1   0  -1  -1  -2  -1   1   0  -2  -4  -4   1  -3  -4  -2   5   0  -4  -3  -3    7   4   0   0   0   0   8   3   0   0   0   7   0   0   0  70   0   0   0   0  0.65 0.22
  229 L    -2  -3  -4  -4  -2  -3  -4  -5  -4   3   4  -3   1  -1  -4  -3  -2  -3  -2   3    0   0   0   0   0   0   0   0   0  15  53   0   0   0   0   0   0   0   0  32  0.64 0.17
  230 D    -3  -3   3   7  -5  -2   0  -3  -2  -5  -5  -2  -5  -5  -3  -2  -2  -6  -5  -5    0   0  12  88   0   0   0   0   0   0   0   0   0   0   0   0   0   0   0   0  1.57 0.30
  231 R     0   0   1  -1  -3  -1  -1  -1  -2  -4  -4   1  -3  -4   6   1   0  -4  -3  -3    6   4   7   2   0   0   2   4   0   0   0  10   0   0  50  13   3   0   0   0  0.95 0.18
  232 N    -1   1   5   0  -3   0  -1   0   2  -3  -3   3  -2  -4  -2   1  -1  -4  -3  -2    2   5  37   4   0   0   0   8   5   0   2  28   0   0   0   7   0   0   0   3  0.46 0.15
  233 H     0   1  -1  -3  -4  -1  -2  -3   9  -4  -1  -2  -3  -3  -4  -2  -3   4   0  -4    8   9   0   0   0   0   0   0  72   0   6   0   0   0   0   0   0   6   0   0  1.39 0.30
  234 L    -2  -3  -4  -5  -3  -3  -4  -4  -4   0   4  -3   6  -1   1  -3  -2  -3  -2   0    0   0   0   0   0   0   0   0   0   0  61   0  32   0   7   0   0   0   0   0  0.82 0.23
  235 L    -2  -4  -4  -4  -2  -3  -4  -4  -4   3   3  -3   0  -1  -4  -3  -1  -3  -2   5    0   0   0   0   0   0   0   0   0  14  28   0   0   0   0   0   1   0   0  56  0.64 0.18
  236 E     0  -2  -1  -2   4  -1   2  -2  -2  -2  -1  -2  -2   0  -2   0   4  -3  -2  -1    9   0   0   0  12   0  20   2   0   0   6   0   0   6   0   4  41   0   0   0  0.36 0.15
  237 A     0  -3  -3  -3  -2  -2  -3  -3  -3   3   1  -2   1  -1  -1  -2   1   3  -2   3    4   0   0   0   0   0   0   1   0  26   9   0   2   0   2   1  10   5   0  36  0.33 0.11
  238 G    -1  -3  -1  -2  -3  -2  -3   6  -3  -4  -4  -2  -3  -3  -3  -1  -2  -3  -3  -3    1   1   1   1   0   1   1  88   0   1   1   1   0   1   1   1   1   0   0   1  1.30 0.21
  239 L    -1  -2  -1   3  -2  -1   0   0   0   0   1  -1   1  -1  -2   0   0  -3  -2   0    3   1   1  25   0   1   5   6   3   3  24   1   5   1   1   9   6   0   0   7  0.13 0.06
  240 E    -2  -1  -1   0  -4   2   6  -3  -1  -4  -3  -1  -3  -3  -2  -1  -2   4  -2  -3    1   0   0   0   0   6  78   1   0   0   1   1   0   0   0   1   1   8   0   1  1.05 0.24
  241 G    -1  -3   1  -2  -3  -2  -2   6  -2  -4  -4  -2  -3  -4  -3   0  -2  -3  -3  -4    1   0   8   0   0   0   1  78   0   0   1   1   0   0   0   6   1   0   0   1  1.10 0.20
  242 F    -2  -3  -3  -4  -3  -3  -3  -1  -2  -1   0  -3   4   6  -3  -3  -2   3   3   0    1   0   0   0   0   0   1   6   0   0   3   1  16  54   0   1   1   3   6   7  0.70 0.18
  243 Y    -1  -1   1   0  -2  -1  -1  -2   0  -1  -1   0  -1   2  -2  -1  -1   0   6  -1    3   2   7   8   1   1   2   2   1   2   6  10   1   6   2   2   2   0  40   2  0.34 0.09
  244 G     1  -2   1  -2   1  -2  -2   5   2  -3  -3  -2  -3  -3  -2  -1  -2  -3  -3  -3    9   1   6   1   3   1   1  66   6   1   1   1   0   1   1   1   1   0   0   1  0.80 0.15
  245 Q    -1  -2   1   3  -2   0   0  -2  -2  -1   1  -1  -1  -2   3  -1  -1  -3  -1  -1    5   1   9  25   0   3   5   1   0   3  23   1   0   1  17   1   1   0   3   2  0.26 0.08
  246 S     0  -2   1   2  -2  -1   0   1  -2  -2  -2  -1  -2  -3   0   3   2  -3  -2  -1    1   1   4  14   0   1   3  12   0   1   1   1   0   0   4  36  14   0   0   7  0.28 0.10
  247 S     0  -1  -1   1  -2   1   1  -2  -1   1   0  -1   1  -1  -2   1   1  -2   1   1    3   1   1   8   0   7   9   1   0  14   8   1   5   0   1  20   9   0   6   8  0.08 0.05
  248 P     1  -1  -1   1  -3  -1  -1   2   1  -3  -2  -1  -1  -3   5  -1  -2   3  -2  -2   11   3   0  10   0   3   1  19   6   1   5   1   2   0  30   1   1   6   0   1  0.49 0.11
  249 Q     0  -1   1   1  -2   1   3   0  -1  -2  -2   0   1  -2  -1   2  -1   3  -2  -2    3   1   7   5   0   7  24   5   0   1   1   5   8   0   3  23   1   6   0   1  0.25 0.09
  250 S    -1   3   1   3  -3   0   0   2  -1  -3  -2   1  -2  -3  -2   1  -1  -3  -2  -3    1  21   7  26   0   3   1  18   0   1   4   5   0   1   1   9   1   0   0   1  0.31 0.09
  251 K     0  -1  -1   0  -2   0  -1   3  -2  -1   0   2  -1  -2  -1   1   0  -2  -2  -1    5   1   1   4   0   2   1  29   0   1  15  18   0   1   1   9   7   0   1   1  0.18 0.06
  252 T     0   0   2   0  -2   1   0   0  -1  -2  -2  -1  -1   1   0   2   2  -2  -1  -1    3   5  13   3   0   7   5   4   0   1   3   1   0   8   3  27  14   0   0   3  0.16 0.07
  253 L    -2  -3  -3  -3  -3  -2  -3  -4   3   0   1  -3  -1   2  -3  -2  -2   4   6   1    1   0   0   0   0   0   0   1   8   4  17   0   0   4   0   1   0   5  40  17  0.55 0.15
  254 N     0  -2   5  -1  -3   1  -1  -2  -1  -3  -3  -1  -3  -3   4  -1  -1   4  -2  -3    9   0  47   0   0   6   0   1   0   0   1   0   0   0  26   1   0   6   0   0  0.80 0.19
  255 P    -2  -3  -3  -3  -3  -2  -2  -1  -1  -2  -1  -2  -2   2   5  -2  -2   4   5  -2    1   0   0   0   0   0   0   6   0   0   8   0   0   8  39   1   0   6  27   0  0.87 0.17
  256 P     1  -2   2   0  -2   1  -1   3  -1  -3  -3  -1  -2  -2   0   1   1   2   1  -2   15   0  12   6   0   7   0  24   0   0   1   0   0   0   5   8   9   4   8   0  0.23 0.07
  257 G     0  -2   1  -2   1  -2  -2   3  -1  -3  -3  -2  -2   2  -3   1   0  -1   5  -2    7   0   7   0   3   0   0  28   0   0   0   1   0   9   0  14   4   0  27   0  0.40 0.14
  258 Q    -1  -1   2   1  -3   2   0   0   1  -1  -2  -1  -2  -2  -2   1   0  -2   2   0    3   2  10  11   0  18   2   5   3   0   0   0   0   0   0  14   6   0  11  15  0.17 0.09
  259 F    -1  -2  -2   0  -3  -1   3  -3   2  -1   1  -1  -1   1  -3  -1   0  -2   2   1    3   0   0   5   0   0  29   0   8   0  17   0   0   4   0   0   7   0  12  15  0.20 0.11
  260 G    -1  -3   1  -2   4  -3  -3   6  -3  -4  -4  -3  -4  -4   1  -1   0  -4  -4  -4    0   0   7   0  11   0   0  70   0   0   0   0   0   0   6   0   6   0   0   0  1.01 0.21
  261 T     0  -2   0  -2  -2  -2  -2   1  -2  -1   0  -2  -1  -2  -2   2   3  -3  -2   0    6   0   3   0   0   0   0  14   0   0  12   0   0   0   0  23  32   0   0   9  0.28 0.12
  262 D    -3  -2   5   6  -4  -2   0  -2  -2  -3  -4  -2  -4  -4  -3  -1  -2  -5  -4  -1    0   0  33  60   0   0   0   0   0   0   0   0   0   0   0   0   0   0   0   8  1.07 0.24
  263 F    -3  -3  -4  -5  -4  -3  -4  -4  -2  -1  -1   0  -1   7  -5  -3  -3   0   4   0    0   0   0   0   0   0   0   0   0   0   0   8   0  69   0   0   0   0  17   6  1.17 0.26
  264 I     2  -3  -3  -1  -2  -2   0  -2  -3   3  -1  -2  -1  -2   2  -1   0  -4  -2   2   29   0   0   3   0   0   6   0   0  29   0   0   0   0  12   0   7   0   0  15  0.28 0.12
  265 A     2   2   1  -1  -2   1  -1   0  -1  -2  -2   2   0  -3  -2   1   0  -3  -2  -1   27  16   8   1   0   5   0   8   0   0   2  14   3   0   0   7   2   0   0   6  0.19 0.08
  266 N    -2   0   6   2  -4  -1   0   0  -1  -3  -4  -1  -3  -4  -3   0   0  -5  -3  -1    2   6  59   7   0   0   5   8   0   0   0   0   0   0   0   1   5   0   0   6  0.69 0.19
  267 N    -2  -1   2  -2  -3  -1  -2  -3   4  -1   3   1   0  -2  -3   0  -1  -3  -1  -1    0   0  12   0   0   0   0   0  17   0  44  15   0   0   0   9   0   0   0   2  0.31 0.15
  268 R     2   1   0   1  -2   3   0   1  -1  -2  -1   1  -1  -3  -2   0  -1  -3  -2  -1   21   8   4   8   0  22   3  10   0   0   7   7   0   0   0   1   2   0   0   6  0.18 0.09
  269 I     1  -3  -3  -3  -2  -2  -3  -3  -3   4   1  -3   0  -1  -3   0   0  -3   1   2   15   0   0   0   0   0   0   0   0  38   9   0   0   0   0  12   2   0   6  19  0.30 0.12
  270 P    -1  -2   0   1  -3   0   0   0  -2  -3  -2   1  -3  -4   6   1  -1  -4  -3  -3    4   0   3   9   0   5   6   8   0   0   4   8   0   0  44   9   0   0   0   0  0.78 0.15
  271 G     1  -2   3   2  -2  -1   0   2   1  -3  -3  -1  -2  -2  -2   0   2  -3   1  -2   14   0  17  11   0   0   5  14   4   0   0   0   0   0   0   2  25   0   7   0  0.28 0.11
  272 I    -2   0  -4  -4  -2  -3  -4  -5   1   5   2  -3   0  -1  -4  -3  -2  -4  -2   2    0   6   0   0   0   0   0   0   6  59  14   0   0   0   0   0   0   0   0  15  0.57 0.18
  273 D    -3  -3   0   7  -4  -2   0  -3  -3  -4  -5  -2  -4  -5  -3   0  -2  -6  -4  -1    0   0   0  86   0   0   0   0   0   0   0   0   0   0   0   8   0   0   0   6  1.38 0.29
  274 F    -3  -4  -4  -5  -3  -4  -4  -5  -2  -1   0  -4  -1   7  -5  -4  -3   0   3   1    0   0   0   0   0   0   0   0   0   0   3   0   0  75   0   0   0   0   9  13  1.25 0.27
  275 V     3  -3  -2  -3  -2  -2  -2   4  -2   0  -2  -2  -2  -2  -3  -1  -1  -2   3  -1   41   0   0   0   0   0   0  34   0   7   0   0   0   0   0   0   2   0  14   2  0.49 0.16
  276 T    -1  -2  -1  -2   3   1  -2  -2  -2  -2  -2  -2  -2  -3  -2   3   5  -4  -3   1    0   0   0   0   7   8   0   0   0   0   0   0   0   0   0  26  50   0   0   9  0.56 0.20
  277 V    -2  -3  -3  -4  -2  -3  -3  -4  -3   3   1  -3   1   4   1  -3  -1  -2   1   2    0   0   0   0   0   0   0   0   0  20  14   0   2  26   6   0   0   0   2  25  0.37 0.11
  278 H    -3  -2   2  -2  -5  -1  -2  -4  10  -5  -5  -2  -3  -3  -4   0  -3  -4   0  -5    0   0   7   0   0   0   0   0  87   0   0   0   0   0   0   6   0   0   0   0  1.95 0.37
  279 S     0  -2  -2   0   0  -2  -2  -2  -3   1   2  -2   1  -1  -2   1   1  -3  -2   1    8   0   0   6   2   0   0   0   0   6  31   0   4   0   0  20   8   0   0  15  0.17 0.09
  280 Y    -4  -4  -4  -5  -4  -3  -4  -3   0  -3  -3  -4  -3   1  -5  -3  -3   1   9  -3    0   0   0   0   0   0   0   2   0   0   0   0   0   0   0   0   0   0  98   0  2.08 0.39
  281 P    -1  -2  -2  -2  -3  -2  -2  -2  -2  -3  -3  -2  -2  -3   7   1   1  -3  -3  -2    1   1   1   1   0   1   1   1   0   1   1   1   0   1  62  12  12   0   0   2  1.28 0.19
  282 D    -1  -2   1   5  -3   2   1  -1  -1  -3  -3  -1  -3  -3  -2   0   0  -3   1  -3    3   0   3  53   0  12   5   4   0   0   1   0   0   0   0   5   4   0   8   0  0.60 0.15
  283 E    -1  -2   0   2  -2   2   0  -2   2  -2  -2  -1  -2  -3   1   3   1   3  -2  -1    0   0   2  15   0  11   2   0   6   0   4   0   0   0   6  34  10   5   0   4  0.30 0.12
  284 W    -5  -5  -6  -7  -5  -4  -5  -5  -5  -5  -4  -5  -4  -1  -6  -5  -5  12   0  -5    0   0   0   0   0   0   0   0   0   0   0   0   0   0   0   0   0 100   0   0  3.93 0.51
  285 F    -1  -2  -2  -2  -2  -2  -2   1  -1   0   2  -2   0   3  -2  -1  -1   0   2   0    2   1   1   2   1   1   2  15   1   4  26   2   1  23   2   2   2   0   8   5  0.17 0.05
  286 P    -1  -1   1  -1  -2   0  -1  -1   3   0  -1  -1  -1  -1   3   1   0   2   0   0    2   1   7   2   1   6   2   2  12   6   3   2   1   1  18  19   2   4   4   7  0.22 0.06
  287 D    -1   0   1   3  -2   0   0   2   1  -2  -1  -1  -1  -2   1   0  -1  -2  -1  -2    3   7   9  25   1   2   2  19   6   2   6   2   1   1   6   3   2   0   1   2  0.20 0.04
  288 S     1  -1  -1  -1  -1   1   0  -1  -1  -1   0   0  -1  -1   3   1   0  -1   2  -1   14   2   2   2   1  13   2   3   1   2  10   4   1   1  14  11   4   0  12   2  0.15 0.04
  289 S     1  -1   0   1  -1  -1   0   1  -1  -1  -1  -1  -1  -2  -1   2   2  -2  -1  -1    9   2   2   8   1   2   2  12   1   4   3   2   1   1   2  26  16   0   1   4  0.14 0.04
  290 E     0   0   0   1  -1   1   0  -1  -1  -1   0   0   0   2  -1   0   0  -1   0  -1    8   3   2   9   1   7   7   4   1   3  10   7   1  18   3  10   3   1   2   3  0.05 0.02
  291 Q    -1  -1   1   2  -2   1   2   2  -1  -2  -2   0  -2  -2   3   0  -1  -2  -2  -2    2   1   5  13   1   5  17  21   1   1   2   4   1   1  13   7   2   0   1   2  0.28 0.05
  292 S     1  -1   1   0  -2   0   2  -1  -1  -2  -2   1  -1  -2  -1   2   2  -2  -2  -1   12   1   9   1   0   1  19   1   0   1   2   9   0   1   1  19  17   0   1   3  0.21 0.07
  293 Q    -1   1   3   1  -3   4   0  -2   3  -3  -3   1  -2  -2  -2   1   1  -3  -2  -3    0   5  19   6   0  29   0   0  10   0   0   9   0   2   0   7  10   0   0   0  0.39 0.13
  294 M    -1  -2   3   0  -2  -2  -2  -3   1   0   2  -2   2  -1  -3  -1  -1  -2   1   1    4   0  22   6   0   0   0   0   4   0  36   0  10   0   0   0   0   0   5  11  0.21 0.11
  295 D     0   0   0   2  -3   0   2  -1   2  -2  -3   1  -2  -3   2   1   0  -3  -2  -2   11   5   2  13   0   3  16   2   8   2   0   9   0   0  12   8   6   0   0   2  0.25 0.06
  296 F    -1  -4  -5  -5  -4  -4  -4  -4  -3  -2   0  -4  -2   6  -5  -4  -3  10   2  -3    6   0   0   0   0   0   0   0   0   0  10   0   0  38   0   0   0  43   3   0  1.61 0.28
  297 L     0  -3   0  -2  -2  -2  -3   4  -3   2   0  -2   2   0  -3  -1   0  -3  -2   1    4   0   6   0   0   0   0  37   0  16   7   0  11   4   0   0   7   0   0   9  0.28 0.11
  298 N    -1   1   4   1  -3   2   0  -1  -1  -3  -3   1  -2  -3  -1   1   0  -3  -2  -2    0   8  37   5   0   9   4   2   0   0   1  10   0   0   2  11   4   0   0   4  0.37 0.11
  299 K    -1   3   2  -1  -3   1   1   1  -1  -3  -1   3  -2  -3  -2   0  -1  -3  -2  -2    0  19  13   0   0   5  11  14   0   0   8  22   0   0   0   4   0   0   0   0  0.28 0.09
  300 W    -4  -4  -5  -5  -4   1  -4  -4  -4  -5  -4  -4  -3  -1  -5   0  -4  12   0  -5    0   0   0   0   0   7   0   0   0   0   0   0   0   0   0   8   0  85   0   0  3.04 0.44
  301 L    -1  -3  -3   0  -2  -2  -3  -3  -3   3   2  -3   3   1   1  -2   0  -3  -1   2    3   0   0   6   0   0   0   0   0  25  15   0  12   6   8   0   6   0   0  18  0.25 0.10
  302 D    -1   1   1   1  -3   3   1  -1  -1  -1  -1   0  -1   1  -2   0   2  -3  -2  -1    4   8   6   7   0  22   9   2   0   2   5   3   0   8   0   0  22   0   0   3  0.20 0.10
  303 A     2  -1   0   1   0   2   0  -1  -2  -2  -3   1  -2  -3  -2   2   2  -3  -3  -1   19   0   2  11   2  11   0   2   0   0   0   8   0   0   0  26  17   0   0   2  0.28 0.11
  304 H    -3  -2   1  -3  -5   1  -2  -4   9  -5  -4  -2  -3  -3  -4  -2  -3   4   0  -5    0   0   6   0   0   7   0   0  81   0   0   0   0   0   0   0   0   6   0   0  1.80 0.35
  305 I     1  -2  -2  -1  -1  -2  -2   0  -2   3   0  -2   0   1  -2  -1  -1   3  -1   1   21   1   1   4   0   1   1   7   0  30   7   1   0   8   1   1   1   5   1   7  0.13 0.07
  306 Q     2   0   0   0  -3   1   3   1   1  -3  -3   1  -2  -2  -2   1  -1  -3   1  -2   24   5   3   4   0   4  25  11   4   0   0   6   0   0   0   8   0   0   6   0  0.26 0.09
  307 D     1  -2   1   4  -2  -1   0  -2  -2   0  -1  -1  -1   1  -2  -1  -1  -3  -1   0   19   1   8  38   0   1   1   1   0  10   3   1   0   8   1   1   1   0   0   6  0.27 0.10
  308 A     3  -2  -1  -2   3  -1  -2   1  -2  -2  -2  -2  -2  -2  -2   2   0   4  -2  -2   43   0   0   0   7   0   1  10   0   0   1   1   0   0   0  22   4   7   0   1  0.41 0.13
  309 Q     0   1   1   1   5   1   1  -2  -1  -2  -2   1   0  -2  -2  -1  -1  -2   1  -2    9   6   8   7  21   8  10   1   0   0   3  13   3   0   0   1   0   0   8   1  0.25 0.09
  310 N     0   2   2  -1  -3   2   0   0  -1  -2  -2   3   0   1  -2   0  -1  -2  -1  -2   12  11  16   0   0  12   1   5   0   0   3  26   2   8   0   2   1   0   0   1  0.22 0.09
  311 V     2   0   0  -1  -2  -1   0  -2  -1   1   0  -1   0  -1  -2   0   1  -2   0   1   25   8   6   0   0   0   8   1   0  15   3   1   3   2   0   1  12   0   4   9  0.08 0.06
  312 L     2  -2  -3  -3  -2  -2  -2  -1  -2   1   3  -2   0   1  -2  -1  -1  -2   1   0   23   1   0   1   0   0   1   3   0   9  45   1   0   3   1   1   1   0   8   2  0.25 0.10
  313 H     0   1   0  -1  -3   1   0   4   0  -4  -3   3  -2  -3  -2  -1  -2  -3  -3  -3    7   7   3   0   0   8   3  39   2   0   1  29   0   0   0   0   0   0   0   0  0.48 0.13
  314 K    -2   1  -1  -2  -3   0   0  -2  -2  -3  -2   6   2  -3  -2  -1  -2  -3  -3  -3    1   1   1   1   0   1   1   1   0   1   1  80   9   0   1   1   1   0   0   1  0.88 0.22
  315 P    -3  -4  -4  -3  -5  -3  -3  -4  -4  -5  -5  -3  -4  -6   8  -3  -3  -6  -5  -4    0   0   0   0   0   0   0   0   0   0   0   0   0   0 100   0   0   0   0   0  2.71 0.38
  316 I    -2  -2  -4  -4   6  -3  -4  -4  -4   2   2  -3   2  -2  -4  -3  -1  -3  -2   3    0   1   0   0  25   0   0   0   0  12  19   0   8   0   0   0   0   0   0  35  0.59 0.16
  317 I    -2  -3  -4  -5  -2  -3  -4  -5  -4   2   4  -3   1  -1  -4  -3  -2   3  -2   3    0   0   0   0   0   0   0   0   0  14  56   0   0   0   0   0   0   6   0  25  0.62 0.17
  318 L    -2  -3  -3  -4  -3   0  -3  -4   1   2   2  -3   0   5  -4  -3  -2  -1   0   2    0   0   0   0   0   7   0   0   5  14  22   0   0  35   0   0   0   0   0  17  0.43 0.14
  319 A     1  -2  -1  -1  -3   0   3   3  -2  -3  -3  -1  -2  -4  -2   1   2  -4  -3  -2   15   0   0   0   0   0  34  24   0   0   0   0   0   0   0   7  19   0   0   0  0.45 0.15
  320 E    -2  -2  -2   0  -5   0   7  -4  -2  -5  -5  -1  -4  -5  -3  -2  -2  -5  -4  -4    0   0   0   0   0   0 100   0   0   0   0   0   0   0   0   0   0   0   0   0  1.57 0.34
  321 F    -3  -4  -4  -5  -4  -4  -4  -5  -1  -2  -1  -4  -2   7  -5  -3  -3   0   7  -1    0   0   0   0   0   0   0   0   0   0   0   0   0  52   0   0   0   0  45   3  1.41 0.28
  322 G    -1  -4   1  -2  -4  -3  -3   7  -3  -5  -5  -3  -4  -5  -4  -2  -3  -4  -4  -5    0   0   8   0   0   0   0  92   0   0   0   0   0   0   0   0   0   0   0   0  1.55 0.28
  323 K     1  -1  -2  -2  -2   1  -1  -2  -2   0   1   2   1  -2  -2  -1   1   1   0   2   12   0   0   0   0  11   0   0   0   2  12  21   4   0   0   0  11   2   2  20  0.12 0.08
  324 S    -1  -1  -1  -1  -2   0   2  -1   1  -3  -3   1  -2  -1   1   3   2  -3  -2  -2    0   0   0   0   0   2  18   3   3   0   0   8   0   4   7  30  21   0   0   0  0.31 0.12
  325 M     0  -2   0   0  -2   0  -1  -1   3  -2   0  -1   0  -2  -2   2   2   3  -1  -1    6   0   4   5   0   2   0   4  10   0  11   0   2   0   0  29  15   6   0   3  0.19 0.09
  326 K    -2   1   3   4  -4   2   0   0   0  -3  -3   2  -2  -3  -2  -1  -1  -4  -3  -3    0  10  18  29   0  12   0   8   2   0   3  16   0   0   0   0   0   0   0   0  0.42 0.12
  327 K     1   0   1   1  -3  -1   0  -1   5  -3  -3  -1  -2  -2   2   1   0  -3   0  -2   11   5   4   9   0   0   2   4  26   0   0   2   0   0  10  11   7   0   3   3  0.30 0.10
  328 P    -1  -2   0  -2   6  -1  -1   1  -2  -2  -3  -1  -2  -3   4  -1   0  -3  -3  -2    3   0   6   0  27   2   3  15   0   0   1   5   0   0  25   1   8   0   0   3  0.60 0.14
  329 G     1  -1   0   0  -2  -1  -2   3  -2  -2   0  -1   1  -2  -2   1   1   3  -2  -1   16   3   3   4   0   0   0  27   0   0   8   3   8   0   0   8  13   6   0   0  0.21 0.08
  330 Y     0  -2   0   1  -2  -2  -2  -2  -1   0   1  -2   2   2  -2   0  -1  -1   4   0    8   0   5  11   0   0   0   0   0   4  11   0   8  12   0   8   0   0  21   9  0.17 0.08
  331 T    -1  -1   2   0  -3   2   3  -1  -1  -3  -3  -1  -2   1  -2   2   2  -3  -2  -2    2   0  10   2   0  10  25   3   0   0   0   0   0   8   0  18  20   0   0   0  0.31 0.12
  332 P     0  -1   0   0  -2   1   1  -2  -2  -1   0   1  -1  -3   2   0   2  -3  -2   0    4   0   3   3   0   7  10   2   0   0  11  13   0   0  12   4  24   0   0   8  0.19 0.08
  333 A     1  -1  -1  -1  -2   0   2   0  -2  -2  -2   0  -2  -3   3   1   0   4  -2  -1   18   0   2   0   0   5  16   6   0   0   3   3   0   0  14  16   6   7   0   5  0.26 0.08
  334 Q    -1  -1  -1   0  -3   2   1  -1   0  -2  -2   0   2   0  -3   0  -2   8   0  -2    5   0   3   4   0  15  11   3   3   2   1   5   8   5   0   6   0  27   0   0  0.55 0.14
  335 R    -2   5  -1  -2  -4   4  -1  -3  -1  -3  -3   0  -2   1  -3  -2  -2  -2   2  -3    1  50   0   0   0  27   0   1   0   0   1   0   0   8   0   1   0   0   8   0  0.72 0.20
  336 D    -2  -1   2   4  -3   2   2  -2  -1  -3  -1   2  -1  -3   0  -1   0  -3  -3  -2    1   0  10  33   0  10  11   1   0   0   6  14   2   0   4   1   6   0   0   1  0.37 0.10
  337 I     1   0   0   0  -2  -1   0  -1  -2   0  -1   1   0  -1  -2   0   2   5   0   0   13   3   3   6   0   0   3   3   0   9   1  13   2   0   0   1  24  11   4   3  0.19 0.08
  338 V     2  -2  -1  -2  -2   0  -2  -2  -1   0   0  -2   0   3  -2   2  -1  -1   2   0   20   0   3   0   0   4   1   1   0   4   5   1   2  21   0  23   1   0   8   7  0.17 0.09
  339 F    -2  -2  -4  -4  -2  -3  -3  -4  -2   1   4  -3   3   3  -4  -3  -2  -1   3   0    0   2   0   0   0   0   0   0   0   2  53   0   8  14   0   0   0   0  16   3  0.54 0.16
  340 N    -1   2   2   0  -2   0   1   0  -1  -2  -1   1  -1  -3  -2   1   2  -3  -2  -2    2  12  15   4   0   2   7   7   0   0   8  12   0   0   0  12  18   0   0   0  0.20 0.07
  341 T     0   0  -1  -2  -2  -1   1  -2  -2   0  -1   1  -1  -3  -2   1   4  -3  -2  -1    9   2   0   0   0   0   8   0   0   5   4  10   0   0   0   8  50   0   0   2  0.37 0.15
  342 V    -1  -2  -2  -2  -2   1  -2   0  -2   2   0  -2   0  -2  -1  -1   2  -3  -2   3    2   0   0   0   0   8   1   8   0   9   8   0   0   0   2   3  18   0   0  37  0.19 0.10
  343 Y    -1  -1  -2  -2  -2  -1  -2  -2   0  -1   0  -1  -1   2  -2  -1  -1   1   6   0    3   4   2   2   1   1   2   2   1   2   7   2   1   8   2   2   2   0  47   9  0.48 0.10
  344 S     0   1   0   3  -2   1   0   0   2  -2  -2   0  -2  -2  -1   1  -1  -2  -1  -2    4   9   1  27   1   8   2   7   8   1   3   4   1   1   1  17   2   0   1   2  0.23 0.06
  345 K     0  -1   1  -1  -1  -1  -1  -1  -1   1   0   0   0  -1  -1   0   0  -1   1   1   11   2  13   2   1   1   2   2   1  10   3   9   3   1   2   2   7   0   9  18  0.04 0.03
  346 I    -1  -2  -2  -2  -1  -2  -2  -2  -2   3   1  -2   1   0  -1  -1   0  -2  -1   2    3   2   1   2   1   1   2   2   1  34  11   2   3   4   2   2   4   0   1  21  0.17 0.05
  347 Y    -1   1  -1  -2  -2  -1  -1  -2   1  -1   1  -1   0   1  -2  -1   0   0   5  -1    3  10   1   2   1   1   2   2   3   2  19   2   1   4   2   2   8   0  33   2  0.24 0.07
  348 G     0   1   1   2  -2   0   1   0  -1  -2  -2   1  -1  -2   2   0   0  -2  -2  -2   12  10  10  16   1   3   6   7   1   2   3   6   1   1  10   7   2   0   1   2  0.18 0.03
  349 S     0  -1   0  -1   1   1   0  -1  -1  -1   0  -1  -1  -2  -1   3   2  -2  -1  -1    2   2   1   2   3  10   2   2   1   2  14   2   1   1   2  39  12   0   1   2  0.18 0.07
  350 A     3  -1  -1  -1  -1   0   1  -1  -1  -1  -2   1  -1  -2  -1   0   0   2  -1  -1   50   2   1   2   1   1   8   2   1   2   3  10   1   1   2   2   6   3   1   2  0.24 0.07
  351 K     0   3   0  -1  -2   2   0  -1  -1  -2  -2   2  -1  -2  -1   0  -1  -2  -1  -2    8  27   1   2   1  12   4   4   1   2   3  20   1   1   2   7   2   0   1   2  0.26 0.06
  352 R    -1   3   0   0  -2   0   1  -2   0  -1  -2   2  -1  -1  -1   0  -1  -1   1  -1    5  28   3   3   1   1  11   2   1   1   2  16   1   1   1   5   2   0   9   8  0.20 0.05
  353 G     0  -1  -1  -1  -2  -1   0   5  -2  -2  -2   1  -2  -2  -1  -1  -1  -2  -2  -2    4   1   1   1   1   1   5  53   1   1   6  15   1   1   1   2   2   0   1   2  0.47 0.09
  354 G     1   0  -1  -1  -2   0  -1   4  -1  -2  -2   0  -1  -2  -1   0   0  -2  -2  -1   11   6   1   2   1   5   2  42   1   2   3   6   1   1   2   2   7   0   1   5  0.30 0.05
  355 A     1  -2  -1   1  -2   0   0   3  -2  -2  -3  -1  -2  -2   2   1   0  -2   1  -2   18   0   0   8   0   4   6  28   0   3   0   0   0   0  10  10   6   0   8   0  0.28 0.08
  356 A     1  -2  -1  -3   3  -2  -2   1  -3   1   0   0   3  -2  -2   0   0  -3  -2   2   10   0   2   0   8   0   0  15   0   9   4   6  15   0   0   8   4   0   0  19  0.14 0.08
  357 A     3  -2  -2  -2  -2  -2  -2   2  -2  -1  -1  -2   1   1  -2   2   0  -3  -2   1   36   0   0   0   0   0   0  16   0   0   0   0   6   8   0  16   3   0   0  15  0.26 0.11
  358 G     2  -3  -1  -2  -3   1  -2   5  -3  -4  -4  -2  -3  -4  -3   0  -2  -4  -4  -3   20   0   0   0   0   8   0  66   0   0   0   0   0   0   0   6   0   0   0   0  0.91 0.19
  359 G     1  -2   0   4   0  -1   1   2  -2  -3  -4  -2  -3  -3  -2   1   0   4  -2  -3   13   0   0  39   3   0   8  16   0   0   0   0   0   0   0   8   5   8   0   0  0.48 0.13
  360 L    -1  -3  -4  -4  -2  -3  -3  -4  -3   0   5  -3   3   1  -4  -2   0  -3  -2   0    4   0   0   0   0   0   0   0   0   0  73   0   8   4   0   0   8   0   0   3  0.60 0.17
  361 F    -3  -4  -4  -4  -3  -4  -4  -4  -2   2   0  -4   0   6  -4  -3  -2   0   4   1    0   0   0   0   0   0   0   0   0  19   5   0   0  47   0   0   0   0  15  13  0.74 0.17
  362 W    -5  -5  -6  -6  -4  -4  -5  -5  -4  -5  -4  -5  -4  -1  -6  -5  -5  12   0  -5    0   0   0   0   0   0   0   0   0   0   0   0   0   0   0   0   0 100   0   0  3.86 0.48
  363 Q    -2  -1   2  -1  -4   7   1  -3   1  -4  -4   0  -2  -5  -3   1  -2  -4  -3  -4    0   0   8   0   0  78   2   0   2   0   0   0   0   0   0   8   0   0   0   0  1.14 0.28
  364 L    -2  -3  -4  -5  -3  -3  -4  -4  -2   0   2  -3   0   4  -4  -3  -2   6   5   1    0   0   0   0   0   0   0   0   0   0  28   0   0  19   0   0   0  15  24  14  0.70 0.16
  365 L    -1  -2   1  -2  -2  -1  -2   1  -2   1   2  -2   2   2  -2  -1   0  -1   0   0    4   1  10   1   0   1   1  13   0   6  26   1  10  14   1   1   4   0   1   3  0.10 0.05
  366 V     1  -2  -1  -2  -1  -1  -1  -1  -1   0  -1  -1   0  -1   3   1   0  -2   1   1   15   1   1   1   0   1   1   4   0   3   3   1   3   1  19  16   4   0   7  18  0.21 0.06
  367 N     0  -1   1   2  -2   1   3  -1   1  -2  -2   0  -2  -3   1   1   1  -3  -2  -2    6   1   8  13   0   8  25   1   4   1   2   1   0   1   5   9  11   0   1   1  0.26 0.06
  368 G     0  -1  -1  -2  -2  -2  -2   6  -2  -3  -3  -2  -3  -3  -2   1  -1  -3  -3  -3    1   4   1   1   0   1   1  71   0   1   2   1   0   1   1  11   1   0   1   1  0.84 0.13
  369 I     1  -2  -1  -2  -2  -1  -2   1  -1   0   0  -1   5  -1  -1  -1   1  -1   1   0   12   1   1   1   0   1   2  13   1   4   2   1  32   1   3   2  14   0   7   2  0.18 0.08
  370 D    -1  -1   1   3  -3   2   3  -1   1  -3  -3   0  -2  -3   0   1  -1  -3  -2  -2    1   1   4  22   0   9  27   4   4   1   2   1   0   1   3  17   1   0   1   1  0.35 0.08
  371 N    -1  -1   3   0  -2   0   0   0   1  -2  -1  -1   0  -1   0   2   2  -2   0  -1    2   1  21   4   0   1   4   4   4   1   5   1   4   3   5  17  18   0   3   1  0.16 0.05
  372 F    -2  -2  -1  -2  -2  -1  -2  -2   3  -1   0  -2   2   3   0  -1  -1   4   4  -1    2   1   4   1   0   1   1   2  13   1  11   1   9  18   5   2   1   7  17   2  0.28 0.07
  373 Q    -1   1   3   3  -2   0   0   1   1  -3  -3   0  -2  -3  -1   0   0  -3  -2  -2    5   9  21  23   0   3   4  13   3   1   2   4   0   1   1   4   4   0   1   1  0.27 0.05
  374 D    -2  -2   0   7  -3  -1   0  -1  -2  -3  -3  -1  -3  -3  -2  -1  -2  -3  -3  -3    2   1   1  78   0   1   1   5   0   1   2   1   0   1   1   1   1   0   1   1  1.01 0.16
  375 G    -1  -2   0   0  -4  -2  -2   6   1  -4  -4  -2  -3  -4   1  -1  -2  -4  -3  -2    0   2   4   5   0   0   0  72   4   0   0   0   0   0   9   0   0   0   0   4  0.92 0.17
  376 Y    -3  -3   1   2  -3  -1  -1  -3   0  -2  -1  -2  -2   4  -3  -1  -1   0   6  -2    0   0   9  13   0   2   3   0   0   0   3   0   0  24   0   3   2   0  41   0  0.63 0.16
  377 G     1  -1   0   0   1   1   1   0  -2  -2  -3  -1  -2  -3  -2   2   3  -3  -3  -2    9   0   3   2   4   7  14   8   0   0   0   0   0   0   0  20  34   0   0   0  0.32 0.11
  378 I    -2  -4  -4  -4  -2  -3  -4  -5  -4   5   2  -3   0   1  -4  -3  -1  -3  -2   3    0   0   0   0   0   0   0   0   0  51  18   0   0   4   0   0   0   0   0  27  0.61 0.14
  379 I    -1  -3  -2  -3  -2  -2  -2  -3  -1   2  -1  -2  -1   1  -3   1  -1   2   4   3    0   0   0   0   0   0   2   0   0  14   0   0   0   3   0  20   0   3  27  30  0.36 0.13
  380 L    -1  -2  -3  -3  -2  -2  -3  -3  -1   0   3  -2   1   2   1   0   0   2   4  -1    4   0   0   0   0   0   0   0   0   0  39   0   3   6   8  10   8   2  20   0  0.29 0.10
  381 S     1  -1   0   1  -3   0  -1   4   0  -4  -4  -1  -3  -3  -1   1  -1   1  -3  -3    9   4   3   7   0   6   3  46   3   0   0   0   0   0   3  12   3   3   0   0  0.46 0.10
  382 Q    -1   1   0   2  -3   2   3  -2  -1  -3  -2   1  -2  -3   1   1   1  -3  -3  -2    3   8   0  14   0  13  24   0   0   0   2   8   0   0   7   8  12   0   0   0  0.35 0.08
  383 S     1   1   1   2  -2   1   0   0  -1  -3  -3   0  -2  -3   0   3   1  -4  -3  -2    9   7   7  11   0   5   4   3   0   0   0   3   0   0   4  39   7   0   0   0  0.31 0.09
  384 S    -1  -2   0   2  -3  -1   2  -2   1  -3  -3  -1  -3  -4   6   1  -1  -4  -3  -3    3   0   3  13   0   0  14   0   5   0   3   3   0   0  43  14   0   0   0   0  0.83 0.14
  385 S     1   0   2   1  -2  -1  -1  -1  -1  -3  -3   0  -2  -2  -2   3   1   3   1  -2   13   5  12   7   0   0   0   0   0   0   0   2   0   0   0  37   9   6   7   0  0.29 0.10
  386 T     0  -1  -1   3  -2   1   0  -2  -2   0  -2   0   0  -3  -2   0   4  -3  -2  -1    8   0   0  20   0   8   5   0   0   6   0   6   3   0   0   0  42   0   0   0  0.33 0.11
  387 V     1  -2  -1  -2   3   0   0   2  -1  -1  -1  -1   0  -1  -2   0   0  -2   1   1   19   0   0   0   8   3   7  16   0   0   4   3   3   0   0   6   7   0   7  13  0.10 0.04
  388 N     0   1   3   0  -2   1  -1   1   1  -2   0   0  -1  -2  -2   1  -1  -2   0  -2    5   9  21   3   0   8   1  10   3   1  12   6   0   0   1  13   1   0   5   1  0.14 0.05
  389 V     0  -2  -2  -3  -1  -2  -2  -3  -3   3   2  -2   1  -1  -2  -1   2  -3  -2   3    5   0   0   0   0   0   0   1   0  24  20   0   2   0   0   3  18   0   0  24  0.26 0.08
  390 I    -1  -3  -3  -3  -2  -3  -3  -4  -3   4   1  -3   2   1  -3  -2  -1  -2   1   3    3   0   0   0   0   0   0   1   0  51   4   0   6   7   0   1   0   0   7  18  0.42 0.11
  391 S     1  -1  -1   0  -2   0  -1   0  -1  -1  -1   1  -1   0  -2   1   1  -1   3  -1   13   0   0   6   0   5   0   6   0   6   4  10   0   2   0  13  14   0  18   0  0.12 0.06
  392 Q    -1  -1   2   1  -3   0   2  -2   5  -2  -1  -1  -2  -1  -2  -1  -1  -1   4  -2    3   0  10   6   0   3  23   1  20   0   7   0   0   0   0   3   3   0  20   0  0.35 0.10
  393 Q     1  -1   1  -1  -3   4   0   2   4  -2  -2  -1  -2  -3  -2  -1  -1  -3  -1  -2   12   0   5   0   0  34   4  18  17   2   3   0   0   0   0   1   0   0   0   2  0.37 0.11
  394 S     1  -1  -1  -1   1  -1  -1  -1  -2  -2  -1   1   0  -3  -2   4   2  -3  -2  -2    8   0   0   0   3   0   1   1   0   0   4   8   3   0   0  53  16   0   0   1  0.38 0.12
  395 R    -1   3   0   2   4   1   2  -2   2  -3  -2   0  -2  -3  -2   0  -1  -3  -2  -2    3  21   3  12  13   3  19   1   7   0   4   3   0   0   0   9   0   0   0   1  0.27 0.07
  396 K    -1   4  -1   1   1   1   2  -2  -1  -1  -2   2  -1  -3  -2  -1  -1  -3  -2   0    3  31   0   9   4   6  16   1   0   3   1  13   0   0   0   1   1   0   0  11  0.28 0.07
  397 L    -2  -2  -1  -3  -2  -2  -3  -4  -2   1   3  -1   3   3  -3  -3  -2   5   1   0    0   0   4   0   0   0   0   0   0   6  44   4  11  17   0   0   0   9   3   0  0.41 0.10
  398 T     1   1  -1   0  -2   2   1   1  -1  -3  -3   3  -2  -3  -2   1   1  -3  -2  -2   18   3   0   2   0  13   7  10   0   0   0  25   0   0   0   6  15   0   0   0  0.26 0.07
  399 L     1   0  -1  -3   7  -2  -2  -1  -3  -1   1   0  -1  -1  -3   0  -1  -3  -2  -1   16   7   4   0  36   0   0   3   0   3  17   6   0   3   0   6   0   0   0   0  0.43 0.12
  400 I    -1  -3   0  -3  -2  -3  -3  -4  -3   2   4  -3   2   1  -3  -2  -1  -2  -1   1    3   0   8   0   0   0   0   0   0  12  57   0   4   6   0   0   0   0   0  10  0.39 0.10
  401 R     0   2   2  -2  -2  -1  -1  -2  -2   0  -1   0  -1  -2  -2   1   0  -4  -2   3    9  21  14   0   0   0   0   0   0   0   0   4   0   0   0  10   4   0   0  37  0.20 0.09
  402 K    -1   2   0  -1  -2   0  -1   1   2  -2  -2   2   0  -2  -2   1   2  -2   1  -2    0  14   0   0   0   0   0  12   8   0   0  16   4   0   0  16  25   0   5   0  0.22 0.06
  403 I    -1   0   2   4  -3   1   0   0  -1  -1   0  -1  -1  -3  -2  -1  -1  -4  -3  -2    6   7  10  43   0   8   0   7   0   6  14   0   0   0   0   0   0   0   0   0  0.29 0.06
  404 F    -2  -1   0   1  -4   0   1  -3   8  -3  -3  -1  -2   2  -3  -2  -2  -2   1  -3    0   0   0   9   0   0   9   0  66   0   0   0   0  16   0   0   0   0   0   0  0.84 0.11
  405 A     2  -2  -2  -2  -1  -1   0  -2  -2   2   0  -2   1  -2  -2  -1   0  -3  -2   3   28   0   0   0   0   0  11   0   0   9   0   0   6   0   0   0   0   0   0  47  0.21 0.05
  406 R     2   3  -1   1  -2   0   2   1  -1  -3  -3   0  -2  -3  -2   0  -1  -3  -2  -2   38  24   0   6   0   0  21  11   0   0   0   0   0   0   0   0   0   0   0   0  0.29 0.05
  407 M     4  -2   0  -2  -1  -1  -1   0  -2  -1  -1  -1   1  -2  -1   1   0  -3  -2  -1   76   0   6   0   0   0   0   0   0   0   0   0   9   0   0   4   5   0   0   0  0.40 0.07
  408 I    -2   2  -3  -3  -2  -2  -3  -4  -3   4   1  -1   1  -1  -3  -2  -1  -3  -2   2    0  20   0   0   0   0   0   0   0  59  10   0   0   0   0   0   0   0   0  11  0.33 0.06
  409 N     0   0   4   0  -3   2   1   0   0  -3  -3   2  -2  -3  -2   0  -1  -3  -2  -3    7   0  45   0   0  11   6   5   0   0   0  25   0   0   0   0   0   0   0   0  0.42 0.05
  410 V     3  -2  -2  -2  -1  -1  -1  -1  -2   1  -1  -1   0  -2  -2   1   0  -3  -2   2   46   0   0   0   0   0   0   0   0   0   0   0   0   0   0  15   0   0   0  39  0.24 0.03
  411 E    -1   3  -1  -1  -3   3   2  -3  -1  -1   1   2   0  -2  -2  -1  -1  -3  -2  -1    0  25   0   0   0  21  13   0   0   0  25  15   0   0   0   0   0   0   0   0  0.27 0.03
  412 K     0   2  -1  -1  -3   3   0  -2  -1  -3  -3   3  -2  -3   4   0  -1  -3  -2  -2   10  12   0   0   0  20   0   0   0   0   0  32   0   0  26   0   0   0   0   0  0.54 0.03
  413 W    -1  -1  -1  -2  -1  -1  -1  -2   0  -1  -1  -1  -1   1  -1   0   2   7   4  -1    2   1   1   1   0   1   2   2   1   1   2   1   1   1   1   2  27  25  26   2  0.48 0.01
  414 K    -1   4   0  -1  -2   1   0  -1   0  -2  -2   3  -1  -2  -1   0  -1  -2  -1  -2    2  51   1   1   0   1   2   2   1   1   2  27   1   1   1   2   1   0   1   2  0.39 0.01
  415 R    -1   3  -1  -1  -2   0   0  -2  -1  -1   1   2   0  -1  -1  -1  -1  -2  -1  -1    2  26   1   1   0   1   2   2   1   1  27  27   1   1   1   2   1   0   1   2  0.15 0.00
  416 A     3  -2  -2  -2  -1  -1  -1  -1  -2  -2  -2  -1  -2  -3   5   1   0  -3  -2  -1   61   0   0   0   0   0   0   0   0   0   0   0   0   0  39   0   0   0   0   0  0.72 0.01
  417 R    -1   5  -1  -2  -2   0  -1  -3  -1   0  -1   1   0  -2  -2  -1  -1  -3  -2   2    0  61   0   0   0   0   0   0   0   0   0   0   0   0   0   0   0   0   0  39  0.32 0.01
  418 G     0  -3   0  -1  -3  -2  -2   6  -2  -4  -4  -2  -3  -3  -2   0  -2  -3  -3  -3    0   0   0   0   0   0   0 100   0   0   0   0   0   0   0   0   0   0   0   0  1.06 0.01
  419 Q     0   1   0  -1  -3   3   0   3  -1  -3  -3   2  -2  -3  -2   0  -1  -3  -2  -3    0   0   0   0   0  31   0  39   0   0   0  30   0   0   0   0   0   0   0   0  0.43 0.01
  420 G     0  -3   0  -1  -3  -2  -2   6  -2  -4  -4  -2  -3  -3  -2   0  -2  -3  -3  -3    0   0   0   0   0   0   0 100   0   0   0   0   0   0   0   0   0   0   0   0  1.06 0.01
  421 Q    -1   3   0  -1  -3   5   1  -2   0  -3  -2   2  -1  -3  -2   0  -1  -2  -2  -2    0  30   0   0   0  70   0   0   0   0   0   0   0   0   0   0   0   0   0   0  0.58 0.01
  422 V    -1  -1   0  -2  -2   0  -1  -3   7   0  -1  -1  -1  -1  -2  -1  -1  -3   1   1    0   0   0   0   0   0   0   0  69   0   0   0   0   0   0   0   0   0   0  31  0.47 0.01
  423 G     0  -2   0  -1  -3  -2  -2   6  -2  -4  -4  -2  -3  -3  -2   0  -2  -3  -3  -3    0   0   0   0   0   0   0 100   0   0   0   0   0   0   0   0   0   0   0   0  1.04 0.00
  424 K    -1   2   0  -1  -3   1   1  -2  -1  -3  -2   4  -1  -3  -1   0  -1  -3  -2  -2    0   0   0   0   0   0   0   0   0   0   0   0   0   0   0   0   0   0   0   0  0.00     0.00
  425 R    -1   5   0  -2  -3   1   0  -2   0  -3  -2   2  -1  -3  -2  -1  -1  -3  -2  -2    0   0   0   0   0   0   0   0   0   0   0   0   0   0   0   0   0   0   0   0  0.00     0.00
  426 G     0  -2   0  -1  -2  -2  -2   5  -2  -4  -4  -2  -3  -3  -2   0  -2  -2  -3  -3    0   0   0   0   0   0   0   0   0   0   0   0   0   0   0   0   0   0   0   0  0.00     0.00
  427 H    -2   0   1  -1  -3   0   0  -2   7  -3  -3  -1  -2  -1  -2  -1  -2  -2   2  -3    0   0   0   0   0   0   0   0   0   0   0   0   0   0   0   0   0   0   0   0  0.00     0.00
  428 K    -1   2   0  -1  -3   1   1  -2  -1  -3  -2   4  -1  -3  -1   0  -1  -3  -2  -2    0   0   0   0   0   0   0   0   0   0   0   0   0   0   0   0   0   0   0   0  0.00     0.00
  429 I    -1  -3  -3  -3  -1  -3  -3  -4  -3   4   1  -3   1   0  -3  -2  -1  -3  -1   2    0   0   0   0   0   0   0   0   0   0   0   0   0   0   0   0   0   0   0   0  0.00     0.00
  430 N    -2   0   6   1  -3   0   0   0   1  -3  -3   0  -2  -3  -2   1   0  -4  -2  -3    0   0   0   0   0   0   0   0   0   0   0   0   0   0   0   0   0   0   0   0  0.00     0.00
  431 N    -2   0   6   1  -3   0   0   0   1  -3  -3   0  -2  -3  -2   1   0  -4  -2  -3    0   0   0   0   0   0   0   0   0   0   0   0   0   0   0   0   0   0   0   0  0.00     0.00

                      K         Lambda
Standard Ungapped    0.1358     0.3201
Standard Gapped      0.0422     0.2670
PSI Ungapped         0.1380     0.3178
PSI Gapped           0.0422     0.2670
