
Last position-specific scoring matrix computed, weighted observed percentages rounded down, information per position, and relative weight of gapless real matches to pseudocounts
            A   R   N   D   C   Q   E   G   H   I   L   K   M   F   P   S   T   W   Y   V   A   R   N   D   C   Q   E   G   H   I   L   K   M   F   P   S   T   W   Y   V
    1 M    -1  -1  -2  -3  -1   0  -2  -3  -2   1   2  -1   5   0  -2  -1  -1  -1  -1   1    0   0   0   0   0   0   0   0   0   0   0   0   0   0   0   0   0   0   0   0  0.00     0.00
    2 A     4  -1  -2  -2   0  -1  -1   0  -2  -1  -1  -1  -1  -2  -1   1   0  -2  -2   0    0   0   0   0   0   0   0   0   0   0   0   0   0   0   0   0   0   0   0   0  0.00     0.00
    3 Y    -2  -2  -2  -3  -2  -1  -2  -3   2  -1  -1  -2  -1   3  -3  -2  -2   2   7  -1    0   0   0   0   0   0   0   0   0   0   0   0   0   0   0   0   0   0   0   0  0.00     0.00
    4 A     4  -1  -2  -2   0  -1  -1   0  -2  -1  -1  -1  -1  -2  -1   1   0  -2  -2   0    0   0   0   0   0   0   0   0   0   0   0   0   0   0   0   0   0   0   0   0  0.00     0.00
    5 T     0  -1   0  -1  -1  -1  -1  -2  -2  -1  -1  -1  -1  -2  -1   1   4  -2  -2   0    0   0   0   0   0   0   0   0   0   0   0   0   0   0   0   0   0   0   0   0  0.00     0.00
    6 G     0  -2   0  -1  -2  -2  -2   6  -2  -4  -4  -2  -3  -3  -2   0  -2  -2  -3  -3    0   0   0   0   0   0   0   0   0   0   0   0   0   0   0   0   0   0   0   0  0.00     0.00
    7 I    -1  -3  -3  -3  -1  -3  -3  -4  -3   4   2  -3   1   0  -3  -2  -1  -3  -1   3    0   0   0   0   0   0   0   0   0   0   0   0   0   0   0   0   0   0   0   0  0.00     0.00
    8 T     0  -1   0  -1  -1  -1  -1  -2  -2  -1  -1  -1  -1  -2  -1   1   4  -2  -2   0    0   0   0   0   0   0   0   0   0   0   0   0   0   0   0   0   0   0   0   0  0.00     0.00
    9 F    -2  -3  -3  -3  -2  -3  -3  -3  -1   0   0  -3   0   6  -4  -2  -2   1   3  -1    0   0   0   0   0   0   0   0   0   0   0   0   0   0   0   0   0   0   0   0  0.00     0.00
   10 A     4  -1  -2  -2   0  -1  -1   0  -2  -1  -1  -1  -1  -2  -1   1   0  -2  -2   0    0   0   0   0   0   0   0   0   0   0   0   0   0   0   0   0   0   0   0   0  0.00     0.00
   11 S     1  -1   1   0  -1   0   0   0  -1  -2  -2   0  -1  -2  -1   4   1  -3  -2  -2    0   0   0   0   0   0   0   0   0   0   0   0   0   0   0   0   0   0   0   0  0.00     0.00
   12 R    -1   5   0  -2  -3   1   0  -2   0  -3  -2   2  -1  -3  -2  -1  -1  -3  -2  -2    0   0   0   0   0   0   0   0   0   0   0   0   0   0   0   0   0   0   0   0  0.00     0.00
   13 S     1  -1   1   0  -1   0   0   0  -1  -2  -2   0  -1  -2  -1   4   1  -3  -2  -2    0   0   0   0   0   0   0   0   0   0   0   0   0   0   0   0   0   0   0   0  0.00     0.00
   14 I    -1  -3  -3  -3  -1  -3  -3  -4  -3   4   2  -3   1   0  -3  -2  -1  -3  -1   3    0   0   0   0   0   0   0   0   0   0   0   0   0   0   0   0   0   0   0   0  0.00     0.00
   15 L    -1  -2  -3  -4  -1  -2  -3  -4  -3   2   4  -2   2   0  -3  -2  -1  -2  -1   1    0   0   0   0   0   0   0   0   0   0   0   0   0   0   0   0   0   0   0   0  0.00     0.00
   16 P    -1  -2  -2  -1  -3  -1  -1  -2  -2  -3  -3  -1  -2  -4   7  -1  -1  -4  -3  -2    0   0   0   0   0   0   0   0   0   0   0   0   0   0   0   0   0   0   0   0  0.00     0.00
   17 I    -1  -3  -3  -3  -1  -3  -3  -4  -3   4   2  -3   1   0  -3  -2  -1  -3  -1   3    0   0   0   0   0   0   0   0   0   0   0   0   0   0   0   0   0   0   0   0  0.00     0.00
   18 C     0  -3  -3  -3   8  -3  -4  -2  -3  -1  -1  -3  -1  -2  -3  -1  -1  -2  -2  -1    0   0   0   0   0   0   0   0   0   0   0   0   0   0   0   0   0   0   0   0  0.00     0.00
   19 S     1  -1   1   0  -1   0   0   0  -1  -2  -2   0  -1  -2  -1   4   1  -3  -2  -2    0   0   0   0   0   0   0   0   0   0   0   0   0   0   0   0   0   0   0   0  0.00     0.00
   20 R    -1   5   0  -2  -3   1   0  -2   0  -3  -2   2  -1  -3  -2  -1  -1  -3  -2  -2    0   0   0   0   0   0   0   0   0   0   0   0   0   0   0   0   0   0   0   0  0.00     0.00
   21 T     0  -1   0  -1  -1  -1  -1  -2  -2  -1  -1  -1  -1  -2  -1   1   4  -2  -2   0    0   0   0   0   0   0   0   0   0   0   0   0   0   0   0   0   0   0   0   0  0.00     0.00
   22 F    -2  -3  -3  -3  -2  -3  -3  -3  -1   0   0  -3   0   6  -4  -2  -2   1   3  -1    0   0   0   0   0   0   0   0   0   0   0   0   0   0   0   0   0   0   0   0  0.00     0.00
   23 L    -1  -2  -3  -4  -1  -2  -3  -4  -3   2   4  -2   2   0  -3  -2  -1  -2  -1   1    0   0   0   0   0   0   0   0   0   0   0   0   0   0   0   0   0   0   0   0  0.00     0.00
   24 S     1  -1   1   0  -1   0   0   0  -1  -2  -2   0  -1  -2  -1   4   1  -3  -2  -2    0   0   0   0   0   0   0   0   0   0   0   0   0   0   0   0   0   0   0   0  0.00     0.00
   25 P    -1  -2  -2  -1  -3  -1  -1  -2  -2  -3  -3  -1  -2  -4   7  -1  -1  -4  -3  -2    0   0   0   0   0   0   0   0   0   0   0   0   0   0   0   0   0   0   0   0  0.00     0.00
   26 L    -1  -2  -3  -4  -1  -2  -3  -4  -3   2   4  -2   2   0  -3  -2  -1  -2  -1   1    0   0   0   0   0   0   0   0   0   0   0   0   0   0   0   0   0   0   0   0  0.00     0.00
   27 R    -1   5   0  -2  -3   1   0  -2   0  -3  -2   2  -1  -3  -2  -1  -1  -3  -2  -2    0   0   0   0   0   0   0   0   0   0   0   0   0   0   0   0   0   0   0   0  0.00     0.00
   28 V     0  -2  -3  -3  -1  -2  -2  -3  -3   3   1  -2   1  -1  -2  -2   0  -3  -1   4    0   0   0   0   0   0   0   0   0   0   0   0   0   0   0   0   0   0   0   0  0.00     0.00
   29 A     4  -1  -2  -2   0  -1  -1   0  -2  -1  -1  -1  -1  -2  -1   1   0  -2  -2   0    0   0   0   0   0   0   0   0   0   0   0   0   0   0   0   0   0   0   0   0  0.00     0.00
   30 S     1  -1   1   0  -1   0   0   0  -1  -2  -2   0  -1  -2  -1   4   1  -3  -2  -2    0   0   0   0   0   0   0   0   0   0   0   0   0   0   0   0   0   0   0   0  0.00     0.00
   31 L    -1  -2  -3  -4  -1  -2  -3  -4  -3   2   4  -2   2   0  -3  -2  -1  -2  -1   1    0   0   0   0   0   0   0   0   0   0   0   0   0   0   0   0   0   0   0   0  0.00     0.00
   32 L    -1  -2  -3  -4  -1  -2  -3  -4  -3   2   4  -2   2   0  -3  -2  -1  -2  -1   1    0   0   0   0   0   0   0   0   0   0   0   0   0   0   0   0   0   0   0   0  0.00     0.00
   33 V     0  -2  -3  -3  -1  -2  -2  -3  -3   3   1  -2   1  -1  -2  -2   0  -3  -1   4    0   0   0   0   0   0   0   0   0   0   0   0   0   0   0   0   0   0   0   0  0.00     0.00
   34 F    -2  -3  -3  -3  -2  -3  -3  -3  -1   0   0  -3   0   6  -4  -2  -2   1   3  -1    0   0   0   0   0   0   0   0   0   0   0   0   0   0   0   0   0   0   0   0  0.00     0.00
   35 P    -1  -2  -2  -1  -3  -1  -1  -2  -2  -3  -3  -1  -2  -4   7  -1  -1  -4  -3  -2    0   0   0   0   0   0   0   0   0   0   0   0   0   0   0   0   0   0   0   0  0.00     0.00
   36 E    -1   0   0   1  -4   2   5  -2   0  -3  -3   1  -2  -3  -1   0  -1  -3  -2  -2    0   0   0   0   0   0   0   0   0   0   0   0   0   0   0   0   0   0   0   0  0.00     0.00
   37 K    -1   2   0  -1  -3   1   1  -2  -1  -3  -2   4  -1  -3  -1   0  -1  -3  -2  -2    0   0   0   0   0   0   0   0   0   0   0   0   0   0   0   0   0   0   0   0  0.00     0.00
   38 S     1  -1   1   0  -1   0   0   0  -1  -2  -2   0  -1  -2  -1   4   1  -3  -2  -2    0   0   0   0   0   0   0   0   0   0   0   0   0   0   0   0   0   0   0   0  0.00     0.00
   39 S     1  -1   1   0  -1   0   0   0  -1  -2  -2   0  -1  -2  -1   4   1  -3  -2  -2    0   0   0   0   0   0   0   0   0   0   0   0   0   0   0   0   0   0   0   0  0.00     0.00
   40 A     4  -1  -2  -2   0  -1  -1   0  -2  -1  -1  -1  -1  -2  -1   1   0  -2  -2   0    0   0   0   0   0   0   0   0   0   0   0   0   0   0   0   0   0   0   0   0  0.00     0.00
   41 T     0  -1   0  -1  -1  -1  -1  -2  -2  -1  -1  -1  -1  -2  -1   1   4  -2  -2   0    0   0   0   0   0   0   0   0   0   0   0   0   0   0   0   0   0   0   0   0  0.00     0.00
   42 F    -2  -3  -3  -3  -2  -3  -3  -3  -1   0   0  -3   0   6  -4  -2  -2   1   3  -1    0   0   0   0   0   0   0   0   0   0   0   0   0   0   0   0   0   0   0   0  0.00     0.00
   43 F    -2  -3  -3  -3  -2  -3  -3  -3  -1   0   0  -3   0   6  -4  -2  -2   1   3  -1    0   0   0   0   0   0   0   0   0   0   0   0   0   0   0   0   0   0   0   0  0.00     0.00
   44 R    -1   5   0  -2  -3   1   0  -2   0  -3  -2   2  -1  -3  -2  -1  -1  -3  -2  -2    0   0   0   0   0   0   0   0   0   0   0   0   0   0   0   0   0   0   0   0  0.00     0.00
   45 R    -1   5   0  -2  -3   1   0  -2   0  -3  -2   2  -1  -3  -2  -1  -1  -3  -2  -2    0   0   0   0   0   0   0   0   0   0   0   0   0   0   0   0   0   0   0   0  0.00     0.00
   46 V     0  -2  -3  -3  -1  -2  -2  -3  -3   3   1  -2   1  -1  -2  -2   0  -3  -1   4    0   0   0   0   0   0   0   0   0   0   0   0   0   0   0   0   0   0   0   0  0.00     0.00
   47 Q    -1   1   0   0  -3   5   2  -2   0  -3  -2   1   0  -3  -1   0  -1  -2  -1  -2    0   0   0   0   0   0   0   0   0   0   0   0   0   0   0   0   0   0   0   0  0.00     0.00
   48 V     0  -2  -3  -3  -1  -2  -2  -3  -3   3   1  -2   1  -1  -2  -2   0  -3  -1   4    0   0   0   0   0   0   0   0   0   0   0   0   0   0   0   0   0   0   0   0  0.00     0.00
   49 P    -1  -2  -2  -1  -3  -1  -1  -2  -2  -3  -3  -1  -2  -4   7  -1  -1  -4  -3  -2    0   0   0   0   0   0   0   0   0   0   0   0   0   0   0   0   0   0   0   0  0.00     0.00
   50 H    -2   0   1  -1  -3   0   0  -2   7  -3  -3  -1  -2  -1  -2  -1  -2  -2   2  -3    0   0   0   0   0   0   0   0   0   0   0   0   0   0   0   0   0   0   0   0  0.00     0.00
   51 L    -1  -2  -3  -4  -1  -2  -3  -4  -3   2   4  -2   2   0  -3  -2  -1  -2  -1   1    0   0   0   0   0   0   0   0   0   0   0   0   0   0   0   0   0   0   0   0  0.00     0.00
   52 F    -2  -3  -3  -3  -2  -3  -3  -3  -1   0   0  -3   0   6  -4  -2  -2   1   3  -1    0   0   0   0   0   0   0   0   0   0   0   0   0   0   0   0   0   0   0   0  0.00     0.00
   53 S     1  -1   1   0  -1   0   0   0  -1  -2  -2   0  -1  -2  -1   4   1  -3  -2  -2    0   0   0   0   0   0   0   0   0   0   0   0   0   0   0   0   0   0   0   0  0.00     0.00
   54 T     0  -1   0  -1  -1  -1  -1  -2  -2  -1  -1  -1  -1  -2  -1   1   4  -2  -2   0    0   0   0   0   0   0   0   0   0   0   0   0   0   0   0   0   0   0   0   0  0.00     0.00
   55 S     1  -1   1   0  -1   0   0   0  -1  -2  -2   0  -1  -2  -1   4   1  -3  -2  -2    0   0   0   0   0   0   0   0   0   0   0   0   0   0   0   0   0   0   0   0  0.00     0.00
   56 T     0  -1   0  -1  -1  -1  -1  -2  -2  -1  -1  -1  -1  -2  -1   1   4  -2  -2   0    0   0   0   0   0   0   0   0   0   0   0   0   0   0   0   0   0   0   0   0  0.00     0.00
   57 T     0  -1   0  -1  -1  -1  -1  -2  -2  -1  -1  -1  -1  -2  -1   1   4  -2  -2   0    0   0   0   0   0   0   0   0   0   0   0   0   0   0   0   0   0   0   0   0  0.00     0.00
   58 T     0  -1   0  -1  -1  -1  -1  -2  -2  -1  -1  -1  -1  -2  -1   1   4  -2  -2   0    0   0   0   0   0   0   0   0   0   0   0   0   0   0   0   0   0   0   0   0  0.00     0.00
   59 L    -1  -2  -3  -4  -1  -2  -3  -4  -3   2   4  -2   2   0  -3  -2  -1  -2  -1   1    0   0   0   0   0   0   0   0   0   0   0   0   0   0   0   0   0   0   0   0  0.00     0.00
   60 F    -2  -3  -3  -3  -2  -3  -3  -3  -1   0   0  -3   0   6  -4  -2  -2   1   3  -1    0   0   0   0   0   0   0   0   0   0   0   0   0   0   0   0   0   0   0   0  0.00     0.00
   61 S     1  -1   1   0  -1   0   0   0  -1  -2  -2   0  -1  -2  -1   4   1  -3  -2  -2    0   0   0   0   0   0   0   0   0   0   0   0   0   0   0   0   0   0   0   0  0.00     0.00
   62 S     1  -1   1   0  -1   0   0   0  -1  -2  -2   0  -1  -2  -1   4   1  -3  -2  -2    0   0   0   0   0   0   0   0   0   0   0   0   0   0   0   0   0   0   0   0  0.00     0.00
   63 V     0  -2  -3  -3  -1  -2  -2  -3  -3   3   1  -2   1  -1  -2  -2   0  -3  -1   4    0   0   0   0   0   0   0   0   0   0   0   0   0   0   0   0   0   0   0   0  0.00     0.00
   64 K    -1   2   0  -1  -3   4   1  -2   0  -3  -2   4  -1  -3  -1   0  -1  -3  -2  -2    0   0   0   0   0  50   0   0   0   0   0  50   0   0   0   0   0   0   0   0  0.49 0.00
   65 C     3  -2  -2  -3   7  -2  -2  -1  -2  -1  -1  -2  -1  -2  -2   0   0  -3  -2  -1   50   0   0   0  50   0   0   0   0   0   0   0   0   0   0   0   0   0   0   0  0.56 0.00
   66 S     0   1   0  -1  -2   1   0  -1  -1  -3  -3   3  -2  -3  -1   3   1  -3  -2  -2    0   0   0   0   0   0   0   0   0   0   0  50   0   0   0  50   0   0   0   0  0.34 0.00
   67 I    -2  -3  -4  -3  -1  -3  -4  -4  -4   5   2  -3   1   0  -3  -3  -1  -3  -2   3    0   0   0   0   0   0   0   0   0 100   0   0   0   0   0   0   0   0   0   0  0.43 0.02
   68 H    -1  -1   1   3  -2   0   0  -2   5  -2  -3  -1  -2  -2  -2   0   2  -3   0  -2    0   0   0  32   0   0   0   0  33   0   0   0   0   0   0   0  34   0   0   0  0.39 0.01
   69 S     0   0   0  -1  -2   3   0  -1  -1  -3  -3   0  -2  -3   5   2   0  -3  -2  -2    0   0   0   0   0  32   0   0   0   0   0   0   0   0  34  33   0   0   0   0  0.65 0.01
   70 T     2  -1  -1   0  -1   0   2  -1  -1  -2  -2   0  -1  -3  -1   1   3  -3  -2  -1   26   0   0   0   0   0  24   0   0   0   0   0   0   0   0   0  50   0   0   0  0.31 0.02
   71 S    -1   0   0  -1  -2   5   1  -2  -1  -2  -2   0  -1  -3  -2   1   3  -3  -2  -2    0   0   0   0   0  57   0   0   0   0   0   0   0   0   0  14  29   0   0   0  0.51 0.08
   72 S     1  -1  -1  -2  -1  -1  -1  -1  -2   0   0   1   0  -2  -2   2   3  -3  -2   0   13   0   0   0   0   0   0   0   0   9  12  12   0   0   0  25  29   0   0   0  0.19 0.05
   73 P    -1  -2  -2   2  -3   1   1  -3  -2   0  -1  -1   2  -3   6  -1  -1  -4  -3  -1    0   0   0  13   0   8  11   0   0  12   0   0  12   0  45   0   0   0   0   0  0.73 0.08
   74 E     0   1  -2  -1  -2   0   2  -3  -2   1  -1  -1  -1  -2  -2  -1   1   5  -1   1    5  10   0   0   0   0  28   0   0  16   0   0   0   0   0   0  11  11   0  19  0.22 0.06
   75 T     0  -1   2   1  -2   0   2  -2  -1  -1  -2  -1  -1   1  -2   1   1  -2  -1   0    7   0  11   6   0   0  24   1   0   0   1   0   0  10   0  16   9   0   0  13  0.15 0.04
   76 E    -2  -1  -1   1  -5   1   6  -3  -1  -4  -4   0  -3  -4  -2  -1  -2  -4  -3  -3    0   0   0   0   0   0 100   0   0   0   0   0   0   0   0   0   0   0   0   0  1.17 0.19
   77 N    -1   2   3  -1  -3   4   0  -2   0  -3  -1   2  -1  -3  -2  -1  -1  -3  -2  -2    5  15  18   0   0  39   0   0   0   0  10  14   0   0   0   0   0   0   0   0  0.40 0.10
   78 Q     0  -2  -2  -1  -3   2  -2  -3  -2   0   1   0   7  -2  -3  -2   0  -3  -2   0    6   0   0   3   0  11   0   0   0   3   8   7  51   0   0   0   7   0   0   4  0.47 0.19
   79 A     1  -1  -1   1  -2   0   2  -2  -2  -2  -1   1  -1  -3   0   2   3  -3  -2  -1   18   0   0   7   0   0  15   0   0   0   6   8   0   0   3  14  25   0   0   2  0.22 0.09
   80 V     1   0  -2  -2  -2   0   0   0  -2   1   0   0   2  -2  -2   0   0  -3  -2   1   17   8   0   0   0   2   6   6   0  12   3   5  14   0   0   8   2   0   0  15  0.09 0.07
   81 F     0  -3  -3  -4  -2  -3  -3  -3  -2   3   1  -1   3   4  -2  -2  -2  -1   2   1    8   0   0   0   0   0   0   0   0  23  11   4  14  27   1   0   0   0   5   4  0.37 0.15
   82 R    -1   2   1  -1  -4   2   1  -3  -2  -4  -3   5  -3  -4  -2   0  -2  -4  -3  -3    3  11   6   2   0  11   7   0   0   0   2  52   0   0   0   6   0   0   0   0  0.66 0.24
   83 P    -1   2   2   0  -3   2   1  -2  -2  -4  -3   2  -2  -2   0   3  -1  -4  -3  -3    0  11  12   2   0   9   7   0   0   0   1  17   1   2   5  30   0   0   0   0  0.41 0.20
   84 N    -1  -2   5   4  -4   1   0  -1   2  -4  -4  -1  -3  -4  -1   1  -1  -5  -3  -4    4   0  34  24   0   5   5   4   4   0   0   3   0   0   2  10   2   0   0   0  0.64 0.26
   85 V    -2  -2  -4  -5  -3  -3  -4  -5  -4   4   3  -4  -1   5  -4  -3  -2  -3  -1   2    3   2   0   0   0   1   0   0   0  25  25   0   0  26   0   0   2   0   0  14  0.63 0.26
   86 V    -3  -4  -2  -3  -2  -3  -3  -4  -4   4   3  -4   1   1  -4  -3  -2   1   0   1    1   0   3   1   1   0   2   1   0  30  38   0   2   6   0   1   0   2   3   8  0.57 0.24
   87 D     0   0   2   4  -4   1   3  -2  -1  -4  -3   1  -3  -4  -3   0  -1  -4  -3  -3    9   4   9  30   0   7  20   1   1   0   1   9   0   0   0   4   3   0   0   1  0.52 0.23
   88 I    -2  -1  -2   2  -4   2   4  -4  -1   0   0  -1   0   0  -3  -2   0  -4  -2  -1    1   1   1  13   0  11  37   0   1   6   9   2   2   4   0   1   5   0   1   5  0.45 0.26
   89 L    -4  -5  -6  -6  -4  -5  -5  -6  -5   2   6  -5   2   1  -5  -5  -4  -4  -3   0    1   0   0   0   0   0   0   0   0   8  77   0   4   4   0   0   0   0   0   4  1.30 0.47
   90 E    -2   0  -2  -2  -2   2   1  -3   1   2   0   3   1  -3  -1  -1   0  -4  -1   0    1   5   0   1   1  11   9   1   5  17   8  21   4   0   2   4   5   0   2   4  0.21 0.17
   91 E     0   1  -1   0  -4   1   3  -3  -2  -4  -4   3  -2  -2  -3  -1   1   7  -2  -3    8   6   3   4   0   5  22   1   1   0   1  19   1   1   0   3   9  17   1   1  0.61 0.29
   92 R    -5   8  -4  -5  -7  -3  -4  -4  -4  -6  -6   1  -5  -6  -5  -4  -5  -6  -5  -6    0  90   0   0   0   0   0   2   0   0   0   6   0   0   0   0   0   0   0   0  2.38 0.74
   93 G    -3  -5   4  -1  -6  -4  -2   6  -2  -6  -6  -3  -5  -6  -2  -2  -4  -6  -6  -6    0   0  22   3   0   0   3  66   1   0   1   1   0   0   2   1   0   0   0   0  1.49 0.53
   94 L     1  -4  -4  -5   1  -4  -4  -4  -3   1   3  -4   1   2  -4  -2   1  -3   3   1   12   0   0   0   3   0   0   0   0   5  31   0   4  11   0   1  11   0  10  12  0.44 0.25
   95 L     0  -2  -2  -1  -2   1   1  -4  -2   4   1  -3   0   2  -4  -3  -2  -4  -1   2    7   1   1   3   0   6   9   0   1  28  13   0   1   9   0   1   1   0   1  16  0.33 0.22
   96 E     1  -2   1   0  -3   0   5  -3   4  -4  -4   1  -3  -1  -3  -1  -2  -4   1  -3   11   1   6   3   1   3  39   0  11   0   1  10   0   3   0   4   1   0   4   1  0.60 0.31
   97 S    -3  -3   0   2  -3   5   0  -3  -1   2   0  -2  -2  -2  -4  -2  -2  -4  -3   2    1   0   3  11   0  37   3   1   1  15   7   1   0   1   0   2   1   0   0  15  0.59 0.34
   98 I    -2  -4  -3  -4   5  -1  -3  -4  -4   3   1  -3   0   2  -3   0   0  -4  -2   2    2   0   1   0  13   3   2   1   0  22  14   1   2   9   1   7   6   0   1  17  0.40 0.23
   99 T    -3  -3  -1  -2  -4  -3  -3  -1  -3  -2  -3  -2  -2  -2   1   3   6  -5  -4  -1    0   0   2   2   0   0   0   5   0   2   2   2   1   1   6  21  51   0   0   3  0.84 0.44
  100 S    -2  -2   2   5  -5  -1   3  -3   3  -2  -2  -1  -2  -2   0  -1  -1  -5  -3  -2    2   2  10  31   0   1  22   1   8   3   3   1   1   1   5   4   2   0   0   3  0.57 0.29
  101 E    -1   1  -2   2  -4   0   6  -3  -2  -3  -2   0  -2  -3   0  -1  -2  -4  -2  -3    4   8   1  10   0   2  52   1   0   1   5   3   1   1   4   2   1   0   1   1  0.74 0.32
  102 N     0  -1   1   3  -4   1   5  -1  -1  -3  -4   1  -2  -4  -3  -1  -1  -4  -1  -3    6   2   6  16   0   4  39   5   1   1   1   6   1   0   1   3   3   0   2   1  0.53 0.25
  103 L     0  -2  -2  -3  -3  -2  -1   0  -3   1   4  -1   0   2  -3  -2  -2  -1  -2   0    8   2   2   1   0   1   5   7   0   8  43   4   2   9   1   2   2   1   0   2  0.28 0.18
  104 R    -1   2  -1   1  -3   0   1  -3  -2   1   2   1   0   0  -2  -2  -1  -3  -2   0    5  16   1  10   0   4   8   1   0   8  22  10   1   3   1   1   3   0   0   4  0.15 0.13
  105 S     1   1  -1   2  -4   1   2  -2   0  -3  -1   3  -1  -3  -2   0  -1  -1  -3  -3   11   9   2  10   0   5  16   2   2   1   7  22   2   1   1   5   2   1   0   1  0.27 0.17
  106 A     1   1  -1  -1  -3   0   0  -3  -1   1   2   3  -1  -2  -3  -2  -1  -4  -2  -1   12   6   2   2   0   4   8   1   1   9  29  20   1   0   0   1   1   0   1   1  0.21 0.17
  107 C     0  -3  -4  -3  -2  -2  -4  -3  -4   1   5  -3   1   0  -4  -2  -1  -2  -2   0    8   0   1   1   1   2   0   2   0   8  61   1   2   3   0   2   3   0   1   3  0.64 0.29
  108 S     1   0   1   0  -2   0   1  -2  -2  -1   1   1   1  -1  -2   0   0  -3  -1  -1   14   2   7   5   0   2  11   1   0   2  20  12   4   2   1   5   5   0   2   2  0.09 0.09
  109 D    -1   2   1   2  -3   1   3  -2   0  -2  -2   2  -2  -3  -2   1  -1  -3  -3  -3    4  11   8  12   0   6  20   2   2   2   4  12   1   0   1  10   3   0   0   1  0.28 0.14
  110 P    -1   1   2   1  -2   0   2   1   0  -3  -2   2  -1  -3  -1   0  -1  -3  -2  -2    4   8   9   5   1   2  20  12   2   0   5  14   1   1   3   7   3   0   1   1  0.21 0.12
  111 K    -1   1   0   0  -1   3   2  -1  -1  -2  -2   2  -1  -3  -2   0   0  -3  -2  -1    5   7   3   5   1  15  17   3   1   1   4  19   1   1   1   3   7   0   1   4  0.25 0.14
  112 V     0   0   1   0   0   1   0   2   0  -1  -2   1  -1  -2  -1   0   0  -2  -1  -1    7   4   8   4   3   6   7  19   1   3   3  13   1   1   3   6   5   0   2   5  0.11 0.04
  113 A     0   1   1   0  -2   0   0   1  -1  -1  -1   1  -1  -2   0   0   0  -2  -1  -1    8   8   8   3   1   2   5  15   1   5   5  10   2   1   4   7   7   0   1   5  0.08 0.03
  114 P    -1  -1   0  -1  -2   0  -1   1  -1  -2  -2   2  -2  -3   6  -1  -1  -2  -2  -2    3   3   3   3   1   4   3  10   1   2   3  15   1   1  37   4   3   0   1   3  0.61 0.16
  115 L    -2  -2  -2  -3  -2  -1  -2  -2  -3   3   3  -3   2   1  -3  -2  -1  -2  -1   2    2   1   1   1   0   3   2   3   0  18  35   1   5   7   1   1   2   0   1  16  0.31 0.14
  116 R     0   3   0  -2  -3   0  -1  -2  -1  -2  -2   2  -2   0  -2   1   2  -3  -1  -1    6  21   4   1   0   4   1   2   1   2   1  18   0   4   1  11  18   0   2   5  0.26 0.15
  117 V     2  -3  -3  -4  -1  -3  -3  -1   1   3   1  -3  -1   2  -3  -2  -2  -3   0   2   20   0   0   0   1   0   0   4   4  17  17   0   0  11   0   2   0   0   2  19  0.28 0.16
  118 Y    -4  -3  -5  -5  -5  -4  -4  -6  -1  -4  -2   3  -4   0  -5  -4  -4  -1   9  -4    0   0   0   0   0   0   0   0   0   0   4  18   0   0   0   0   0   0  77   0  2.08 0.58
  119 C     0  -4  -4  -4   5  -3  -3  -4  -4   3   1  -4  -1  -1  -4  -1   1   4  -2   2    8   0   0   0  15   0   1   0   0  25  16   0   0   1   0   3  11   6   1  13  0.48 0.21
  120 G    -3  -5  -3  -4  -6  -5  -5   7  -5  -7  -7  -5  -6  -6  -5  -3  -5  -6  -6  -6    0   0   0   0   0   0   0 100   0   0   0   0   0   0   0   0   0   0   0   0  2.39 0.61
  121 F    -1  -2  -4  -3  -2  -4  -4  -5  -3   2  -1  -4   1   7  -5  -3   0  -2   3   0    4   2   0   2   1   0   0   0   0  14   2   0   3  49   0   1   8   0  10   4  0.88 0.32
  122 D     0   0  -1   7  -5   0   3  -2  -3  -5  -5  -2  -5  -5  -4  -2  -3  -6  -5  -5    7   5   0  63   0   4  17   2   0   0   0   0   0   0   0   0   0   0   0   0  1.28 0.41
  123 P    -1  -5  -5  -5   2  -4  -4  -5  -5   0  -5  -4  -5  -6   8  -4  -1  -6  -6  -4    6   0   0   0   5   0   0   0   0   6   0   0   0   0  78   0   4   0   0   0  2.20 0.59
  124 T    -3  -2  -3  -4  -4  -3  -4  -4  -5  -4  -3  -3  -4  -5  -4   3   7  -6  -5  -3    0   2   0   0   0   0   0   0   0   0   2   0   0   0   0  24  72   0   0   0  1.55 0.57
  125 A     5  -2  -3  -4  -4  -3  -3   5  -4  -5  -5  -3  -4  -5  -4   0  -3   1  -5  -4   50   2   0   0   0   0   1  38   0   0   0   0   0   0   0   7   0   2   0   0  1.08 0.41
  126 E    -1   0  -1   3  -4  -1   0  -1  -1  -2  -2   2  -3  -4   4   0  -1  -4  -3  -2    5   4   2  20   0   1   4   5   1   3   3  14   0   0  24   6   4   0   0   2  0.45 0.19
  127 S    -1  -2   0   3  -3  -2  -1  -2  -2  -3  -3  -2  -1  -2   2   5  -1  -3   0  -3    3   1   3  15   0   1   2   1   0   1   2   1   1   2   9  52   1   0   3   1  0.64 0.28
  128 L    -3  -4  -4  -5  -3  -4  -4  -5  -4   3   5  -4   2   1  -4  -4  -3  -3  -2   0    1   0   0   0   0   0   1   1   0  16  65   1   4   5   0   1   1   0   0   4  0.92 0.32
  129 H    -5  -4  -3  -5  -7  -3  -4  -6  11  -7  -7  -5  -5  -5  -6  -5  -1  -6  -2  -7    0   0   0   0   0   0   0   0  95   0   0   0   0   0   0   0   5   0   0   0  3.42 0.85
  130 L    -2  -5  -5  -6  -1  -4  -5  -6  -5   5   4  -5   1  -2  -5  -4  -3  -4  -3   3    3   0   0   0   1   0   0   0   0  32  41   0   2   0   0   0   0   0   0  21  0.92 0.33
  131 G     0  -6  -4  -5  -6  -5  -5   7  -5  -7  -7  -5  -6  -6  -5  -3  -5  -6  -6  -6    5   0   0   0   0   0   0  95   0   0   0   0   0   0   0   0   0   0   0   0  2.25 0.61
  132 N    -4  -4   3  -4  -6  -3  -3  -1   9  -6  -6  -4  -5  -4  -5  -1  -2   4   2  -6    1   0  16   0   0   0   0   6  60   0   0   0   0   0   0   5   2   5   6   0  1.81 0.56
  133 L    -1  -4  -4  -5  -3  -4  -4  -5  -3   0   4  -3   2   2  -5  -1   1   3   3  -1    4   0   0   0   0   0   0   0   0   2  49   1   4   9   0   4   9   4  12   2  0.64 0.29
  134 L    -2  -4  -5  -5  -2  -3  -4  -5  -5   4   2  -4   3  -1  -4  -3  -2  -4  -3   5    2   0   0   0   1   1   0   0   0  25  19   0   7   1   0   1   2   0   0  41  0.80 0.31
  135 G     0  -3  -2  -3  -3   3  -2   0  -3  -1   0  -2   0  -3   4   0   0   4  -3   0    9   0   1   0   0  15   0   8   0   2  10   0   3   0  25   6   7   5   0   8  0.44 0.23
  136 I     0  -4  -4  -5  -3  -4  -4  -2  -4   4   3  -4   3   3  -4  -2  -2   0  -2   1    7   0   0   0   0   0   0   3   0  29  25   0  11  13   0   3   1   1   0   7  0.54 0.25
  137 I    -1   1   2  -2   0   1  -2  -2   0   1   1  -1   6  -1  -4  -1  -1  -3   0  -1    3  10  10   1   2   6   1   2   3   8  14   1  26   1   0   4   3   0   3   2  0.31 0.22
  138 V    -1  -1   0  -3  -1  -1  -2  -2  -3   0  -1   5   4   1  -2  -2   0  -4  -3   0    6   1   4   0   2   2   0   2   0   5   4  44  12   6   2   1   7   0   0   5  0.45 0.28
  139 L    -2  -2  -2  -5  -1  -4  -4  -5  -4   2   4  -4   4  -1  -5  -2  -1   2  -3   0    3   2   2   0   1   0   0   0   0  11  54   0  13   2   0   2   3   2   0   4  0.72 0.30
  140 S     1   5  -2  -3  -3  -1  -2  -4   0  -1  -1   3   0  -1  -4  -2  -3  -4  -2   0   16  34   1   0   0   1   0   0   2   4   6  23   3   2   0   1   0   0   1   6  0.53 0.27
  141 W    -2   3  -2   4  -5   2   0  -3   4  -2  -2  -1  -3  -3  -4  -2  -2   6  -1  -4    4  21   0  23   0  11   5   0  12   2   5   1   0   0   0   2   2  11   2   0  0.61 0.28
  142 F    -3  -5  -6  -6  -2  -5  -6  -6  -5  -1   4  -5   3   6  -6  -5  -4  -1  -1  -2    1   0   0   0   1   0   0   0   0   2  44   0   8  43   0   0   0   1   0   0  1.30 0.44
  143 Q    -2  -1  -3  -3  -2   8  -1  -5  -3  -3  -1   0  -3  -4  -4  -3  -4  -5  -2  -1    2   2   0   1   1  72   1   0   0   1   7   5   0   1   0   1   0   0   1   6  1.45 0.55
  144 R    -2   2   1   4  -5   2   2  -3  -1  -3  -1   3  -1  -4  -3  -1  -2  -5  -4  -3    3   9   5  24   0   7  15   0   1   1   6  25   1   0   0   1   0   0   0   1  0.52 0.25
  145 C     4  -2  -1  -1   0  -1  -1  -2   2  -2   0  -1   0   0  -2   0   0  -2   0  -1   41   0   2   2   2   3   4   0   7   0  11   4   3   4   1   4   6   0   3   2  0.26 0.20
  146 G    -2  -2  -1  -3  -4  -2  -3   7  -4  -5  -5  -2  -4  -3  -4  -3  -4  -4  -4  -5    2   3   2   0   0   2   2  82   0   0   1   2   0   2   0   1   0   0   0   1  1.59 0.44
  147 H    -3  -4  -1  -4   2  -2  -4  -4   9   1  -3  -4  -2   3  -5  -4  -4  -1   2   0    1   0   2   0   5   1   0   1  53   9   1   0   0  12   0   0   0   1   7   6  1.38 0.46
  148 Q    -2   3   0   2  -3   1   2  -3   1  -1  -3   3  -2  -3  -1  -1   1  -4  -3  -2    1  15   4  11   1   5  13   0   4   4   1  27   1   1   2   1   8   0   0   2  0.40 0.21
  149 A     0  -4  -4  -4   3  -4  -4  -2  -4   1  -2  -4   1  -3   6  -2   1  -5  -4   3    9   0   0   0   6   0   0   3   0   6   2   0   4   1  37   1   8   0   0  24  0.82 0.32
  150 V    -3  -1  -1  -4  -2  -2  -4  -4  -1   4   0  -2   0   3  -4  -2   2  -3   1   2    0   3   3   0   1   2   0   0   1  33   7   2   1  12   0   3  13   0   6  15  0.41 0.22
  151 G     2  -4  -4  -4  -3  -4  -4  -3  -4   3   1  -4   0   3  -4  -2   0  -3   1   3   20   0   0   0   0   0   0   1   0  19  10   0   1  14   0   1   4   0   3  27  0.46 0.23
  152 L    -4  -5  -6  -6  -4  -5  -5  -6  -5   2   5  -5   2   2  -5  -5  -3  -4   0   1    0   0   0   0   0   0   0   0   0  13  68   0   3   8   0   0   0   0   2   6  1.08 0.38
  153 I    -2  -3  -5  -6  -4  -5  -4  -6  -5   5   2  -5   2   0  -5  -4  -3  -5  -3   3    3   1   0   0   0   0   1   0   0  42  22   0   5   4   0   0   0   0   0  22  0.93 0.39
  154 G     4  -5  -4  -4  -4  -4  -4   6  -5  -5  -5  -4  -5  -6  -4  -3  -4  -5  -5  -3   35   0   0   0   0   0   0  61   0   0   0   0   0   0   0   0   0   0   0   2  1.50 0.55
  155 G    -3  -5   0   6  -6  -4  -2   5  -4  -6  -6  -4  -5  -6  -4  -2  -1  -6  -6  -6    1   0   3  48   0   0   0  41   0   0   0   0   0   0   0   2   3   0   0   0  1.43 0.53
  156 A     3  -4  -4  -4  -3  -2  -4   2  -4  -1   1  -4  -2   3  -4  -1  -3   6   1   0   25   0   0   0   0   1   0  17   0   2  16   0   0  16   0   3   0  11   3   5  0.53 0.29
  157 T    -4  -4  -3  -4  -5  -1  -4  -5   8  -5  -5  -4  -4  -5  -5  -3   7  -6  -3  -4    0   0   0   0   0   2   0   0  35   0   0   0   0   0   0   0  61   0   0   0  1.95 0.72
  158 G     4  -4  -3  -4  -4  -3  -4   4  -4  -4  -5  -3  -4  -5  -4   1   1  -5  -5  -3   41   0   0   0   0   0   0  35   0   0   0   0   0   0   0  11  11   0   0   0  0.97 0.43
  159 R    -3   0  -4  -4  -4   0  -2  -4  -1  -1   2   1   6   0  -4  -3  -2   4   3  -2    1   6   0   0   0   4   3   1   1   2  24   9  26   3   0   1   2   6  11   0  0.59 0.33
  160 V    -3  -4  -4  -4  -3  -4  -4  -5  -5   6   2  -4  -1  -2  -4  -4   0  -4  -3   2    1   1   0   1   0   0   1   1   0  61  17   1   0   0   1   1   5   0   0  10  1.11 0.41
  161 G    -2  -3   4  -1  -4  -3  -3   6  -3  -4  -4  -3  -4  -4  -3  -2  -1  -4  -4  -4    1   1  18   2   0   1   1  63   0   1   1   1   0   1   1   1   5   0   1   1  1.20 0.40
  162 D    -3  -3  -1   8  -4   0  -1  -3  -1  -4  -4  -2  -4  -4  -3  -2  -3  -4  -4  -4    1   1   2  77   0   3   2   1   2   1   2   2   0   1   1   1   1   0   1   1  1.66 0.50
  163 P    -2  -2  -3  -3  -3  -2  -2  -3  -3  -3  -3   2  -3  -2   7  -2  -2  -3  -3  -3    2   1   1   1   0   1   2   2   1   1   2  14   1   2  62   2   1   0   1   2  1.52 0.41
  164 S    -1   0  -1  -2  -2  -1  -2   0  -2  -2   0  -1  -2  -3  -2   4   2  -3  -2  -2    2   6   2   1   0   1   2   8   1   1   9   4   1   1   1  41  16   0   1   2  0.42 0.23
  165 G    -1  -2  -1   0  -3  -2  -2   5  -2  -2  -2  -2  -2   3  -2  -2  -2  -1  -2  -3    3   1   2   6   1   1   3  50   1   2   3   2   1  16   1   2   2   1   1   2  0.69 0.24
  166 K    -2   3  -2  -2  -3   0   0   0  -2  -3  -2   5  -1  -3  -1  -1  -1  -3  -3  -2    2  14   1   1   0   2   5   8   1   1   5  44   2   1   3   2   4   0   1   3  0.52 0.23
  167 S     0  -1   2   3  -2  -1  -1  -1  -2  -2  -2   1  -2  -3  -2   3   2  -3  -3  -2    6   1   8  22   1   1   2   4   0   2   3   8   1   1   1  22  11   0   1   1  0.32 0.18
  168 L     1  -1   1   0  -2   0   2  -1  -1  -1  -1   1  -1  -1  -1   1   1  -2  -2  -1   12   1   7   5   1   2  17   4   1   2   4  11   1   3   1  11   9   0   1   5  0.13 0.09
  169 E     0  -2  -2  -1  -2  -1   4  -2  -2  -1  -1  -1   3  -2  -2   0   3  -3  -2  -1    8   1   1   2   0   1  30   2   1   3   7   2   9   1   1   6  21   0   1   3  0.35 0.20
  170 R    -3   7  -2  -2  -4  -1  -2  -3  -2  -3  -3   1  -3  -3  -3  -2  -3  -3  -3  -3    2  71   1   2   0   1   1   2   1   1   2   6   1   1   1   3   1   0   1   2  1.39 0.42
  171 P     0   0   1  -1  -3   0  -1  -2   1  -1  -2   3  -2  -2   2   0   1  -3  -2   0    6   2   9   3   0   4   2   1   3   3   2  26   1   2  12   8   7   0   1   9  0.24 0.15
  172 E    -1  -1  -3  -3  -2   1  -2  -2  -2   1   3  -1   3   0   3  -2  -1  -3  -2   0    4   2   1   1   0   7   2   3   1   6  32   2   9   3  17   1   2   0   1   5  0.32 0.17
  173 L    -2  -2   2  -1  -2   2  -1  -2  -1   0   4  -1   2  -1  -2  -2  -1  -2   0  -1    2   2  11   3   0  10   3   2   1   3  43   4   4   1   1   2   3   0   3   2  0.29 0.17
  174 D    -1  -1   0   1  -2  -1   0  -1   0  -3  -3  -1  -2  -3   0   3   4  -3  -3  -2    4   2   3  10   1   1   4   3   3   1   2   4   0   1   4  23  34   0   1   1  0.45 0.25
  175 A     0   1  -1  -1  -3   0   1  -2  -1  -1   1   1   1   0   2  -1  -1   1   0  -1    8  11   3   3   0   2   9   1   1   3  14   9   4   4  13   4   2   2   3   2  0.13 0.10
  176 D    -1  -3  -1   3  -5  -1   6  -4  -3  -4  -5   0  -4  -5  -4  -1  -2  -1  -3  -5    6   0   2  19   0   1  58   0   0   1   0   4   0   0   0   3   2   1   1   0  1.13 0.47
  177 T    -2  -1   0   2  -3   4   3  -4  -2  -1  -1   0  -2  -3  -3  -2   2  -4  -3   0    1   1   4  11   0  20  23   0   0   2   5   5   1   1   0   1  17   0   0   8  0.44 0.28
  178 L    -2  -3  -5  -5  -3  -4  -5  -5  -5   5   2  -4  -1  -2  -5  -3  -1  -5  -4   5    2   1   0   0   0   0   0   0   0  32  18   0   0   0   0   1   4   0   0  40  0.94 0.39
  179 E     1   3   0   0  -3   2   1  -2  -1  -1   0   1  -1  -2  -3  -1  -1  -4  -3  -1   13  18   5   6   0  10  11   1   1   3  12  10   1   1   0   2   3   0   0   3  0.20 0.16
  180 K     2   0  -1   1  -4   1   3  -1   3  -3  -3   2  -1  -3  -3  -1  -1  -4  -1  -3   18   4   2   6   0   5  27   4   9   1   2  14   1   0   0   1   2   0   2   0  0.39 0.25
  181 N    -4   0   7  -2  -3  -3  -3  -3   0  -3  -1  -3  -1  -3  -4  -2  -1   7  -2  -1    0   5  56   0   1   0   0   1   2   2   6   0   2   0   0   1   3  14   1   5  1.25 0.50
  182 I     3  -1  -3  -1   0  -1  -2   0  -3   1  -1   0   0  -2  -2   1   1  -4  -3   2   31   2   0   3   1   1   1   5   0   9   4   5   2   1   1   9   8   0   0  17  0.23 0.19
  183 A     1   1   1   1  -3   1   3  -1  -2  -3  -2   2  -2  -3  -3   0   0  -4  -1  -3   16   8   7   5   0   5  24   3   0   1   5  14   0   0   0   4   4   0   2   1  0.28 0.19
  184 G     0   1   0   0   1  -1  -1   1   1  -3  -2   2  -2  -3  -2   1   2  -3   1  -2    7   7   3   7   3   1   2  11   4   0   3  15   0   0   0  12  18   0   6   1  0.20 0.16
  185 I    -2  -4  -4  -5  -4  -4  -5  -5  -3   5   1  -4   1   0  -5  -4  -2  -2   6   0    2   0   1   0   0   0   0   0   0  40  11   0   2   1   0   0   1   0  35   2  1.12 0.45
  186 T     0   2   1  -2  -4   1   1  -3   0  -2  -1   3  -2   0  -3   0   0  -3   2  -2    6  13   7   0   0   4  10   0   2   2   7  25   0   4   0   6   4   0   8   2  0.26 0.19
  187 K     1   2   1   0  -3   1   2  -1   0  -2  -2   2  -2  -3  -2  -1  -1  -4  -1  -2   12  10   7   5   0   7  19   5   1   2   4  17   1   0   1   3   3   0   2   2  0.23 0.16
  188 I    -1  -1   0  -3  -2   7   0  -3  -3  -1  -2   0  -3  -5  -4  -2  -2  -5  -4   2    3   2   4   0   1  55   3   2   0   2   3   5   0   0   0   3   2   0   0  15  0.97 0.47
  189 I     0  -4  -5  -5   3  -4  -4  -5  -4   3   3  -4   2   2  -4  -3  -3  -3  -1   3    8   0   0   0   6   0   0   0   0  17  32   0   6   9   0   1   0   0   1  19  0.57 0.27
  190 I     1   0  -2  -1  -3   0   1  -1  -1   0   0   1  -1   3  -3   1  -1  -3  -1  -2   13   5   0   1   0   3  11   4   1   6  11  11   0  15   0  12   2   0   1   1  0.13 0.15
  191 K     0   3   0   1  -1   1   1  -1   0  -3  -2   4  -3  -4   0   0  -2  -4  -3  -3    6  14   3   9   2   5   6   3   2   2   3  33   0   1   4   5   1   0   0   0  0.40 0.23
  192 I     0  -3  -3  -5  -3  -3  -4  -2  -3   4   0  -4   2   5  -4  -2  -3   2   3   1    7   1   1   0   0   1   0   3   0  24   8   0   4  26   0   2   0   3  11   9  0.58 0.29
  193 L    -3  -4  -5  -5  -3  -4  -5  -5  -4   3   5  -4   2   1  -5  -4  -3   0  -1   1    1   0   0   0   0   0   0   0   0  15  60   0   5   6   0   0   1   1   2   6  0.93 0.38
  194 G     1  -1  -1   4  -3  -2   1   2  -2  -3  -2   0  -3  -2  -2   0  -1  -1  -3  -2   16   3   2  29   0   0   8  15   1   0   3   6   0   1   1   7   4   1   0   2  0.37 0.21
  195 S     0  -2  -2  -1   1  -1  -2  -2  -2  -1   0  -1   1   4  -1  -1   0  -2   1   1    9   1   1   3   4   3   2   2   1   1  10   4   3  26   3   5   4   0   5  12  0.19 0.14
  196 N     0  -2   1   3  -3  -1   2   3  -1  -1  -2  -1  -1  -2  -2   0  -1  -3  -2  -2    6   1   6  19   0   1  14  25   2   4   3   2   2   2   1   8   2   0   1   2  0.31 0.16
  197 P     0  -1   0   1   0   0   1   1   0   0   0   0  -1  -1   0   0   0  -2  -1  -1    5   1   5   9   3   1  11  14   2  10   8   7   1   3   4   5   5   0   1   3  0.04 0.04
  198 S    -1  -1   0   4  -2  -1   0   2  -1  -2  -2  -1  -2  -2  -2   0   1  -3  -1   0    5   3   3  27   1   2   4  18   1   2   2   3   1   1   2   6   9   0   2   8  0.26 0.13
  199 P    -1  -1   0   1  -1   0   1  -2  -1  -3  -2   2  -2  -3   5  -1  -1   0  -1  -2    5   2   5   7   2   3   8   2   1   1   5  12   1   1  32   4   2   2   2   2  0.50 0.18
  200 G     1   0   2   0  -1   0   1   0  -1  -1  -1   0  -1  -1   1   0   0   1  -1  -1   12   3  13   4   2   4  11   6   1   2   8   5   1   2   7   5   7   2   1   4  0.09 0.06
  201 G     0   1   1   1  -3   0   1   0  -1  -2  -2   3  -1  -3   0   0   0  -1  -1  -2    9   7   8  10   0   3   7   8   1   3   3  22   1   1   4   6   4   1   2   2  0.17 0.10
  202 S     1   0   1  -1   0   0   0   0  -1  -2  -2   2  -2  -2   1   1   2  -3  -2  -2   15   6   7   2   2   3   4   5   1   1   3  13   0   2   6  13  16   0   0   1  0.18 0.13
  203 Y     1  -1  -2  -2  -2  -1   0  -2  -2   1   0  -1   0   3  -1  -1   1  -2   0   1   12   4   2   1   1   2   8   2   0   7   9   4   1  15   2   3   9   0   3  16  0.09 0.09
  204 V    -2  -1  -2  -3   1   0   1  -3  -2   3   1   0   0   0  -2  -1   0  -3  -2   2    2   4   1   1   3   3  10   1   0  27  10   6   2   3   1   2   6   0   1  18  0.22 0.16
  205 I    -1  -1  -4  -5  -2  -3  -4  -5  -3   3   2  -4   4   4  -4  -4  -3  -3   2   2    4   5   0   0   1   1   0   0   0  19  16   0  11  19   1   0   0   0   7  16  0.55 0.28
  206 F    -1   0  -3  -4  -1  -1  -3   0  -2   1   1  -2  -1   2  -4  -2  -2  -3   0   4    4   7   1   0   1   3   1   7   1   5  13   1   0   9   0   1   1   0   2  40  0.35 0.24
  207 N    -3   0   6   2  -5   3  -2  -2  -1  -5  -3  -1  -4  -3  -4   1  -2   0   2  -5    0   4  42  12   0  12   1   2   1   0   3   4   0   1   0   8   1   1   7   0  0.80 0.39
  208 N     0  -3   7  -1  -4  -2  -1   0  -3  -5  -5  -3  -4  -5  -4   3  -2  -5  -4  -5    6   0  52   2   0   1   2   7   0   0   0   0   0   0   0  26   0   0   0   0  1.19 0.50
  209 Y     2  -1   0  -1  -3  -1   0  -2   0  -2  -2  -1  -2   1  -3   2   1  -2   4  -2   21   2   4   4   0   2   4   1   3   2   4   2   1   5   0  20   8   0  16   2  0.26 0.20
  210 D    -2  -2   0   5  -4   2   4  -3  -1  -4  -3  -1  -3  -1  -3  -1   0  -4  -2  -2    3   1   3  35   0   8  31   1   1   1   2   2   0   2   1   2   5   0   1   3  0.76 0.33
  211 W    -4  -5  -5  -5  -4  -1  -5  -5  -4   0   0  -5  -2   1  -5  -5  -4  11   2  -2    1   1   0   1   0   3   1   1   0   5   9   1   1   5   1   1   1  62   6   3  2.49 0.67
  212 W    -2  -3  -3  -3  -1  -2  -4  -4  -3   2   4  -3   2   2  -4  -2   0   1   2   0    2   0   1   2   1   2   0   0   0  10  45   1   5   8   0   2   8   2   7   5  0.47 0.25
  213 K     0  -1   0   2  -2   0   1   1  -2  -3  -3   2  -1  -4   1   1  -1  -4  -3  -3    6   2   4  14   1   4  10  13   0   0   2  18   1   0   6  14   2   0   0   1  0.27 0.17
  214 D    -1   0   3   2  -4   1   3   0   0  -4  -4   3  -3  -4   0   0  -1  -4  -3  -3    4   4  16  10   0   5  18   7   2   0   0  19   0   0   3   6   2   0   0   1  0.39 0.22
  215 M    -3  -3  -3  -2  -3  -1  -1  -2  -3   3   3  -1   5   0  -2  -2  -2  -3   1   0    0   0   1   2   0   2   5   3   0  16  32   3  19   3   2   2   1   0   6   2  0.45 0.27
  216 T    -2  -2   4   2  -4  -1  -1   0   0  -4  -4   0  -2  -3  -2   1   2  -4   3  -4    0   1  23  14   0   3   2   8   1   0   0   5   1   0   2  12  15   0  11   0  0.47 0.28
  217 M     0  -3  -3  -4   0  -3  -1  -4  -1   0   1  -3   2   2   0  -2   0  -1   5   1   11   0   0   0   2   0   6   0   1   5  17   0   5   8   5   1   5   1  23  10  0.34 0.22
  218 L     0  -2  -3  -2  -3  -3  -2  -4  -3   4   3  -3   0  -2  -2  -2  -2   4  -1   1    8   2   1   2   0   0   4   1   0  28  32   1   1   0   2   2   1   7   2   6  0.46 0.26
  219 D    -1  -2   1   5  -4   0   3   0  -1  -4  -5  -1  -4  -3  -2   0   0  -1  -4  -4    5   2   6  34   0   3  22   7   1   0   0   2   0   1   1   7   7   1   0   0  0.61 0.30
  220 F    -4  -5  -5  -4  -4  -5  -4  -3  -4   0   1  -5   3   7  -5  -4  -2  -3   1   3    0   0   0   1   0   0   1   2   0   4  14   0   7  45   0   0   2   0   3  21  1.00 0.41
  221 L    -2  -4  -5  -5  -3  -4  -5  -5  -4   3   5  -4   0   0  -5  -4  -2  -3   2   1    3   0   0   0   0   0   0   0   0  17  56   0   1   4   0   0   1   0   6  10  0.85 0.36
  222 N    -2   6  -1  -2  -4   0   1  -1  -1   0  -2   1  -3  -3  -4  -2  -2  -4  -2  -2    2  52   2   2   0   2   8   5   1   6   3   8   0   1   0   2   2   0   1   3  0.76 0.35
  223 K    -3   0   0   5  -4  -2   1  -4  -3  -2   3   1  -1  -3  -3  -2  -1  -4  -4  -3    1   4   4  34   0   1   9   0   0   1  29  10   1   0   0   2   3   0   0   0  0.56 0.30
  224 V     1  -4  -4  -4  -1  -3  -4  -3  -3   3   1  -3   0   1  -4  -1   0  -3   2   3   14   0   0   0   1   1   0   1   0  21   9   0   2   7   0   4   4   0   8  26  0.39 0.23
  225 G     2  -4  -2  -3   0  -3  -3   5  -1  -3  -3  -3  -4  -4  -4   3  -2  -4  -2  -4   18   0   1   0   2   0   1  47   1   1   2   0   0   0   0  21   1   0   1   0  0.87 0.38
  226 R    -2   3  -1  -2  -4   1  -1  -3   0  -2  -2   5   1  -4  -2   0   0  -5  -4  -1    2  15   2   1   0   5   1   1   2   2   2  44   4   0   1   8   5   0   0   5  0.59 0.32
  227 F    -1  -1   2  -2  -1  -1  -1  -3   7  -2   1  -1   1   1  -3  -2  -2  -2   3  -3    5   2  10   1   1   2   2   1  32   2  13   4   4   4   1   2   1   0  12   1  0.62 0.29
  228 A    -1  -3  -3  -3  -3  -2  -2  -2  -3   1   0  -3   0   6  -3  -2   2  -2   0   1    6   1   1   2   0   1   2   3   0  10   8   1   2  37   1   2  14   0   2   8  0.50 0.24
  229 R    -2   2   1  -3  -3   0  -2  -2  -3  -4  -3  -2  -3  -4  -1   4   5  -5  -4  -3    1  10   8   0   0   4   1   2   0   0   1   0   0   0   2  33  35   0   0   0  0.76 0.40
  230 V    -2  -4  -5  -5  -3  -2  -4  -5  -5   3   2  -4   2   0  -4  -4  -3  -4  -3   5    2   0   0   0   0   1   0   0   0  13  20   0   5   4   0   0   0   0   0  51  0.86 0.37
  231 G     2  -2   6  -2  -4  -1  -2   1  -3  -4  -4  -2  -4  -5  -2   1  -1  -5  -4  -4   21   1  47   0   0   1   1  10   0   0   1   1   0   0   1   9   4   0   0   0  0.91 0.41
  232 T    -1   5  -1  -3  -4   2  -1  -4   0  -4  -4   1  -3  -3   0  -1   1  -3   3  -2    5  42   2   0   0  11   3   0   1   0   1   6   0   0   4   3   8   0  11   2  0.68 0.34
  233 M    -3  -3  -3  -4  -3  -3  -4  -4   0   1   1  -3   9  -2  -4  -3  -1  -3  -1   0    1   1   1   1   0   1   1   1   2   7   9   1  59   1   1   2   4   0   2   7  1.37 0.49
  234 M    -2   0  -3  -1  -3  -1  -3  -4  -3   1   4  -1   4  -2  -3  -2  -2  -3  -2   0    1   6   1   3   0   2   1   1   0   7  54   3  12   1   1   2   2   0   0   4  0.56 0.25
  235 A     3   1   1  -1  -3   0   2   1  -1  -3  -3   1  -3  -4  -3   1   0  -4  -3  -2   31   8   6   2   0   2  15   9   1   0   0   7   0   0   0  10   7   0   0   1  0.33 0.21
  236 K     0   5  -2  -3  -4   0  -1  -3  -2  -1  -3   5   0   1  -3  -1  -2  -4  -2  -3    9  30   0   0   0   2   2   0   0   4   1  37   2   6   0   4   1   0   1   0  0.68 0.31
  237 E    -3   2  -1   5  -5  -1   4  -3  -1  -2  -2  -1  -3  -4   0  -2  -2  -5  -4  -3    1  12   1  38   0   1  27   1   1   3   5   3   0   0   4   1   1   0   0   2  0.74 0.31
  238 S     1  -3  -1   3   1  -2  -1  -2  -3   0  -3  -1  -1  -3  -1   3   2  -4  -3  -1   11   0   1  16   2   0   1   1   0   5   1   4   2   1   3  33  14   0   0   4  0.36 0.23
  239 V    -1  -4  -4  -5  -3  -4  -4  -1  -4   3  -1  -3   3   4  -4  -2  -1  -3   1   4    5   0   0   0   0   0   0   4   0  15   2   1   8  24   0   2   2   0   3  33  0.58 0.28
  240 K     2   1  -1   0  -4   1   0  -1  -2  -3  -3   4   2  -4  -3   0  -1  -4  -2  -3   21   7   2   5   0   7   4   4   0   0   1  32   6   0   0   7   3   0   1   0  0.38 0.24
  241 K    -1   1   1   0  -4   2   2   0  -2  -3  -1   3  -1  -4  -3   1  -1  -4  -3  -2    2   7   5   3   0  11  13   6   0   1   8  28   2   0   0  10   3   0   0   1  0.31 0.19
  242 R    -2   7  -2  -1  -5   0  -2  -2  -3  -1  -4   0  -3  -5  -4  -3  -3  -5  -4   1    2  68   2   3   0   3   1   4   0   3   0   3   0   0   0   0   0   0   0  10  1.22 0.46
  243 L    -1  -2  -2  -4  -3  -3  -3  -1  -2   2   3  -2   2   2  -3  -1  -1  -1   3   1    3   3   2   0   0   0   0   5   0  12  31   1   5   7   0   6   4   1  14   7  0.28 0.17
  244 E     1   2   1   1  -4   2   3  -1  -1  -2  -3   2  -2  -4  -1   0   0  -4  -3  -3   12  11   6   5   0   7  26   3   1   2   0  12   0   0   2   8   4   0   1   0  0.35 0.19
  245 S     0   2   1  -1  -3   2   2  -1  -1  -3  -2   0   0  -3  -2   3   1  -4  -3  -2    5  14   6   2   0   8  13   3   1   0   2   4   3   1   0  26   8   0   0   2  0.28 0.18
  246 E    -1   0   1   2  -3   1   3   2  -1  -3  -3   0   0  -3  -1   0  -1  -3  -2  -1    4   4   8  12   0   7  25  16   1   1   2   3   3   1   2   5   1   0   1   5  0.28 0.14
  247 Q     0   0   0   1  -3   3   2  -1   0   0  -2   1  -1  -3  -2   0   1  -3  -2  -1    9   5   2   8   0  17  19   4   2   6   2   6   1   1   1   3  10   0   0   4  0.22 0.14
  248 G    -1  -3   2   0  -4  -2  -1   4   1  -5  -5  -3  -4  -5   4   1  -1  -5  -4  -4    2   0  11   4   0   0   4  40   4   0   0   0   0   0  19  11   4   0   0   0  0.77 0.32
  249 M    -2  -3  -5  -5  -3  -4  -5  -5  -3   5   3  -4   1  -2   2  -4  -2  -4  -3   1    3   1   0   0   0   0   0   0   1  47  26   0   3   0  12   0   2   0   0   5  0.82 0.34
  250 S     1  -3  -1   1  -3  -2  -2   0  -2  -1  -2   0   0  -3  -2   5   0  -4  -2  -3    8   0   1   7   0   0   0   5   1   3   4   5   2   1   1  56   4   0   1   1  0.61 0.34
  251 Y    -3  -4  -5  -5  -4  -4  -3  -5   0   2   1  -4  -1   6  -5  -4  -1  -2   4   1    1   0   0   0   0   0   2   0   2  10  14   0   1  42   0   0   3   0  13  12  0.87 0.34
  252 T     1  -2  -2  -3  -2  -2  -2   0   5  -1   0  -1  -1  -2  -3   2   3  -4  -2  -2   10   0   1   0   0   0   0   8  15   3  12   2   1   1   0  15  27   0   0   1  0.36 0.23
  253 E    -3  -2  -2  -1  -5   2   6  -1  -1  -4  -1   1  -2  -3  -2  -1  -3  -4  -4  -4    1   0   0   0   0   6  62   6   1   0   6   6   1   1   2   4   1   0   0   1  0.94 0.39
  254 F    -3  -5  -5  -5  -4  -5  -5  -5  -4   0   2  -5   1   8  -5  -4  -3  -2   1  -1    1   0   0   0   0   0   0   0   0   3  16   0   4  67   0   0   1   0   1   4  1.47 0.41
  255 T    -1  -3   2  -2  -1  -2  -2   0  -3   1   1  -2   0  -1  -3   2   2  -3  -2   1    3   0  12   0   1   0   0   5   0  11  15   0   2   3   0  25  13   0   0   8  0.22 0.16
  256 Y    -6  -6  -6  -7  -6  -5  -6  -7  -2  -5  -5  -6  -5  -1  -7  -6  -5  -1  10  -5    0   0   0   0   0   0   0   0   0   0   0   0   0   0   0   0   0   0 100   0  3.27 0.77
  257 Q    -3  -4   0  -4  -5   3  -3  -5  -4  -3  -3  -3   5  -5   7  -2  -1  -6  -5  -2    1   0   4   0   0  16   0   0   0   1   1   0  16   0  53   3   3   0   0   3  1.43 0.44
  258 L     0  -4  -4  -5  -2  -4  -5  -3  -5   4   4  -4   1  -1  -3  -3  -2  -4  -3   2    7   0   1   0   1   0   0   2   0  23  49   0   3   1   1   1   2   0   0  12  0.70 0.26
  259 L    -2  -4  -5  -6  -1  -4  -5  -6  -5   0   5  -5   6  -1  -5  -3  -3  -4  -3   0    2   0   0   0   1   0   0   0   0   4  61   0  25   1   0   2   1   0   0   3  1.14 0.38
  260 Q    -4  -3  -4  -4  -7   9  -2  -6  -3  -6  -5  -2   3  -7  -5  -4  -4  -6  -5  -6    0   0   0   0   0  92   0   0   0   0   0   0   8   0   0   0   0   0   0   0  2.51 0.71
  261 A     4  -3  -3  -3  -3  -3  -3   3  -4  -3  -3  -3  -2  -4  -3   2   0  -4  -4   0   40   0   0   0   0   0   0  27   0   0   0   0   1   0   0  17   4   0   0   9  0.68 0.28
  262 Y     2  -3   0  -4  -4  -2  -4  -4   0   0   0  -3   1   0  -4  -2  -2   2   7  -1   19   1   5   0   0   1   0   0   2   5  11   0   3   2   0   2   1   3  42   3  0.73 0.29
  263 D    -5  -5  -2   8  -6  -3  -2  -4  -4  -6  -6  -4  -6  -6  -4  -3  -4  -7  -6  -6    0   0   0  97   0   0   0   0   0   0   0   0   0   0   0   0   0   0   0   0  2.49 0.61
  264 F    -3  -4  -4  -5  -4  -4  -2  -5  -4   4  -2  -4  -1   6  -5   2  -3   2   2  -1    0   0   0   0   0   0   3   0   0  30   0   0   1  40   0  16   0   2   5   1  0.94 0.35
  265 L     0  -2  -3  -4  -2  -2  -2  -3   0   0   2  -2   0   1  -3  -2  -2   0   3   3   11   1   0   0   0   1   2   1   3   1  27   3   1   6   1   1   1   1  11  27  0.31 0.18
  266 H     2  -1  -1  -1  -1   0   2  -2   5  -2  -2  -1   1   0  -2  -1   0  -2   3  -1   18   1   2   1   1   3  15   1  16   2   2   3   4   2   1   2   6   0  14   4  0.29 0.16
  267 L    -3  -4  -5  -5  -3  -4  -4  -5  -4   1   6  -4   3  -1  -4  -4  -2  -3  -3   0    1   0   0   0   0   0   1   1   0   6  75   0   7   2   0   1   1   0   0   3  1.09 0.34
  268 F     0   0   3  -1  -1  -1  -1  -2   2  -2  -2  -1  -2   3  -2   0  -1   0   4  -2    8   5  18   2   2   2   4   2   6   1   3   2   1  14   1   5   2   1  18   2  0.27 0.11
  269 K    -1   3   0   0  -2   2   2  -1  -1  -2  -2   3  -1  -2  -1   0  -1  -2  -1  -2    4  15   5   4   1  10  13   3   1   2   4  22   1   1   2   5   3   0   2   2  0.26 0.09
  270 N     1   2   2   0  -2   0   0  -1   1  -1  -1   1  -1  -1  -1   0   0  -2  -1  -1   14  15  11   4   1   4   7   3   3   4   4  11   1   3   2   4   6   0   2   3  0.11 0.05
  271 E    -1   1   0   0  -2   1   1  -2   5  -2  -1   0   0   1  -2  -1  -1  -1   4  -1    3   6   4   4   1   7   8   2  16   1   7   5   2   4   2   2   4   0  18   3  0.25 0.11
  272 G    -2   0   3   2  -4   0   0   4  -1  -3  -2   1  -3  -2  -3  -1  -2  -4  -3  -3    2   4  18  15   0   4   5  30   1   1   4   9   0   2   0   1   1   0   0   0  0.44 0.18
  273 I     1  -5  -4  -5   8  -4  -4  -4  -5   0  -1  -4  -2  -4  -4  -1  -1  -5  -4   5   14   0   0   0  31   0   0   0   0   4   3   0   0   0   0   3   2   0   0  41  1.10 0.36
  274 N    -1   0   0   4  -1   1   0  -3  -3  -1  -2   0  -2  -3   3  -1   1  -5  -3  -1    3   6   2  32   1   5   3   0   0   3   5   7   1   0  13   2  11   0   0   5  0.38 0.18
  275 V    -1  -4  -5  -5  -1  -4  -5  -4  -5   3   4  -4   2  -1  -5  -4  -3  -4  -3   4    4   0   0   0   1   0   0   1   0  16  38   0   5   2   0   0   0   0   0  33  0.77 0.28
  276 Q     1  -2  -2  -2  -4   7   3  -3  -2  -4  -4  -1  -3  -4   0  -2  -2  -4  -3  -2   14   1   1   1   0  51  19   1   0   1   1   1   0   0   4   1   1   0   0   4  0.96 0.34
  277 I     0  -3  -3  -3   0  -2  -3  -3   0   3   2  -3   3   1  -1  -2  -1  -2   0   1    6   1   1   1   2   1   1   1   3  23  25   1   9   7   3   1   3   0   2  10  0.29 0.13
  278 G    -1  -3  -2  -3  -4  -3  -3   7  -3  -4  -4  -3  -4  -4  -3  -2  -3  -4  -4  -2    4   1   1   1   0   1   1  79   0   1   1   1   0   1   1   1   1   0   1   4  1.46 0.35
  279 G    -1  -6  -4  -5  -6  -5  -5   7  -5  -7  -7  -5  -6  -6  -5  -3  -5  -6  -6  -6    3   0   0   0   0   0   0  97   0   0   0   0   0   0   0   0   0   0   0   0  2.33 0.57
  280 S     0  -1   0   0  -3  -1   0  -2  -3   0  -2   0   2  -4  -3   4   3  -4  -3  -1    4   3   3   5   0   1   5   1   0   8   1   6   7   0   0  34  18   0   0   4  0.35 0.22
  281 D    -5  -5  -2   8  -7  -3   0  -5  -4  -7  -7  -4  -7  -7  -5  -4  -4  -8  -7  -7    0   0   0  96   0   0   4   0   0   0   0   0   0   0   0   0   0   0   0   0  2.52 0.63
  282 Q    -4  -3   0  -4  -7   9  -2  -5  -3  -7  -6  -2  -4  -7  -5  -4  -4  -6  -5  -6    0   0   4   0   0  96   0   0   0   0   0   0   0   0   0   0   0   0   0   0  2.62 0.73
  283 W    -5   3  -5  -5  -6  -3  -1  -5  -2  -2  -2   2  -4  -3  -6  -4  -2  11   0  -4    0  19   0   0   0   0   5   0   1   3   4  15   0   0   0   0   3  48   2   1  1.88 0.50
  284 G     0  -3  -3  -3  -4   1  -3   5  -3  -4  -4   2  -3   3  -1  -1  -3  -4  -2  -4    7   0   0   0   0   8   0  42   0   0   0  16   0  17   3   4   0   0   1   0  0.71 0.32
  285 N    -2  -3   7  -2  -5  -2  -3  -4   6  -2  -5  -3   0  -1  -5  -3  -3  -5  -2  -5    3   0  63   0   0   1   0   0  22   3   0   0   2   3   0   0   0   0   1   0  1.60 0.54
  286 I    -3  -4  -3  -5  -3  -4  -4  -5   0   5   2  -4   5   0  -4  -4  -3  -4  -3   1    0   0   1   0   0   0   0   0   3  45  21   0  18   3   0   0   0   0   0   5  0.92 0.35
  287 T    -1  -3  -3  -3  -3  -2   1  -4  -1   1   3  -3   0  -2  -3  -1   3  -3  -2   2    3   0   0   0   0   0  12   1   1   7  30   0   2   0   0   2  25   0   1  15  0.39 0.23
  288 A     3  -3   0  -3  -2  -1  -2  -2  -3   0   0  -2   4  -3  -3   2   1  -3  -3   1   28   0   5   0   0   3   1   2   0   4   6   1  15   0   0  19   7   0   0   8  0.33 0.22
  289 G     0   1  -2  -3  -3  -3  -2   6  -3  -4  -4  -2  -3  -4  -3  -1   0  -4  -4  -4    9   8   1   1   0   1   3  62   0   1   1   2   0   1   1   2   7   0   0   1  0.99 0.32
  290 T    -1   4  -3  -2  -2  -2   1  -4  -2   3   0  -1   0  -3  -3  -2   0  -4  -2   1    3  33   0   2   1   0   9   1   1  19   6   0   2   0   0   1   8   0   1  13  0.40 0.23
  291 D    -3  -1   1   5  -5  -1   5  -3   1  -3  -5  -1  -3  -3  -3  -2  -1  -5  -3  -3    1   4   5  38   0   1  36   1   3   1   0   2   1   1   0   1   3   0   1   1  0.92 0.36
  292 L    -4  -5  -6  -6  -4  -5  -5  -6  -5   2   5  -5   1   2  -5  -5  -3  -4   0   1    0   0   0   0   0   0   0   0   0   9  71   0   2   7   0   0   1   0   2   6  1.11 0.41
  293 I     2  -3  -2  -3  -3   3  -2  -1  -3   4  -1  -2  -1  -3   2  -1   1  -4  -3   1   18   0   1   0   0  19   1   4   0  27   3   0   1   0   9   2   8   0   0   8  0.38 0.26
  294 R    -3   6  -1  -1  -5   0   1  -2   3  -5  -4   2  -1  -3  -4   0  -3  -4  -3  -4    1  53   2   3   0   2  10   2   7   0   0  11   1   1   0   6   0   0   0   0  0.93 0.37
  295 K    -1   5  -2   1  -4   0   0  -3   2  -3  -3   4  -2  -4  -3  -1  -2  -4  -3  -3    4  37   0   7   0   2   5   1   5   1   3  27   1   0   0   4   2   0   0   2  0.67 0.28
  296 I    -1  -1  -2  -3  -2  -2  -2  -2  -1   1   1   0   2   3  -2  -1   0   0   3   1    2   2   1   1   0   1   2   4   1  10  13   7   8  16   1   3   5   1  12   9  0.19 0.12
  297 L     0   0   3   0  -2   0   0   1   0  -1   0  -1  -1  -2  -2   0   0  -1   1  -1   10   4  21   4   0   2   7  12   3   2  10   3   1   1   1   7   3   1   5   3  0.13 0.09
  298 Q    -1   0  -1  -1  -3   2   1   2   1  -1   0   2  -1  -2  -2  -1  -1  -3  -2  -2    4   4   1   3   0  14   8  21   4   3  12  15   1   1   1   2   3   0   1   2  0.18 0.12
  299 A     0   0   1   0  -3   0   1   3  -2  -2  -2   2  -2  -3   0   0   0  -3  -3  -1    8   3   8   4   0   3   9  26   0   3   4  16   0   0   4   4   5   0   0   3  0.23 0.13
  300 E    -1   0   1   0  -3   2   1  -1  -1  -3  -2   1  -2   2   1  -1  -1  -2   4  -3    4   5   8   6   0  10  11   5   1   1   1   9   0   8   8   2   2   0  18   1  0.25 0.16
  301 E     1   0   1   0  -3   2   2   1   0  -2  -1   2  -2  -3   0   0   0  -3  -2  -1   14   5   7   5   0  10  13   9   2   1   5  15   0   1   4   3   4   0   0   3  0.16 0.10
  302 A     0   1  -1   0   1   2   1  -2   1  -2  -2   2  -2  -3   2   0   0  -3  -2   0    5   5   2   4   3  11  11   1   3   2   2  19   0   1  11   6   6   0   0   7  0.23 0.13
  303 A     2  -1  -3  -2  -3   1  -2  -2  -3   1   1  -2  -1  -2   2  -1   0  -4  -3   3   20   4   0   1   0   7   2   2   0   7  11   0   0   1  12   1   4   0   0  27  0.28 0.20
  304 Y    -2  -3  -3  -4  -1  -3  -4  -3   4   1  -1  -4   0   5  -3  -3  -2   0   4   2    1   0   0   0   2   0   0   2  10   7   4   0   2  30   1   1   2   1  17  17  0.67 0.28
  305 G     2  -3  -1  -3   4  -3  -3   4   1  -2  -2  -2  -2  -3  -2   0  -1  -3  -3  -1   20   1   2   1   9   0   1  40   4   1   3   2   1   0   1   6   2   0   0   4  0.56 0.23
  306 L    -3  -4  -5  -5  -3  -3  -3  -5  -4   3   4  -2   3   0  -2  -3  -3  -3  -2   1    0   0   0   0   0   1   2   0   0  18  51   3   8   4   2   1   0   0   1   9  0.70 0.29
  307 T    -2  -2  -3  -4  -4  -3  -3  -4   4  -3  -1  -2   4   0   0  -1   6  -5  -3  -1    1   1   0   0   0   0   0   0  12   0   4   1  10   3   4   2  56   0   0   4  0.95 0.44
  308 F    -1  -3   0  -3   0  -2  -2  -4   0   2   1  -2   3   1  -3   0   2  -3  -1   2    2   0   6   0   2   1   1   0   3  10  12   1  12   8   0   6  19   0   2  17  0.26 0.19
  309 P    -3  -5   0  -5  -6  -4  -4  -4   0  -6  -6  -3  -6  -7   8  -4  -2  -7  -6  -5    1   0   4   0   0   0   0   1   3   0   0   1   0   0  86   1   2   0   0   0  2.54 0.71
  310 L    -3  -2  -5  -5  -4  -4  -5  -3  -5   2   5  -3   2  -1  -2  -4  -3  -4  -1  -1    1   2   0   0   0   0   0   2   0  11  69   2   5   1   3   0   1   0   2   1  0.93 0.37
  311 L    -4  -5  -5  -6  -4  -4  -5  -6  -5   4   5  -5   2  -2  -5  -5  -3  -4  -3   2    0   0   0   0   0   0   0   0   0  21  64   0   4   0   0   0   0   0   0  10  1.11 0.40
  312 L    -1  -3  -2  -3  -3  -2   1  -3   0  -1   1  -3  -1  -3   2   0   5  -4  -2   1    2   0   1   0   0   1  10   1   2   1  12   0   1   0  10   3  40   0   1  13  0.49 0.29
  313 K    -2  -1   1   2  -4  -2  -2   5  -3  -5  -5   3  -4  -5  -4  -1   1  -5  -5  -4    1   2   6  10   0   1   0  48   0   0   0  18   0   0   0   4   9   0   0   0  0.81 0.33
  314 N     2  -3  -3  -3  -3  -3  -1  -3  -3  -1   3  -3  -1  -2  -1   3   1  -4  -3  -1   19   0   0   0   0   0   3   0   0   2  36   0   0   0   3  23  11   0   0   1  0.44 0.29
  315 D    -2  -3   2   6  -5   2   1  -3  -3  -5  -6  -2  -5  -6  -4   1   0  -6  -5  -5    2   0   8  56   0   9   7   0   0   0   0   2   0   0   0   8   7   0   0   0  1.14 0.43
  316 G    -1  -5  -3  -4  -6  -3  -4   7  -5  -7  -7  -5  -6  -6  -5  -2  -5  -6  -6  -6    3   0   1   0   0   1   1  93   0   0   0   0   0   0   0   2   0   0   0   0  2.17 0.63
  317 T     0   1  -1  -1  -3   3   1  -1  -2  -1  -3   3   0  -4  -3   0   2  -4  -3   0    8   6   2   3   0  16   6   5   0   2   1  20   2   0   0   5  17   0   0   8  0.28 0.19
  318 K    -4  -1  -4  -4  -7  -2  -3  -5  -4  -6  -6   8  -5  -7  -5  -4  -4  -7  -5  -6    0   1   0   0   0   0   0   0   0   0   0  99   0   0   0   0   0   0   0   0  2.38 0.75
  319 F    -5  -5  -6  -7  -5  -4  -6  -6  -5  -1  -1  -5  10   5  -6  -5  -4  -4  -1  -3    0   0   0   0   0   0   0   0   0   3   2   0  68  26   0   0   0   0   2   0  2.29 0.72
  320 G    -1  -4  -3  -4  -4  -4  -4   5  -4  -6  -6  -4  -5  -6  -4   5  -2  -6  -5  -5    1   0   0   0   0   0   0  46   0   0   0   0   0   0   0  53   0   0   0   0  1.43 0.52
  321 K    -1  -1  -3  -4  -6  -2  -2  -4  -4  -3  -5   7  -4  -6  -4   2  -3  -6  -5  -5    3   0   0   0   0   0   0   0   0   1   0  81   0   0   0  14   0   0   0   0  1.67 0.59
  322 S    -2  -4  -3  -4  -4  -3  -3  -4  -4  -5  -5  -3  -4  -6  -4   6   4  -6  -5  -4    0   0   0   0   0   0   0   0   0   0   0   0   0   0   0  75  25   0   0   0  1.61 0.61
  323 E     2  -2  -2   0  -4   0   4  -3  -2  -2   1   2  -1  -3  -3  -2   0  -4   1  -2   18   0   0   3   0   4  33   0   0   1  16  12   1   0   0   0   4   0   5   1  0.39 0.25
  324 D    -1  -3   2   0  -4   0  -1   5  -2  -5  -5   0  -4  -4   1   1  -2  -5  -4  -5    4   0   9   5   0   3   3  49   1   0   0   6   0   0   6  13   0   0   0   0  0.74 0.29
  325 G    -3  -4   6  -2  -5  -3  -4   5  -2  -6  -6  -2  -5  -6  -5  -1  -1  -6  -5  -3    0   0  49   1   0   0   0  39   1   0   0   1   0   0   0   3   4   0   0   2  1.36 0.47
  326 A     5  -4  -1  -4  -3  -3  -3  -2  -3  -2  -3  -3  -3   0  -1  -1   2  -3   4  -1   52   0   3   0   0   0   0   1   0   1   1   0   0   4   3   2  15   0  17   3  0.74 0.35
  327 I    -3  -5  -5  -6  -3  -5  -5  -6  -6   6   1  -3  -1  -3  -5  -4  -3  -5  -4   4    0   0   0   0   0   0   0   0   0  54   8   2   0   0   0   0   0   0   0  35  1.23 0.41
  328 W    -1  -5  -5  -5  -2  -4  -5   3  -4  -5  -4  -5  -4   2  -4  -1  -4  10   3  -5    6   0   0   0   1   0   0  20   0   0   1   0   0   8   1   5   0  46  11   0  1.80 0.50
  329 L    -3  -4  -5  -6  -3  -4  -3  -6  -5   3   5  -5   1   0  -5  -4  -3  -4  -3   2    0   0   0   0   0   0   2   0   0  17  65   0   1   3   0   0   0   0   0  12  1.00 0.35
  330 S    -1  -2   3   6  -4  -1   0  -3   1  -2  -4  -2  -4  -5  -3   1   1  -5  -4  -4    6   1  15  49   0   1   2   1   3   2   0   1   0   0   0   8   9   0   0   0  0.85 0.31
  331 P     0  -1   0   4  -4  -1   3  -1  -3  -4  -4   0  -4  -5   4  -1  -2  -5  -4  -4   10   2   2  26   0   1  21   3   0   0   0   6   0   0  23   3   1   0   0   0  0.69 0.26
  332 S     0  -1   1   3  -3   0   3  -2  -1  -2  -2   1  -1  -2  -2   0   0  -3  -2  -2    6   2   6  21   0   3  23   2   1   1   5   9   1   2   1   7   5   0   1   3  0.28 0.12
  333 M     0   1  -1  -1  -2   0  -1  -2  -2  -1   1   3   3  -1   0  -1  -1  -2   0  -1    9   5   1   2   1   3   3   3   1   2  17  26  11   2   5   3   2   0   3   2  0.16 0.11
  334 L    -1  -1  -1   0   0  -1  -1  -2  -1  -1   1   0  -1  -1  -2   0   4  -2   0  -1    3   3   2   6   2   1   3   2   1   1  13   7   1   2   1   2  41   0   4   3  0.30 0.16
  335 S     0  -2  -1   0  -3  -2   0  -2  -1  -3  -4  -1  -3  -4   1   5   3  -4  -3  -3    7   0   1   4   0   0   5   1   1   0   1   3   0   0   8  50  17   0   0   1  0.64 0.29
  336 P    -1  -4  -4  -4  -4  -4  -1  -4  -4  -1  -4  -3  -4  -5   8  -2  -3  -5  -5   1    6   0   0   0   0   0   3   0   0   4   0   0   0   0  69   2   0   0   0  13  1.74 0.47
  337 Y    -2  -2   1  -1  -4  -1   2  -2   0  -2  -2  -1  -1   2  -4  -1  -2   0   7  -3    1   1   7   3   0   2  13   3   1   1   3   4   2   9   0   3   2   1  42   1  0.68 0.29
  338 K     0   0  -1   3  -4   1   4  -2   0  -3  -4   1  -3  -4  -3  -1  -1  -4  -3  -2   10   4   1  20   0   3  36   2   2   0   1  10   0   0   0   3   3   0   0   3  0.53 0.23
  339 F    -3  -4  -4  -5  -3  -3  -4  -4  -3   3   1  -2   6   5  -4  -3  -1   2   2  -1    0   0   0   0   0   0   0   0   0  16   9   2  25  30   0   0   3   3   7   2  0.79 0.30
  340 Y    -2  -1  -4  -5  -4  -3  -4  -5   2  -2  -3  -2  -3   4  -5  -4  -4   6   8  -2    3   3   0   0   0   0   0   0   5   1   1   2   0  17   0   0   0  10  52   3  1.38 0.41
  341 Q    -1   1  -2  -3  -4   7   0   2  -2  -5  -4   1  -3  -5  -3   0  -2  -4  -4  -4    4   5   1   0   0  55   4  17   0   0   0   5   0   0   0   5   1   0   0   1  0.98 0.38
  342 Y    -3  -1  -3  -4  -5  -2  -3  -4   0  -4  -3   5  -3   5  -4  -3  -3  -2   5  -4    0   2   0   0   0   0   0   1   2   0   0  41   0  28   0   0   0   0  23   0  1.08 0.40
  343 F    -3  -4  -5  -5  -2  -4  -4  -5  -4   1   2  -4  -2   4  -5  -3  -1   9   1   0    1   0   0   0   1   0   0   0   0   9  22   0   0  17   0   2   4  31   3   7  1.11 0.34
  344 F    -2   3  -3  -4  -1  -2  -1  -2  -3   2   2   0   4  -1  -2  -3  -2  -3   0   1    0  23   0   0   2   1   4   3   0  12  20   4  18   2   2   0   0   0   3   7  0.34 0.21
  345 S    -2   1   6  -2  -4  -1  -2  -1  -2  -5  -5   2  -4  -5  -3   3  -1  -5  -4  -3    0   9  43   0   0   2   0   5   0   0   0  16   0   0   0  21   1   0   0   1  0.85 0.35
  346 V     0  -1  -1  -3   2   1  -2  -3  -3   3   0  -2   0  -1  -3  -1   3  -4  -3   3    6   2   3   0   6   9   0   0   0  20   4   1   1   2   0   1  20   0   0  24  0.32 0.20
  347 P     0  -3   0   2  -4  -2   1  -1  -2  -4  -4  -2  -1  -5   5   2   1  -5  -4  -3    6   0   3  14   0   0  10   5   1   0   1   1   2   0  31  16  10   0   0   0  0.65 0.26
  348 D    -2  -5  -2   8  -6  -3  -1  -1  -4  -4  -6  -4  -6  -6  -4  -3  -2  -7  -6  -6    3   0   0  88   0   0   0   5   0   1   0   0   0   0   0   0   2   0   0   0  2.03 0.60
  349 V     2   2   0   1  -3   1   2  -2  -2  -1  -2  -1  -1  -3   0   1   0  -4  -3  -1   22  13   4   8   0   6  16   0   0   3   1   1   1   0   4   9   6   0   0   6  0.22 0.15
  350 D    -2  -2  -1   5  -4  -1   2  -4  -3  -2   1  -1  -2  -3   0  -1  -2  -5  -4  -1    1   1   2  44   0   1  12   0   0   1  20   2   0   1   4   4   2   0   0   6  0.60 0.28
  351 V    -1  -3  -4  -5  -2  -3  -1  -5  -5   3   0  -4   4  -3  -4  -3  -2  -5  -3   5    5   1   0   0   0   0   5   0   0  14   5   0  13   0   0   1   1   0   0  55  0.82 0.35
  352 I    -1  -2  -1  -2  -2  -1   2   1  -2   2  -1   0  -1   2   0  -1  -2   5   2   0    3   1   3   1   1   0  16  11   0  14   4   5   0   9   4   3   1  10   7   8  0.19 0.15
  353 R    -2   5   2   1  -5   1   0  -2  -1  -4  -4   3  -3  -5  -2   0   0  -5  -3  -4    1  34  12   7   0   4   5   1   1   0   0  21   0   0   2   4   6   0   0   0  0.63 0.27
  354 F    -4  -4  -5  -5   1  -4  -5  -5  -2   0   1  -4  -1   5   0  -4  -3   5   7  -2    0   0   0   0   3   0   0   0   0   6  12   0   1  23   5   0   0   9  37   1  1.10 0.38
  355 L    -2  -4  -4  -5  -2  -4  -3  -5   1   1   4  -4   1   3  -5  -3  -3  -1   3   0    3   0   0   0   1   0   2   0   3   5  56   0   3  12   0   1   0   0  10   4  0.71 0.30
  356 K    -1   3   0   1  -4  -1   2  -3  -1  -4  -2   4  -3  -1  -3  -1   0  -4   1  -3    5  14   3   7   0   0  17   1   1   0   3  35   0   3   0   2   6   0   5   0  0.45 0.24
  357 T    -1  -4  -4  -5  -1  -3  -4  -5  -3   2   4  -3   2   2  -4  -3  -1   3   3   0    4   0   0   0   1   1   0   0   0  13  44   1   6   6   0   1   3   4  13   2  0.57 0.25
  358 L    -3  -4  -5  -5  -2  -5  -5  -2  -3  -1   3  -5  -1   7  -5  -4  -4  -2   3  -1    2   0   0   0   1   0   0   3   0   1  34   0   0  46   0   0   0   0  10   2  1.08 0.38
  359 T    -2  -2  -1  -3  -1  -3  -3  -1   0  -2  -3  -3  -3  -1  -3   3   6  -5  -4  -1    0   1   1   0   1   0   0   3   3   1   2   0   0   2   0  23  57   0   0   3  0.99 0.45
  360 F    -3  -3  -2   3  -4  -3   1  -3  -3  -2  -1  -3  -2   6  -1  -2  -1  -1  -1  -3    1   1   2  20   0   1   8   1   0   2   6   1   1  46   4   3   4   1   0   0  0.79 0.34
  361 L    -2   1  -4  -4  -2  -2  -2  -4  -2   2   4   0   1  -1   0  -3  -3  -3  -2   0    2  10   0   0   1   1   2   0   1  10  52   6   3   1   4   0   0   0   0   5  0.50 0.26
  362 S    -2  -3   0   2  -4  -2   1  -2   2  -4  -4  -2  -4  -5   5   3   2  -5  -4  -4    0   0   4  14   0   1   9   2   4   0   1   1   0   0  27  25  11   0   0   0  0.73 0.33
  363 L    -1   0  -1  -1  -2   0   0  -1  -1   0   2   1   2  -2   0  -1  -1  -3   0   0    5   6   2   4   0   3   5   3   1   5  22  11  10   0   6   3   3   0   3   8  0.08 0.10
  364 D     1  -2   0   4  -4   1   4  -2  -2  -4  -4   0  -4  -5   0   1  -1  -5  -4  -3   11   1   2  23   0   4  36   2   1   0   0   4   0   0   4   8   3   0   0   1  0.62 0.30
  365 E    -2   0  -1   0  -5   1   6  -2  -3  -5  -4  -1  -4  -5  -4  -1   0  -5  -4  -3    3   5   2   2   0   4  68   3   0   0   1   1   0   0   0   3   5   0   0   2  1.15 0.48
  366 I    -3  -4  -5  -4   0  -3  -5  -5  -5   6   1  -4  -1   0  -5  -4  -2  -4   0   3    1   1   0   1   2   1   0   0   0  58  13   1   0   3   0   0   2   0   3  15  0.97 0.38
  367 K     1   2   2   2  -4   1   4  -2  -1  -3  -2   1  -3  -3  -1  -1  -1  -4  -3  -2   15  10   9  10   0   3  30   1   1   1   4   6   0   1   2   2   2   0   0   2  0.36 0.21
  368 I     1   2   0   1  -4   1   3  -2   0  -3  -3   2  -2  -4  -2  -1  -1  -4  -3  -3   16  13   3   7   0   6  28   3   3   1   2  12   0   0   1   2   3   0   0   1  0.38 0.22
  369 L    -3  -3  -5  -5  -3  -3  -3  -5  -4   3   5  -4   2   3  -5  -4  -3   0   0   0    0   1   0   0   0   0   2   0   0  16  55   0   4  12   0   0   1   1   2   4  0.80 0.33
  370 E     0   1  -1   0  -4   0   4  -1  -2  -1  -2   3   0  -3  -3  -1  -1  -4  -2  -1    7   6   1   4   0   2  33   4   0   3   4  22   2   0   0   1   3   0   1   5  0.38 0.22
  371 D     1   2   0   1  -2   2   2  -2  -1  -2  -2   2  -2  -1  -2   0   0  -3  -2  -2   15  11   3   6   1   8  19   2   1   2   2  12   0   3   1   4   6   0   1   2  0.22 0.13
  372 Q     0   1   0   2  -3   2   2   0   1  -2  -1   1   0  -2  -2   0  -1  -3  -2  -2    6   8   2  14   0  10  15   6   4   3   7  11   2   1   1   5   3   0   1   1  0.18 0.10
  373 M    -1  -2  -2   0   1  -1  -2  -3   3   0   1  -2   1   2  -2   0   0   0   3   1    4   1   1   5   4   1   2   1   9   6  11   2   4   9   1   6   6   1  12  15  0.14 0.11
  374 S     2   2   1  -1  -3   0   2  -2  -2  -2  -1   2  -2  -2  -2   0   0  -3  -2  -1   24  12   7   1   0   2  15   1   0   1   5  12   0   1   1   7   6   0   1   3  0.22 0.16
  375 K     0  -1   2   0  -3   1   2  -1  -1  -2   0   0  -1  -2  -2   1   1  -3  -2  -2    8   2  15   4   0   7  16   3   1   1  15   6   1   1   0   8   9   0   0   1  0.16 0.13
  376 P     1   0   0   2  -1   1   1   3  -2  -3  -2   1  -2  -3   0   0  -2  -3  -3  -2   11   5   5  11   2   5   9  24   0   1   3  12   0   0   3   5   1   0   0   2  0.26 0.14
  377 G     0  -1   0   0   1  -1   0   4  -3  -4  -4   0  -3  -4   4   0  -1  -4  -4  -3    6   3   4   4   4   2   7  30   0   0   1   4   0   0  23   6   3   0   0   1  0.53 0.23
  378 Y     0   0  -1  -2  -2   0   0   0   2   0   1   0   0  -1   0   0   0   0   0   0   12   7   2   1   0   5   4   5   6   7  16   7   3   1   3   6   5   2   4   4  0.03 0.04
  379 V     0   0   3   0  -3   1   2   0   4  -2  -1   0  -2  -3  -3  -1  -2  -3  -2  -2    9   4  18   2   0   5  17   8  14   2   8   6   0   0   0   3   1   0   1   1  0.30 0.18
  380 P    -2  -1  -2   1   0  -2  -2  -3  -3   2  -1   1  -2  -3   6  -2  -1   1  -1  -2    2   3   1   7   2   1   2   1   0  13   6   9   0   1  40   1   4   2   2   2  0.69 0.25
  381 N    -2   6   3  -3  -4   0  -2   0  -1  -2  -2   0   1  -3  -4  -2  -3  -4  -3   0    3  45  16   0   0   3   0   7   1   2   3   3   4   1   0   1   0   0   0   9  0.66 0.32
  382 T     1  -2  -1   3  -3   0   4  -2  -1  -1  -1   0  -2  -3  -2  -1  -1  -4  -2  -1   13   0   1  20   0   4  30   1   1   4   8   6   0   1   1   1   4   0   1   3  0.38 0.23
  383 A     5  -2  -4  -4   1  -2  -3  -2  -4   1   1  -2  -1  -2  -3  -2  -2  -4  -3   2   50   2   0   0   3   1   0   2   0   6  16   1   1   1   0   1   1   0   0  14  0.56 0.32
  384 Q    -5   2  -4  -5  -7   6  -3  -6   3  -7  -6   6  -5  -7  -5  -4  -5  -7  -5  -6    0  10   0   0   0  32   0   0   8   0   0  50   0   0   0   0   0   0   0   0  1.73 0.62
  385 I     1   2  -1   0  -4   0   1  -2   1   0  -2   4   0  -4  -4  -1  -1  -4   0  -1   11  13   3   4   0   2   9   2   3   6   2  29   3   0   0   2   3   0   3   5  0.32 0.21
  386 K     0   1   0  -1   0   0  -1  -3   0   1   1  -1   0   0  -3  -1   0   3   1   0    8  11   5   4   2   3   4   0   3   7  17   3   2   4   0   2   8   4   4   8  0.08 0.09
  387 L    -1  -4  -4  -5  -4   0  -4  -5  -4   0   5  -4   2   0  -4  -4   0  -4  -3   0    4   0   0   1   0   5   1   1   0   4  62   1   4   4   1   1   5   0   0   6  0.87 0.33
  388 A     6  -4  -4  -4  -3  -3  -4   1  -4  -3  -2  -3   0  -5  -4   0  -1  -5  -4  -1   76   0   0   0   0   0   0   8   0   0   3   0   3   0   0   4   4   0   0   3  1.11 0.45
  389 E    -1   2   0   1  -4   1   3  -3   2  -3  -2   2  -3   1  -3   0   0   0   1  -3    3   9   3   6   0   6  22   1   5   1   5  15   0   6   0   6   6   1   6   0  0.29 0.18
  390 E     0  -2   0   0  -5   1   6  -4   3  -5  -3   1  -4  -3  -4  -1  -1  -1  -1  -2    7   1   5   3   0   5  50   0   6   0   3   6   0   1   0   2   4   1   2   3  0.78 0.36
  391 V    -1  -5  -5  -5  -4  -4  -1  -6  -5   4   3  -5   2  -1  -5  -4  -2  -5  -4   4    5   0   0   0   0   0   4   0   0  25  28   0   4   2   0   0   2   0   0  30  0.79 0.32
  392 T    -2  -5  -1  -5  -4  -4  -2  -5  -5   1  -2  -4  -1   0  -5  -3   6  -6  -4   4    2   0   3   0   0   0   3   0   0   8   2   0   2   3   0   0  51   0   0  27  1.07 0.47
  393 R     2   3  -1   0  -2   1   2  -2  -1  -2  -3   2  -2  -2  -3   0   2  -4  -3  -2   18  16   2   5   1   5  12   2   1   2   1  13   1   1   0   5  14   0   0   2  0.30 0.20
  394 F    -1   2  -2   0  -4   0  -3  -4  -3   0   3  -2   3   3  -4  -2  -2  -1  -1  -2    6  15   2   5   0   5   0   0   0   5  32   0  10  13   0   3   1   1   1   0  0.38 0.25
  395 V    -2  -2  -5  -6   2  -4  -5  -5  -3   3   0  -4  -1   4  -5  -4  -2  -3   4   4    3   3   0   0   4   0   0   0   0  14   7   0   1  17   0   0   1   0  17  33  0.76 0.32
  396 H     0  -1  -1  -2  -3   1  -1   0   7  -3  -3   0  -2   1  -2   0  -2  -2   3  -3    6   0   0   1   0   8   1   6  43   0   1   6   0   6   1   8   1   0  11   1  0.51 0.19
  397 G     1  -2   1   1  -2   0  -1   3  -1  -3  -3  -1  -2  -3   1   1   0  -3  -2  -2   15   1   7   8   0   6   1  33   0   1   1   1   0   0   6  12   6   0   0   1  0.32 0.09
  398 E     1   1  -1   1  -2   2   3  -2  -1  -1  -2   1  -1   0   1  -1  -1   0  -2  -1   11   7   2   9   1  11  22   2   1   4   2   6   2   4   6   3   3   2   0   4  0.22 0.18
  399 E     2  -1   0   1  -4   1   4   0  -1  -3  -3   1  -3  -4  -3   0   0  -4  -3  -2   19   2   4   9   0   6  29   5   1   2   2   7   0   0   0   7   5   0   0   2  0.38 0.27
  400 G     3  -1  -2   1  -3   1   2   1  -1  -2  -2  -1  -1  -4  -2   0   0  -4  -3  -1   33   3   1   7   0   7  14   9   1   2   4   3   1   0   1   4   5   0   0   3  0.28 0.23
  401 L     4  -1  -2  -3   0  -3  -2  -2  -3  -2   2  -1  -2   0   0  -2   0  -3   1  -1   42   3   2   0   2   0   3   2   0   0  21   3   0   3   4   1   6   0   5   3  0.40 0.31
  402 K     0   1   0   1  -3   2   3   0   0  -2  -1   2  -1  -2  -3  -1  -1  -4  -3  -2    8   6   4   7   0  10  23   6   2   2   7  13   1   2   0   4   2   0   0   3  0.24 0.19
  403 E     2   1   1   0  -4   2   3  -2   0  -2  -2   2  -1  -2  -3   0  -1  -4  -3  -2   18   5   6   4   0  11  18   2   3   2   3  16   1   1   0   5   2   0   0   2  0.29 0.23
  404 A     6  -2  -4   0   1  -4  -4  -3  -4  -1  -4  -4  -4  -5  -4  -1  -2  -5  -4   1   68   2   0   5   3   0   0   0   0   3   1   0   0   0   0   4   2   0   0  10  1.13 0.60
  405 I     1  -1  -2  -2  -4   3   2  -3   2   1   0   1  -2  -2  -3  -1  -2   1  -3  -1   11   2   1   1   0  17  17   1   7   8  10  10   0   1   0   5   2   2   0   4  0.26 0.24
  406 K     1   2   1   1  -4   2   3  -3   1  -2  -2   2  -2  -2  -3   0  -2  -4  -2  -3   12  13   7   8   0  10  20   0   4   2   4  11   1   2   0   4   1   0   1   1  0.34 0.26
  407 A     2  -2   0   0  -1  -1   0  -1   1   2  -1  -2  -1   0  -3  -1   2  -2   0  -1   23   2   3   6   1   2   6   5   4  15   4   1   1   4   0   2  13   0   4   3  0.13 0.19
  408 T     3  -4  -1  -4  -1  -3  -1  -2  -1  -4  -2  -3  -3   4  -4   2   3   2  -3  -2   27   0   2   0   1   0   3   2   2   0   2   0   0  17   0  18  19   3   0   2  0.56 0.42
  409 E     0   2   1   0  -4   3   3  -2   0  -1  -2   1  -2  -1  -1  -1  -1  -4  -2  -1    8  12   7   5   0  13  21   2   1   4   4  10   0   2   2   2   2   0   1   5  0.25 0.22
  410 A     3   0   1  -2  -2   1   0  -2  -1   0  -2   1  -1  -2  -3   1  -1  -4  -3   0   30   6   7   1   1   7   5   2   1   7   2  11   1   1   0   8   2   0   0   7  0.24 0.24
  411 L     0   1  -3  -5  -3  -2  -2  -4  -4   1   4  -3   1   1  -2  -3  -1  -4  -3   2   10   8   1   0   0   1   2   0   0   7  40   0   3   6   2   0   3   0   0  15  0.45 0.32
  412 R    -1   0  -4  -6  -5  -2  -3  -6   2  -3  -3  -1  -2   8  -6  -5  -5  -3   1   1    5   5   1   0   0   2   2   0   5   1   0   3   1  62   0   0   0   0   3   9  1.48 0.67
  413 P     0   1   1   0  -1   1   1   2  -1  -3  -1   0  -2  -3  -1   2   0  -4  -2  -2    6   7   6   4   2   7  12  16   1   0   7   6   0   1   2  15   5   0   1   3  0.18 0.17
  414 G     0   1   1   0  -2   1  -1   4   0  -5  -5   2  -4  -2  -4  -1  -3  -4  -3  -4    9   8   7   5   1   6   4  39   2   0   0  13   0   2   0   2   0   0   1   1  0.57 0.34
  415 A     0  -1   2   2  -2   2   1   3   2  -4  -4   0  -3  -4  -3   0  -1  -4  -2  -3    9   2  12  13   1   9   7  21   6   1   1   7   0   0   1   7   2   0   2   1  0.35 0.23
  416 E     0  -1  -1   1  -2   0   1   1  -2   1   1   1  -1  -1  -2  -1  -1   1  -1   0    5   3   3   9   0   4  10  11   0  10  16  10   0   2   1   2   3   2   1   9  0.05 0.08
  417 T     1   0   0   1  -2   0   0   0   0  -1  -1   1   0  -1  -1   1   0  -2  -2  -1   17   5   5  10   0   3   4   7   3   4   5   8   3   2   1  11   7   0   1   3  0.09 0.08
  418 K     1   1   1   2  -2   1   1   0  -1  -2  -2   1  -2  -2   1   1   0   1  -2  -1   12   7   5  12   1   6   8   7   1   3   3   7   1   1   5  11   5   2   1   3  0.12 0.08
  419 L     0  -2  -2  -2  -1  -1  -1  -1  -2   1   3  -2   1   0  -2  -1  -1  -2   1   0    7   2   2   2   1   3   3   6   1   8  38   2   3   2   2   5   3   0   5   5  0.21 0.15
  420 D     0  -1   2   2  -2   0   0  -1  -2  -2  -1   0  -1  -2  -2   2   2  -2  -2  -2    6   2   8  15   1   3   4   3   1   2   6   4   1   2   2  20  17   0   1   3  0.23 0.16
  421 W     1  -1  -1   0  -2   1   2  -1  -1   0   1  -1  -1  -1   0  -1   0  -1   1   0   13   3   2   4   1   6  18   4   1   4  16   3   1   2   4   3   4   1   5   6  0.08 0.09
  422 N     0   0   0   1  -2   1   1   0  -1  -2  -1   1   0   0   1   1   0  -2  -1  -1   10   4   5   8   1   5   8   9   1   2   5   8   3   5   7  11   4   0   1   4  0.08 0.05
  423 L     0  -1  -1   2  -2   0   2  -2  -1  -1   0   0  -1  -1  -1   0   1  -2  -1   0    7   2   1  15   1   4  16   2   1   3  10   6   2   2   2   5  11   0   2   7  0.13 0.10
  424 I    -1  -1  -2   0  -2  -1  -1  -2  -1   1   2  -1   0   3  -1  -1  -1  -2  -1   1    3   4   1   5   1   3   4   3   1   7  29   5   1  13   3   5   2   0   2   8  0.14 0.11
  425 E     0   0  -1  -1  -2   1   2   1   0  -1  -1   2  -1  -1  -1   0  -1  -2   0  -1    9   5   2   3   1   5  19  10   2   3   7  15   1   3   2   5   3   0   3   4  0.13 0.11
  426 R     1   0  -1   0  -2   3   2   0  -2  -1  -1   0  -1  -1  -2   0   0  -2  -2   0   15   5   2   5   1  16  13   6   1   4   7   5   1   2   1   5   5   0   1   5  0.14 0.13
  427 I     1  -3  -3  -2  -1   0  -1   0  -3   2   3  -2   0  -1  -3  -1   0  -3  -2   1   13   1   1   2   1   5   3   8   0  15  28   2   1   1   1   3   5   0   1   9  0.21 0.18
  428 A     0  -2  -2   0  -1  -3  -1  -2  -3   0   1  -1  -1   3   4  -1  -2  -3  -2  -1   10   2   1   5   2   1   3   3   0   6  13   4   1  16  23   3   2   0   0   4  0.35 0.24
  429 E     0   1   0   3  -4   2   3  -1  -2  -3  -4   2  -3  -3  -2   0  -1  -4  -2  -2    7   7   3  17   0  10  21   3   0   1   1  12   0   1   1   8   2   0   1   3  0.41 0.29
  430 D    -2  -2   3   5  -5  -2   3   1  -2  -3  -4  -1  -1  -5  -4   1  -2  -5  -3  -4    3   1  12  34   0   0  17  10   1   2   2   3   1   0   0   9   2   0   1   0  0.68 0.41
  431 I     0  -4  -4  -5  -2  -2  -4  -2  -4   3   3  -4   4  -1  -4  -3   0  -4  -1   3    8   0   0   0   1   1   0   3   0  18  27   0  11   2   0   0   6   0   2  19  0.54 0.34
  432 P    -4  -2  -2  -3  -5  -3  -2  -3  -4  -4  -4  -1  -3  -2   8  -3  -3  -6  -1  -3    1   2   2   2   0   1   2   2   0   1   1   4   1   2  71   2   1   0   2   2  1.90 0.81
  433 S    -1  -2   0   0  -2   0   3  -1   0  -1  -1  -1  -1   1  -3   1   2  -3  -1   0    3   1   4   4   1   4  22   4   3   3   4   3   1   7   0   9  16   0   2   8  0.18 0.20
  434 C     0  -2  -2  -2   2  -2  -2  -3  -1   2   0  -1   0   2  -3  -2   0  -2   1   3   10   2   1   3   4   1   2   1   1  14   8   4   2  11   0   1   5   0   6  22  0.21 0.19
  435 S     0   0  -1   0  -3   1   3  -2   1  -2  -2   1  -2  -3  -1   1   1  -4  -1  -1    8   4   2   4   0   7  23   2   4   3   2   8   1   1   2  11  11   0   2   5  0.23 0.21
  436 L    -2  -2  -3  -4  -1  -3  -3  -4  -3   3   3  -2   1   0  -3  -3  -2  -1   0   3    3   2   1   1   1   0   2   1   1  16  33   2   3   4   1   1   2   1   2  23  0.49 0.30
  437 P     1  -2   1   0  -2   1   2  -1  -1  -2  -3   1  -2  -2   2   2   1  -3  -1  -2   11   1   5   5   1   5  14   4   1   2   2   8   0   2  10  18   7   0   2   2  0.22 0.19
  438 I     1   1   0   0  -1   1   1   0  -1  -1   0   1  -1   0  -1   0   0  -1  -2  -1   17   8   4   5   1   6  10   7   1   2   9   8   0   4   2   4   5   1   1   3  0.07 0.09
  439 D     0   0   0   2  -2   0   2   0  -1  -2  -2   0  -2  -1  -1   1   0  -3  -2   0    6   5   3  13   1   2  19   9   1   2   3   4   0   4   2  13   6   0   1   8  0.16 0.15
  440 R     0   0   1   1  -2   1   2   0  -1  -1  -1   1  -1  -1  -1   0   0  -2  -2  -1    6   6   7  10   1   4  17   6   1   4   9   8   1   2   2   7   5   0   1   3  0.11 0.09
  441 V     0  -1  -1   0  -2   0  -1   0  -1   1   1  -1   0   1  -1   0   0  -1   0   1    9   3   3   5   1   5   4   7   1   9  17   3   1   8   3   5   4   0   3  10  0.02 0.04
  442 S     1  -2   0   1  -2   0   2  -1  -2  -2  -1   0   0  -1   2   1   0  -3  -2  -2   15   1   5   7   0   4  18   3   0   2   6   5   3   3  10   8   6   0   1   2  0.19 0.15
  443 G     0  -2   0   0  -3  -2   1   5  -1  -3  -2  -1  -3  -3   1  -1  -1  -3  -2  -3    6   2   5   5   0   1  10  42   1   2   4   3   0   1   8   4   4   0   1   2  0.51 0.28
  444 L    -1  -2  -3   0  -2  -1  -1  -3  -2   3   1   1   2  -1  -1  -2   0  -3  -2   1    4   1   0   6   1   2   4   2   1  23  16  12   5   2   4   1   7   0   1  10  0.19 0.18
  445 S     0   1   3   0  -2  -1  -2   0  -3  -4  -2   1  -2  -2   3   2   0   2  -3  -3    7   9  13   4   1   2   1   7   0   0   4   8   1   2  15  16   5   3   0   1  0.31 0.26
  446 I     0  -3  -6  -6  -4  -5  -6  -6  -6   5   4  -5   0   1  -6  -5  -4   1  -4   2    8   1   0   0   0   0   0   0   0  32  35   0   1   5   0   0   0   2   0  15  0.93 0.51
  447 V     1  -4  -4  -3  -1   0  -4  -2  -2   3   1  -3  -1   0  -2  -1   0  -4   0   3   15   0   0   1   1   4   0   3   1  19  12   1   1   3   1   3   4   0   4  26  0.36 0.29
  448 D    -1   1   1   5  -1   2   3  -3  -1  -3  -4   1  -4  -2  -4  -1  -2  -2   0  -3    4   7   5  33   1   9  16   1   1   1   2   8   0   1   0   3   2   1   3   1  0.57 0.38
  449 L     2  -5  -6  -6  -4  -5  -5  -5  -5   2   5  -3  -1   1  -5  -4  -2   0  -3   1   17   0   0   0   0   0   0   0   0   8  52   1   1   6   0   1   2   2   0   9  0.84 0.50
  450 S    -4  -6  -7  -7   0  -6  -6  -4  -6   1   6  -6   2   3  -6  -4  -5  -5  -4   0    1   0   0   0   2   0   0   1   0   5  69   0   5  11   0   1   0   0   0   4  1.31 0.65
  451 V     0   0   0  -3  -4   0  -3  -4   1   1  -1   0  -1   1  -4  -1   0  -4   0   4    6   5   4   1   0   4   1   0   4   5   5   6   1   6   0   6   6   0   3  39  0.34 0.31
  452 S     1   1   0   2  -4   2   2  -2  -1  -2  -1   2  -1  -3  -3   0   0  -4  -2  -2   12   9   4  11   0   8  16   2   1   2   7  13   1   1   0   4   6   0   1   2  0.23 0.22
  453 A     4  -4  -2  -4   2  -4  -4  -2  -3   0   0  -4  -2  -4  -4   2   2  -3  -4   0   41   0   2   0   4   0   0   2   0   4   9   0   1   0   0  17  12   0   0   7  0.60 0.45
  454 G    -1  -3   0  -1  -6  -1   0   6  -2  -6  -4   3  -2  -6  -5  -1  -4  -6  -6  -6    4   1   4   3   0   2   5  57   1   0   1  17   1   0   0   3   0   0   0   0  1.12 0.59
  455 L    -1  -5  -6  -6  -1  -5  -5  -6  -5   3   5  -5   1   2  -4  -4  -3  -4  -3   0    4   0   0   0   1   0   0   0   0  16  59   0   3   9   1   1   0   0   0   4  1.03 0.49
  456 F     3  -4  -3  -3   4  -2   1  -3  -4   0  -2  -3  -3   1  -4   0   1  -4  -2   2   30   0   1   1  10   2   8   1   0   5   2   0   0   7   0   8   7   0   1  17  0.42 0.32
  457 E     1  -2   0  -1  -4  -1  -1  -2  -4  -3  -4   3  -4  -5   5   2   0  -5  -4  -3   14   1   4   3   0   2   3   2   0   1   1  21   0   0  25  16   6   0   0   2  0.61 0.38
  458 S    -3  -5   0  -2  -5  -4  -4  -5  -5  -7  -7  -5  -6  -7  -5   7   0  -7  -6  -6    0   0   4   2   0   0   0   0   0   0   0   0   0   0   0  90   4   0   0   0  2.14 0.98
  459 K    -1   3   2  -4  -5  -2  -2  -1  -4  -3  -3   5  -4  -6  -4   0   1  -6  -5  -2    4  17  10   0   0   0   1   5   0   2   2  40   0   0   0   7  11   0   0   4  0.73 0.46
  460 S     0   3   0  -4  -5  -3  -4   2  -4  -6  -6   0  -5  -6  -2   5  -1  -6  -5  -5    7  19   3   0   0   0   0  17   0   0   0   4   0   0   1  44   4   0   0   0  0.91 0.55
  461 A     1  -2  -3   0  -6   4   6  -2  -1  -3  -5  -2  -2  -6  -5  -2  -4  -6  -5  -4   10   1   1   4   0  19  52   2   1   1   1   2   1   0   0   2   0   0   0   1  1.12 0.61
  462 A     7  -6  -5  -6  -5  -5  -5   1  -6  -3  -3  -5  -2  -4  -5  -2  -4  -7  -6  -2   80   0   0   0   0   0   0  10   0   1   3   0   1   1   0   2   0   0   0   2  1.62 0.78
  463 R    -5   8  -1  -5  -7  -2  -4  -5   0  -4  -3   3   0  -5  -6  -5  -3  -7  -2  -5    0  72   2   0   0   0   0   0   2   1   3  13   2   0   0   0   2   0   1   1  1.81 0.79
  464 R    -5   7  -2   0  -7   1   3  -5  -4  -7  -6   1  -5  -7  -5  -3  -2  -7  -4  -6    0  59   1   5   0   5  19   0   0   0   0   6   0   0   0   2   2   0   1   0  1.50 0.70
  465 M    -1  -4  -2   1  -4   0  -3  -4   0  -1   4  -1   4   2  -5  -2   0   0  -3  -1    5   0   1  10   0   5   0   0   3   2  38   4  12  10   0   2   5   1   0   2  0.47 0.35
  466 L    -2  -6  -7  -7  -5  -6  -7  -7  -7   7   2  -6  -1  -4  -6  -6  -4  -6  -5   3    3   0   0   0   0   0   0   0   0  63  14   0   1   0   0   0   0   0   0  19  1.62 0.68
  467 K     1   1   1  -2  -4   4   1  -1  -2  -3  -2   3  -3  -5  -4   1   0  -5  -4  -3   10   5   7   1   0  21  10   4   0   1   3  19   0   0   0  11   7   0   0   1  0.44 0.33
  468 Q     0  -1   3  -1  -5   5   2   2   2  -6  -6  -3  -4  -6  -4   2  -2  -6  -4  -5    7   2  15   3   0  25  12  16   5   0   0   0   0   0   0  15   1   0   0   0  0.69 0.45
  469 G    -4  -1   2  -4  -6  -2  -5   7  -2  -7  -7   2  -6  -7  -6  -3  -5  -7  -6  -7    0   4  11   1   0   2   0  70   1   0   0  11   0   0   0   1   0   0   0   0  1.63 0.71
  470 G     4  -5  -2  -5  -5  -5  -5   5   1  -6  -6  -5  -5  -6  -5   1  -3  -6  -6  -5   36   0   1   0   0   0   0  48   3   0   0   0   0   0   0  11   1   0   0   0  1.33 0.64
  471 F     1  -6  -6  -6   2  -5  -6  -3  -6   4   2  -5  -1  -1  -5  -4  -3  -5  -4   5   10   0   0   0   4   0   0   2   0  24  16   0   0   2   0   0   0   0   0  42  0.97 0.49
  472 Y    -3   4  -4  -4  -5  -1  -2  -5  -3  -5  -2   4  -3  -2  -5   2   0  -4   5  -4    1  22   0   0   0   2   2   0   0   0   3  24   0   1   0  15   6   0  22   1  0.82 0.50
  473 M    -4  -6  -7  -7  -5  -6  -6  -7  -7   6   2  -6   0  -1  -6  -6  -4  -6  -5   5    1   0   0   0   0   0   0   0   0  44  18   0   1   2   0   0   0   0   0  34  1.38 0.61
  474 N    -6  -5   8   4  -7  -3  -3  -1  -1  -7  -8  -5  -7  -2  -6  -3  -4  -8  -6  -7    0   0  66  24   0   1   1   5   1   0   0   0   0   2   0   1   0   0   0   0  2.02 0.85
  475 N    -3  -4   3   2  -6  -1  -1   5   1  -6  -6  -1  -5  -6  -5  -1  -3   0  -3  -6    1   0  16  13   0   3   3  48   3   0   1   4   0   0   0   3   1   1   1   0  1.02 0.51
  476 E    -1  -1  -1   0  -5   2   5  -4   1   0  -4   2  -2  -5  -4  -1  -2  -5  -3   0    5   3   2   4   0  11  40   0   3   7   1  11   1   0   0   3   2   0   1   8  0.61 0.40
  477 R    -2   4  -4  -3  -6   0  -2  -5  -3  -1  -3   6  -4  -6   2  -3  -2  -6  -5   1    2  21   0   1   0   3   1   0   0   4   2  46   0   0   9   0   2   0   0   9  0.97 0.54
  478 V    -2  -3  -6  -6  -2   1  -3  -6  -6   5   0  -5  -2  -3  -6  -3  -3  -2  -3   5    2   2   0   0   1   6   2   0   0  32   7   0   0   0   0   2   0   0   0  44  1.07 0.54
  479 D     0  -1   0   2  -3   1   2  -1  -2  -2  -1   0  -1  -3  -2   1   3  -4  -3  -2    7   1   4  10   0   7  15   3   1   1   5   6   1   1   1  11  21   0   0   2  0.27 0.23
  480 D    -2  -4   3   7  -3  -2  -1  -2  -1  -2  -6  -3  -6  -6  -5   0  -4  -7  -6  -6    3   1  12  64   1   1   3   2   1   3   0   1   0   0   0   7   0   0   0   0  1.49 0.66
  481 E     0  -2  -2   0  -4  -1   3  -3  -3   1  -1  -1  -1   0   4  -1  -1  -5  -4   1    9   2   1   4   0   2  21   1   0   8   6   4   1   4  22   3   3   0   0  10  0.39 0.28
  482 N    -1  -1   4   3  -5   0   2   0   1  -5  -4   0  -1  -2  -4   1  -1  -5  -4  -5    4   3  24  19   0   3  13   8   3   0   1   6   2   2   0   9   3   0   0   0  0.52 0.33
  483 K     1   0  -3  -3  -1   1  -2  -2   1  -1   1  -1   1   3  -3  -1   0   2   5  -2   11   5   0   1   1   7   2   2   4   2  12   2   4  12   1   4   5   3  21   2  0.30 0.24
  484 R    -1   0  -1  -1   0   1   1  -3  -2   2   0   0   1  -2   0   0   1  -4  -2   2    4   4   2   2   2   5  10   1   0  12  10   7   3   1   4   6  11   0   1  17  0.11 0.13
  485 V    -3  -5  -3  -5  -2  -5  -5  -6  -5   4   3  -5   0   3   0  -4  -3  -4  -1   3    1   0   1   0   1   0   0   0   0  25  33   0   2  13   5   0   0   0   1  17  0.78 0.40
  486 D     1  -1   1   2  -1   1   1  -1  -1  -3  -3   1  -3  -3  -1   1   3  -4  -2  -2   10   1   8  11   1   6   7   4   1   0   2   9   0   1   3  13  19   0   1   3  0.24 0.21
  487 E     1  -1   0   1   0   0   1  -1  -1  -1  -1   0  -1  -2   2   1   0   0  -1  -1   14   3   3   8   3   3  11   4   1   3   8   6   0   1  10   9   6   1   1   4  0.10 0.09
  488 E     1   0   0   1  -2   1   2   2  -1  -2  -3   1  -2  -2   1   1   0  -3  -3  -2   10   4   4   6   1   5  14  16   1   2   2   8   0   1   6  11   6   0   0   2  0.19 0.14
  489 D    -1  -2   1   5  -2   0   1  -3   3  -3  -3   0  -2   0  -3   0  -1  -3  -1  -3    5   1   5  39   1   4  10   1   6   1   3   5   1   5   1   6   3   0   2   2  0.56 0.28
  490 I    -1   0  -1  -1  -2  -1  -1  -2   0   1   2   1   1   2  -2  -1  -1  -2   0   0    6   6   2   3   0   1   5   2   2   6  25   9   3  12   2   3   3   0   3   6  0.10 0.10
  491 V    -1  -2  -1  -1   1  -2  -2  -3  -2   3   3  -1   1   1  -2  -2  -1  -2   0   0    5   2   2   5   4   2   2   2   0  17  31   3   2   7   1   2   3   0   3   6  0.22 0.15
  492 E    -1  -1   1   3  -2   0   2  -1   2  -2  -2   0  -2   2   0  -1  -1  -2   1  -2    5   3   7  19   1   3  13   3   6   2   4   6   1  11   4   3   2   0   5   2  0.20 0.15
  493 G    -2  -3   4   2  -4   0  -1   5  -1  -4  -4  -1  -2  -4  -3  -1  -2  -4  -4  -4    2   1  18  14   0   4   4  42   1   1   1   3   1   1   1   4   2   0   0   1  0.78 0.37
  494 R    -1   3   1  -1  -3   2   1   1  -1  -3  -2   3  -2  -2  -1   0  -1  -3  -2  -3    4  17   6   2   0   9   8  10   1   1   4  22   0   2   2   8   2   0   1   1  0.31 0.21
  495 G    -1  -3  -1  -3  -2  -2   0  -2  -1  -1   0  -3  -1   3   0  -1   1   3   5   0    4   1   2   1   1   1   8   4   1   3   9   1   1  14   4   3   9   4  21   9  0.33 0.22
  496 L     0  -2  -2  -3  -3  -2  -3  -2   1   2   1  -2   0   0  -3  -1   2   0   2   2    8   2   1   1   0   1   1   3   4  16  16   1   1   3   0   4  14   1   8  15  0.21 0.18
  497 V    -3  -2  -5  -5  -4  -4  -3  -6  -5   4   3   1  -1  -2  -5  -4  -2  -5  -2   4    1   2   0   0   0   0   2   0   0  21  25  12   0   1   0   0   2   0   1  33  0.76 0.42
  498 L    -3  -5  -6  -6   0  -5  -6  -7  -6   4   5  -6  -1   0  -6  -5  -4  -5  -1   2    1   0   0   0   2   0   0   0   0  22  53   0   1   3   0   0   0   0   2  16  1.12 0.51
  499 S    -2   5  -4  -4  -6   5  -3  -4  -1  -6  -6   3  -5  -4  -5   2  -3  -1  -5  -6    2  34   0   0   0  30   0   0   1   0   0  15   0   1   0  15   0   1   0   0  1.22 0.63
  500 A     1   4  -4  -4   1   0  -3  -4  -4   1  -1   3  -1  -2  -4  -2  -3  -5  -3   2   15  27   0   0   3   3   0   0   0   8   6  17   1   2   0   2   0   0   0  17  0.52 0.36
  501 G    -4  -7  -5  -6  -7  -6  -7   8  -7  -9  -8  -6  -7  -8  -7  -5  -6  -7  -8  -8    0   0   0   0   0   0   0 100   0   0   0   0   0   0   0   0   0   0   0   0  2.83 1.01
  502 K    -4   0  -4  -4  -7  -2  -3  -5  -4  -6  -6   8  -5  -7  -5  -4  -4  -7  -6  -6    0   3   0   0   0   0   0   0   0   0   0  97   0   0   0   0   0   0   0   0  2.38 0.74
  503 K    -4   5  -3  -2  -6  -1  -2  -5  -2  -6  -6   7  -5  -6  -4  -3  -4  -6  -5  -4    0  29   1   1   0   1   0   0   1   0   0  67   0   0   0   0   0   0   0   1  1.69 0.58
  504 N    -1   3   4  -2  -3   1  -2  -3   2  -4  -4   5  -3  -3  -4  -1   0  -5  -1  -4    4  17  19   1   1   5   0   1   5   1   1  36   0   1   0   2   4   0   2   0  0.68 0.32
  505 K    -4  -3  -2  -5  -2  -4  -4  -6   5   0  -2  -1  -2   6  -6  -4  -4  -1   6  -2    0   1   2   0   1   0   0   0  15   6   3   4   0  38   0   0   0   0  26   2  1.22 0.44
  506 V     2   0  -2  -4   2  -2  -3  -1   0   0   0  -2   0   3  -3  -1  -1  -1   2   1   28   6   2   0   6   1   0   3   2   6  10   1   2  15   0   2   2   1   6   8  0.22 0.17
  507 V    -2   4  -3  -4  -4  -1  -3  -2  -3   1   3   2   0  -3  -4  -3  -2  -4  -3   1    2  25   0   0   0   2   0   4   0   6  33  13   2   0   0   1   2   0   0  10  0.46 0.26
  508 V    -2  -5  -6  -6  -2  -5  -5  -5  -5   5   3  -4  -1  -1  -5  -4  -3  -5  -4   4    3   0   0   0   1   0   0   1   0  37  22   1   0   1   0   0   0   0   0  35  0.99 0.37
  509 R    -1   3  -1  -2  -4   1   1  -3   0   0  -1   3  -1  -3  -3  -1   1  -4  -2   1    2  18   2   1   0   7   9   0   2   7   3  25   2   0   0   2  10   0   1  11  0.30 0.18
  510 I    -3  -4  -5  -5  -3  -4  -5  -5  -5   3   4  -4   2  -1  -5  -4  -2  -4  -1   4    0   0   0   0   0   0   0   0   0  18  42   0   5   1   0   0   0   0   1  32  0.82 0.29
  511 S     2  -2   3  -1  -2   2  -1  -1   1  -3  -3  -1  -2  -4  -2   3   1  -4  -3  -2   24   0  22   0   0  11   0   0   5   0   0   0   0   0   0  28  11   0   0   0  0.45 0.17

                      K         Lambda
Standard Ungapped    0.1355     0.3183
Standard Gapped      0.0510     0.2670
PSI Ungapped         0.1665     0.3176
PSI Gapped           0.0510     0.2670
