
Last position-specific scoring matrix computed, weighted observed percentages rounded down, information per position, and relative weight of gapless real matches to pseudocounts
           A  R  N  D  C  Q  E  G  H  I  L  K  M  F  P  S  T  W  Y  V   A   R   N   D   C   Q   E   G   H   I   L   K   M   F   P   S   T   W   Y   V
    1 M   -1 -2 -3 -3 -1 -1 -2 -3 -2  2  2 -2  4  0 -3 -2  0 -2 -1  3    0   0   0   0   0   0   0   0   0   0   0   0  50   0   0   0   0   0   0  50  0.27 0.00
    2 L   -2 -2 -4 -4 -1 -2 -3 -4 -3  2  4 -3  2  0 -3 -3 -1 -2 -1  1    0   0   0   0   0   0   0   0   0   0 100   0   0   0   0   0   0   0   0   0  0.51 0.03
    3 R   -1  4 -1 -2 -3  3  0 -3 -1 -1  1  1  0 -2 -2 -1 -1 -2 -2 -1    0  53   0   0   0  23   0   0   0   0  24   0   0   0   0   0   0   0   0   0  0.38 0.02
    4 S    0 -1  0 -1 -1 -1 -1  3 -2 -2 -2 -1 -1 -3 -1  2  3 -3 -2 -1    0   0   0   0   0   0   0  26   0   0   0   0   0   0   0  27  47   0   0   0  0.37 0.02
    5 T   -1  3 -1 -2 -2  0 -1 -2 -1 -1  1  2  0 -2 -2  0  2 -3 -2 -1    0  26   0   0   0   0   0   0   0   0  23  24   0   0   0   0  27   0   0   0  0.21 0.01
    6 C   -1 -3 -3 -3  7 -3 -3 -3 -3 -1  1 -3  0 -2  4 -1 -1 -3 -2 -1    0   0   0   0  51   0   0   0   0   0  26   0   0   0  23   0   0   0   0   0  0.72 0.03
    7 C    2 -2 -2 -2  6 -1 -2 -1 -2 -2 -2 -1 -1 -3  4  0  2 -3 -2 -1   26   0   0   0  27   0   0   0   0   0   0   0   0   0  24   0  23   0   0   0  0.51 0.02
    8 T    0 -1 -1 -2 -1 -1 -1 -2 -2  0  1 -1  3 -1 -2  1  3 -2 -2  0    0   0   0   0   0   0   0   0   0   0  19   0  23   0   0  17  41   0   0   0  0.22 0.02
    9 P    0 -2 -1 -1 -3 -1 -1  3 -2 -3 -3 -1 -3 -4  6  1 -1 -4 -3 -3    0   0   0   0   0   0   0  29   0   0   0   0   0   0  57  15   0   0   0   0  1.10 0.04
   10 L   -2 -3 -3 -2 -2 -2  0 -4 -3  4  2 -2  1 -1 -3 -2 -1 -3 -2  2    0   0   0   0   0   0  13   0   0  59  22   0   0   0   0   0   0   0   0   6  0.37 0.07
   11 C   -1 -3 -3 -4  7 -3 -3 -3 -2  0  2 -3  0 -1 -3 -1 -1 -2  2  1    0   0   0   0  41   0   0   0   0   0  30   0   0   0   0   5   0   0  11  13  0.58 0.10
   12 P   -1 -2 -3 -3 -3 -2 -2 -3 -3 -1  1  0 -1 -2  6 -2 -1 -4 -3  1    0   0   0   0   0   0   0   0   0   0  18   6   0   0  58   0   0   0   0  18  1.02 0.11
   13 F   -2  1 -3 -3 -3 -2 -2 -3 -2  0  1 -1 -1  2  6 -2 -2 -3 -1  0    0  11   0   0   0   0   0   0   0   4  19   0   0  12  48   0   0   0   0   6  0.76 0.09
   14 T    0 -1 -1 -1  2 -1  0  0 -2  0 -2  2 -1 -3 -2  1  3 -3 -2 -1    0   0   0   0   7   0   5   6   0  11   0  18   0   0   0  14  39   0   0   0  0.24 0.07
   15 A    2  0 -1 -1 -2  1  0 -1  1 -2 -2  2 -1 -2 -2  2  0  3 -1 -1   27   3   0   0   0   5   3   0   5   0   0  22   0   0   0  22   0   7   0   5  0.24 0.06
   16 K   -2  0 -2 -1  2 -1 -1 -3 -2  3  0  3  2 -2 -3 -2 -1 -3 -2  1    0   3   0   3   5   0   0   0   0  44   0  34  10   0   0   0   0   0   0   0  0.25 0.09
   17 Q   -1  3 -1 -2  2  3  0 -3  0 -2 -2  1 -1  1  0 -1 -1 -1  3 -2    1  20   0   0   8  28   4   0   0   0   1   6   0   5   5   0   0   0  19   0  0.32 0.07
   18 P   -1 -2 -2  1 -3 -2 -1 -3 -3 -1  1 -1 -1 -3  6 -1  0 -4 -3 -1    0   0   0  10   0   0   0   0   0   0  19   4   0   0  52   3   5   0   0   5  0.87 0.10
   19 S    1  1 -1 -1  3 -1 -1  0 -2 -2 -2 -1 -2 -3 -2  3  2 -3 -2 -1   10  10   0   0  10   0   0   4   0   0   0   0   0   0   0  39  21   0   0   3  0.30 0.07
   20 F    0 -3 -3 -3 -2 -3 -3 -3 -3  3  1 -3  0  3 -3 -1 -1 -2  0  3    5   0   0   0   0   0   0   0   0  29   7   0   0  23   0   7   0   0   0  27  0.27 0.06
   21 L    0 -1 -1  2 -2 -1 -1 -1 -2  0  2  1  0 -1 -2 -1  0 -3 -2  0    7   0   0  16   0   0   0   4   0   6  40  19   0   0   0   4   3   0   0   0  0.12 0.05
   22 R   -1  4  2  1 -3  1  1 -2 -1 -2 -2  2 -2 -3  1 -1 -1 -3 -2 -1    3  36  12   8   0   4   5   0   0   0   0  16   0   0   6   0   0   0   0   7  0.34 0.06
   23 K   -1  3  0  0 -3  1  2 -2 -1 -3 -3  3 -2 -3  1  1 -1 -3 -2 -2    1  20   0   4   0   4  17   1   0   0   1  34   0   0   6  11   0   0   0   1  0.38 0.06
   24 Q    0  1  0  1 -3  4  0  1 -1 -1 -2  2 -1 -3  0  0  0 -3 -2 -2    6   4   3  11   0  33   1  11   0   6   1  16   0   0   4   1   3   0   0   1  0.25 0.06
   25 Q    0  3  1 -1 -2  3  0  0 -1 -3 -2  1 -1 -3 -2  2  1 -3 -2 -2    6  25   4   0   0  26   1   4   0   0   1   0   0   0   0  25   6   0   0   1  0.33 0.07
   26 R    0  2  0 -1 -2  0  1 -1 -1 -2 -1  3 -1 -3 -1  1  1 -3 -2 -2    4  12   0   0   0   0  11   4   0   0   6  31   0   0   0  17  11   0   0   1  0.23 0.05
   27 I    0  3  0 -1  2  0  1 -1 -1  1 -1  0 -1 -2 -2  0  0 -3 -2  0    4  29   5   0   7   0  12   3   0  15   1   0   0   0   0   7   8   0   0   8  0.13 0.04
   28 T   -1  1  1 -1 -2  0  0  0 -1  0 -2  3 -1 -3 -2  1  2 -3 -2 -1    0   6   5   0   0   0   0   5   0  12   0  38   0   0   0  15  15   0   0   0  0.22 0.06
   29 S    0 -1  0  2 -2  2  0 -1  1 -2 -1 -1  0 -2 -2  3  1 -3 -2 -1    0   0   0  14   0  13   0   0   4   0   5   0   5   0   0  42  11   0   0   3  0.25 0.07
   30 D   -2  0  0  4 -3  0  1 -2 -1 -3 -3  3 -2 -2  1  0 -1 -2  2 -3    0   0   0  42   0   0   5   0   0   0   0  28   0   0   6   3   0   0  13   0  0.46 0.08
   31 R    0  2  2 -1 -2  1  0  0  2 -2 -2  1 -2 -3 -2  2  2 -3 -2 -2    0  12  11   0   0   5   0   6   9   0   0   8   0   0   0  21  24   0   0   0  0.25 0.05
   32 F   -1 -1 -1 -1  0 -1  0 -1  3 -1  0  0  1  4 -2  0  0 -1  1 -1    0   0   0   4   3   0   5   3  15   0   9   6   5  32   0   7   9   0   0   0  0.17 0.06
   33 T   -1 -1  1  2 -2  2  0 -1 -1 -1  0 -1  1 -2  1  0  1 -3 -2 -1    3   0   9  19   0  17   0   4   0   0   9   0   6   0   6   7  12   0   0   6  0.16 0.04
   34 F    0 -2 -1  0 -2  1 -1 -2 -1  0  1 -1  1  4 -2 -1 -1 -1  1  0   14   1   1   9   0   9   1   1   0   5  10   1   5  33   1   4   1   0   0   4  0.14 0.04
   35 R    0  3 -1 -1  1  0 -1 -2  1 -2 -1  2 -1 -3  2  1  1 -3 -2 -2    8  24   0   0   4   0   0   0   5   0   5  15   0   0   9  20   7   0   0   0  0.23 0.05
   36 G    1  0  0 -1 -2  0 -1  2  1 -2 -2  1 -2 -3 -2  2  1 -3 -2 -2    6   4   3   0   0   0   0  21   5   4   0  14   0   0   0  34   7   0   0   0  0.25 0.05
   37 G    0 -1  2  1 -3 -1 -1  3  3 -2 -1  0 -2 -2 -2  0 -1 -3 -2 -2    4   0  18   8   0   0   0  29  15   0  11   5   0   0   0   8   3   0   0   0  0.27 0.05
   38 G    1 -1  0  1  2  2  1  2 -1 -2 -2  0 -2 -3 -2  1  0 -3 -2 -1    9   0   0   7   6  17   8  17   0   0   0   6   0   0   0  19   4   0   0   8  0.20 0.04
   39 G    2  0  0  3 -2 -1  0  1 -2 -2 -1  0 -1 -1 -2  1  1 -3 -2 -1   29   4   0  23   0   0   0  12   0   0   7   6   0   3   0   5  11   0   0   0  0.18 0.04
   40 G    1 -2 -1 -2 -2 -1 -2  3 -2 -2 -2 -1 -2 -3  3  2  0  2 -2 -1    8   0   0   0   0   0   0  30   0   0   2   0   0   0  16  30   4   4   0   7  0.41 0.07
   41 D   -2 -2  2  3 -3  0  1 -2  2 -1  1 -1  0  1  1 -1 -1 -3 -1 -2    0   0  12  24   0   5   9   0   8   0  20   0   4   9   6   0   2   0   0   0  0.19 0.06
   42 A    1 -1 -3 -3  0  0 -2 -1 -2  0  2 -2  2  3 -3 -1 -1  2  0  0   19   5   0   0   3   6   0   5   0   0  29   0   7  17   0   0   0   3   0   7  0.14 0.06
   43 A    1 -1 -1 -1 -3  3  2 -2  1 -1 -1  0 -1  1 -2 -1 -1  2  2 -1   18   0   0   0   0  25  15   0   4   3   7   2   0   5   0   2   0   3  13   3  0.21 0.08
   44 A    1  1  1 -1 -2  0 -1 -1 -1 -1  0  1 -1  0  1  2  0 -3 -2 -1   18   8   9   0   0   4   0   0   0   3  15   9   0   4   7  22   2   0   0   0  0.12 0.05
   45 V   -1 -2  1 -2 -2 -2 -2 -3  1  3  1 -1  0 -1 -1 -1  0 -3 -1  2    0   0  13   0   0   0   0   0   6  34  13   4   0   0   3   2   3   0   0  19  0.17 0.07
   46 V    1 -2 -1  0  0 -1  0  0 -2  1  0 -1  0 -2  2  0  1 -3 -2  1   11   0   0   8   2   0   5   6   0  18   9   0   0   0  11   5  13   0   0  12  0.11 0.04
   47 S   -1 -2 -2 -2 -3  1 -1 -3 -2 -3 -2  0 -2 -4  7  2 -1  2 -3 -3    0   0   0   0   0   7   0   0   0   0   5   4   0   0  61  19   0   3   0   0  1.20 0.17
   48 S    0  1  1  0 -2  1 -1 -1  1 -1 -2  0 -1 -2  2  2  1 -3 -2  0    1   9   8   3   0   6   1   1   5   0   1   4   0   0  10  32   7   0   0  13  0.20 0.06
   49 S    0 -2  0  0 -2 -1  0 -1 -2 -3 -3 -1 -2 -3  5  3  2 -3 -3 -2    7   0   3   3   0   0   6   4   0   0   1   0   0   0  31  30  13   0   0   0  0.60 0.13
   50 G    0 -1  1  2 -1  1  1  3 -1 -1 -1 -1 -1  0 -2  0 -1 -2 -2 -2    7   1  11  15   2   7   7  26   0   5   7   1   0   6   1   3   1   0   0   1  0.17 0.05
   51 L    0 -2 -2 -3  3 -2 -2 -3 -2  1  2 -2  3  0 -2 -1  1 -2 -1  1    7   1   1   1   8   0   1   1   0   7  27   1  16   3   1   2  14   0   0  11  0.21 0.09
   52 R   -2  4 -2 -2  0  0 -1 -3  3 -3 -3  5 -3 -4 -3 -1 -1 -4 -3 -3    0  25   0   0   2   2   0   0   8   2   1  50   0   0   0   4   2   0   0   0  0.80 0.29
   53 D   -2  3  1  1 -2 -1 -2 -3  1 -4 -4  2 -3 -4  5  0 -1 -5 -3 -2    0  16   8   9   1   0   0   0   5   0   0  18   0   0  30   8   2   0   0   4  0.66 0.27
   54 L    2 -4 -4 -5 -3 -3 -4 -4 -4  3  4 -4  2 -1 -4 -3 -1 -4 -3  1   21   0   0   0   0   0   0   0   0  18  45   0   5   2   0   0   2   0   0   8  0.58 0.27
   55 V   -3  2 -4 -4 -3 -3 -4 -5 -3  1  4 -2  2  1 -4 -3  0  0  0  0    0  13   0   0   0   0   0   0   0   7  51   2   6   5   0   0   6   1   3   4  0.53 0.26
   56 F   -1 -4 -4 -5 -3 -4 -4 -5 -4  3  2 -4 -1  0 -4 -3 -2 -4 -3  5    3   0   0   0   0   0   0   0   0  15  20   0   0   3   0   0   0   0   0  55  0.84 0.34
   57 V   -4 -4 -5 -5 -4 -5 -5 -5 -4  5  2 -5 -1  6 -5 -4 -3 -2 -1  0    0   0   0   0   0   0   0   0   0  35  17   0   0  43   0   0   0   0   0   2  1.11 0.39
   58 V   -2 -4 -4 -4 -3 -3 -4 -4  0  4  3 -4  0  0 -4 -3 -1 -3  1  3    2   0   0   0   0   0   0   0   3  27  28   0   0   2   0   0   2   0   5  28  0.59 0.26
   59 N   -4 -3  8 -2 -5 -3 -3 -2  4 -6 -6 -3 -5 -5 -5 -2 -3 -6 -4 -5    0   0  86   0   0   0   0   2   9   0   0   0   0   0   0   0   0   0   0   0  2.12 0.65
   60 P   -2 -4 -3 -3 -4 -3 -3  2 -4 -3 -4 -1 -4 -5  7  1 -3 -5 -4 -4    2   0   0   0   0   0   0  17   0   1   1   3   0   0  62  10   0   0   0   0  1.55 0.46
   61 Q   -1  1  1 -2 -4  1 -1 -3  1 -3 -1  5 -2  2 -3 -2  1 -3 -2 -2    5   6   6   0   0   5   0   0   4   0   5  46   0  11   0   0   8   0   0   2  0.51 0.28
   62 G    1 -2 -1 -3  1  0 -2  3 -3 -4 -4 -2 -4 -4 -3  5 -1 -5 -4 -4   11   1   1   0   3   5   1  21   0   0   0   0   0   0   0  55   0   0   0   0  0.82 0.39
   63 A    1 -5 -3 -4  2 -4 -4  7 -1 -6 -6 -4 -5 -6 -4 -2 -2 -5 -5 -5   13   0   0   0   4   0   0  79   2   0   0   0   0   0   0   0   2   0   0   0  1.61 0.52
   64 N   -2  0  2  1 -4  0 -1  3  2 -2 -2  4 -3 -4 -3 -2 -1 -4 -3 -4    1   4   9   9   0   3   0  23   7   2   4  33   0   0   0   0   4   0   0   0  0.47 0.26
   65 G   -2  0  4 -2 -4  0 -1  5 -1 -4 -3  2 -3 -4 -2 -2 -2 -4 -4 -4    1   5  20   0   0   4   3  43   1   0   2  15   0   0   1   1   1   0   0   1  0.71 0.29
   66 R   -1  1  1  0 -3  4  2 -3 -2 -3 -1  3  1 -3  0 -1 -1 -3 -3 -3    5   7   8   3   0  22  15   1   0   0   7  18   4   0   4   2   3   0   0   1  0.36 0.20
   67 T    2 -2 -2 -1 -2 -1 -1  4 -3 -1 -2 -1 -2 -3 -1  1 -1 -3 -3  1   23   1   1   3   0   2   3  35   0   2   2   2   0   0   2   8   3   0   0  11  0.40 0.20
   68 A    0  1  0  0  0  0  1 -1  0  0  1  1 -1 -2 -1  0  0  0 -2  0    8   9   4   4   3   5  10   2   2   3  16   8   0   0   2   5   7   1   0  10  0.04 0.05
   69 K   -2  4  0 -1 -4  2  2 -2  0 -3 -2  4 -2 -4 -1  0  0 -4 -3 -2    1  22   3   2   0   7  14   2   2   0   3  29   0   0   2   4   5   0   0   2  0.46 0.22
   70 E    0 -2  0  0 -2  0  1 -3 -3  2  2 -2  0  0 -3 -1 -1  0 -2  1    7   0   5   5   0   3  13   0   0  20  23   0   0   3   0   5   2   1   0  11  0.17 0.15
   71 W    1 -3 -5 -5 -1 -4 -4 -4 -3  0  3 -4 -1  5 -4 -3 -3  6  2 -1   12   1   0   0   1   0   0   0   0   5  33   0   0  27   0   0   0  11   7   2  0.76 0.33
   72 K   -1  2 -1 -1 -1  2  2  0  1 -1 -1  2 -1 -3 -2 -1  0  2 -1 -1    2  12   0   2   2   9  17   7   4   4   4  16   1   0   0   2   8   3   2   5  0.18 0.13
   73 K   -1  2  1  1 -3  1  2  0 -2 -3 -2  2 -1 -4 -1  1  2 -4 -3 -3    2  10   6   7   0   4  12   5   0   0   2  18   2   0   1  12  16   0   0   0  0.29 0.18
   74 L   -1 -1  0 -2 -1 -2  0 -3  1  1  0  0  1  3 -3 -1  0 -2  1  2    5   2   7   0   1   0   6   0   3   6   8   8   5  18   0   2   7   0   3  18  0.13 0.13
   75 L    1  1 -2 -3  3  1 -1 -3  0  0  1  1  0 -2 -3 -1 -1 -3 -2  2   11   8   1   0   7   7   2   0   3   3  20  10   2   0   0   4   0   0   0  22  0.17 0.16
   76 P    1  2 -2  0 -3  1  1 -1  0 -1 -2  2 -1 -2  3 -1 -1  2  1 -2   11  11   0   4   0   7   9   3   2   5   3  15   1   0  14   2   2   3   7   0  0.23 0.14
   77 H   -1  0  0  2 -3 -1  0 -3  4  0  1 -1 -1 -2  4 -2 -2 -3 -1 -1    4   5   3  12   0   1   4   0  13   6  19   4   1   0  23   0   0   0   2   2  0.38 0.20
   78 L   -1 -2 -4 -4 -3 -3 -1 -4 -3  1  4 -1  1  0 -3 -3 -2  0 -2  2    4   1   0   0   0   0   6   0   0   6  50   5   2   4   0   0   0   1   0  17  0.47 0.24
   79 R   -1  1  3 -2 -3 -1 -2 -2 -2 -1  2  0 -1  3 -3  0  0 -2 -1 -1    4   7  23   0   0   2   2   1   0   3  22   5   0  17   0   6   6   0   0   2  0.24 0.18
   80 S   -1 -2  0  2 -3  0  2 -2  3  0 -1  0 -2 -1  4  0  0 -3 -2 -1    3   1   3  11   0   3  13   1   9   7   4   5   0   3  20   8   4   0   0   4  0.29 0.15
   81 R   -1  3 -1  0 -3  2  1 -2  0 -2  0  2  0 -2 -2  0 -1  2 -2 -2    5  24   2   3   0   8  10   1   2   1  12  15   3   1   1   4   3   4   1   1  0.25 0.14
   82 L    2  0 -2 -2 -1  0 -1 -1 -1  0  2 -1  0  0 -1  0 -1 -1  1  0   25   7   1   2   1   5   2   2   1   6  22   2   2   2   2   4   2   0   6   5  0.10 0.08
   83 G    0 -1  0  0 -2  0  1  2  1 -1 -1  0 -1 -1 -1  1  0 -2 -1 -1    4   2   4   4   1   2  13  19   4   2   8   7   1   4   2  13   4   0   1   6  0.09 0.05
   84 K   -1  1  0  0 -2  1  2 -2  1  1  0  0 -1  0  0  1 -1 -2 -1 -1    3   7   5   2   1   7  15   2   4  13   7   6   1   5   4  11   2   0   1   3  0.07 0.06
   85 D    0  0 -1  1 -2 -1  0  4 -2 -2 -2  1 -2 -2  0  0  0 -2 -2 -2    6   4   2   8   1   2   4  37   1   3   3  10   1   1   4   5   6   0   1   2  0.31 0.12
   86 C   -1 -2 -2 -2  3 -2 -2 -1  1  1  1 -2  1  2 -2 -1  0  2  1  2    2   2   1   1  10   1   2   4   5   8  11   1   5  10   1   3   6   3   6  17  0.14 0.09
   87 N   -2  0  2  2 -4  4  3 -2 -1 -3 -3  1 -3 -2 -2  0  0 -4 -2 -3    1   3   8  13   0  24  21   2   1   1   1  10   0   1   1   4   6   0   1   0  0.47 0.23
   88 V   -2 -3 -3 -2 -3 -3 -2 -4 -1  3  2 -2  0 -1 -3 -3  1 -3  0  4    0   0   0   2   0   0   3   0   2  14  20   1   1   1   0   0   8   0   2  42  0.48 0.24
   89 S   -1  0 -1  0 -2  0  1 -1  2  0 -1  1  0  2 -2  0 -1 -2  1  0    4   2   2   5   0   4  12   5   6   6   3  11   4  15   1   7   3   0   3   5  0.07 0.07
   90 E    1 -2  0  3 -2 -1  0 -2 -2  1 -1  0 -1 -2 -2 -1  0 -3 -2  3   11   1   4  19   0   1   7   1   0  10   3   7   0   1   1   4   3   0   0  26  0.20 0.14
   91 L   -1  2 -2 -3 -2 -1 -2 -3 -1  2  2  0  1  0 -3 -1  1 -3  0  2    2  18   0   0   0   2   0   0   1  15  20   4   2   3   0   4   8   0   4  15  0.20 0.14
   92 L    0 -2 -3 -1 -2 -1 -2 -3 -3  2  2 -1  0  0 -3  0  0 -3  0  3    7   0   0   3   0   4   2   0   0  16  19   4   1   3   0   7   5   0   3  25  0.20 0.13
   93 T   -1 -2  0 -3 -1  2 -2 -1 -3 -3 -3  2 -1 -4 -3  0  6 -5 -4 -3    3   0   4   0   1   9   0   3   0   0   1  12   1   0   0   4  60   0   0   0  0.88 0.40
   94 S   -2  0  0  1  0  1  3  1 -2 -4 -4  1 -1 -2 -3 -1  1  7  0 -3    1   4   5   7   2   6  21   9   0   0   0   9   1   1   0   3   9  18   3   0  0.50 0.23
   95 G   -1  2 -2 -1  2 -1  2  3  2 -3 -4  2 -3 -3 -1 -2 -2 -3  2 -3    2  13   0   2   5   0  19  26   5   1   0  12   0   0   2   0   1   0  11   0  0.41 0.23
   96 P    2 -1 -2  0 -3  1  2 -1 -1 -2 -3  1 -3 -4  5 -1 -2 -4 -1 -2   20   1   0   5   0   8  13   5   1   2   0   8   0   0  29   2   0   0   2   1  0.55 0.23
   97 S   -1 -1  2  1 -3 -1  1  4  0 -2  0  0 -1 -3 -1 -1 -1 -4 -3 -2    1   2  13   8   0   1   9  34   3   2  11   4   1   0   2   3   2   0   0   2  0.31 0.16
   98 H   -2 -2  0  4  0  1  0 -3  7 -3 -2 -1 -2 -2  1 -2 -3 -4 -2 -3    2   0   3  30   3   8   3   0  31   1   3   4   1   1   8   0   0   0   0   1  0.78 0.32
   99 A    5 -3 -3 -4  1 -3 -3  2 -4 -3 -3 -3 -1 -4 -3 -1  0 -4 -4 -1   65   0   0   0   3   0   0  17   0   0   2   0   2   0   0   2   4   0   0   3  0.87 0.37
  100 I   -1  2 -2 -2 -3  1  1 -3 -2  0  1  2 -1 -1 -2 -2  1 -3  2 -1    5  15   0   2   0   6   8   0   0   4  21  19   0   1   1   0   9   0   8   2  0.22 0.17
  101 D   -3  4  0  3 -5  0  3 -3  3 -3 -3  1 -3 -2 -3  0 -2 -4 -1 -3    0  28   4  17   0   3  19   0   8   1   1   8   0   1   0   4   1   0   2   2  0.54 0.25
  102 I   -2 -3 -4 -4 -1 -2 -1 -2 -3  2  3 -3  1  3 -4 -3  0 -2  3 -1    1   0   0   0   1   2   5   4   0  16  38   0   4  12   0   0   6   0  12   0  0.43 0.23
  103 T    1 -1 -3 -4  2 -3 -3 -2 -3  1  1 -1  1  3 -3 -2 -1 -2  0  2   16   2   0   0   6   0   0   2   0   8  13   5   3  15   0   1   3   0   3  23  0.23 0.16
  104 R    0  3  0  0  0  1  2 -2 -1 -1 -2  2 -2 -2 -2  0  0 -3  0 -2    9  19   3   5   2   8  13   2   1   4   1  15   0   1   0   6   6   0   4   2  0.22 0.14
  105 E    0  1  1  2 -4  1  4 -1  1 -4 -3  2 -3 -4 -2  0 -1 -4 -3 -3    8   5   5  12   0   4  35   3   4   0   2  14   0   0   0   4   2   0   0   1  0.45 0.20
  106 A    2 -2 -1 -2  0 -1 -1 -2 -2  1  1  0  2  0 -1  0 -1 -3 -2  2   29   1   2   0   2   2   5   0   0   7  10   5   7   5   2   5   2   0   0  15  0.15 0.13
  107 I   -1 -1  1  2  0 -1  1 -1 -1  1  1 -2 -1 -2  3  0 -1 -3  0  0    4   3   7  13   2   0  10   4   1   9  16   0   1   0  14   6   0   0   4   7  0.13 0.10
  108 R    0  1  0  1 -1  1  0  0  0  0  0  0  1 -2  0  0  0 -3 -1  0   11   7   4   9   1   8   4   6   2   6  14   3   6   0   3   4   6   0   1   4  0.04 0.05
  109 D   -1 -1 -1  2 -3  0  1  0 -1 -2  0  0 -1  2 -2  1 -1 -2  1 -2    5   2   1  16   0   4  11   7   1   0  13   7   0  11   0  11   2   0   6   2  0.12 0.11
  110 G    0  0  1  1 -1  0  0  3  0 -3 -2  3 -2 -3 -2  1 -1 -3 -1 -3    5   2   7   6   2   3   5  26   3   1   3  22   0   1   1  10   1   0   2   1  0.28 0.13
  111 A   -1 -1 -1 -1 -2 -2 -2 -3  0  1 -1 -2 -1  3 -2 -1  0  4  4  2    4   3   2   4   0   1   1   1   2   6   3   1   0  13   1   4   7   6  22  17  0.29 0.14
  112 D   -1  0  0  5 -1 -1  1 -2  0 -3 -3 -1 -3  1 -2  0 -1 -3 -2 -3    6   4   3  48   1   2   7   2   2   1   2   4   0   7   1   4   2   0   1   1  0.58 0.21
  113 A    0  4  0 -3 -3 -1 -2  2  0 -1 -2  0  0 -2 -3 -1  2 -4 -3  0    8  28   5   0   0   1   0  19   2   3   3   3   2   2   0   0  17   0   0   7  0.31 0.21
  114 V   -3 -5 -5 -5 -3 -4 -2 -6 -5  5  2 -4 -1 -1 -5 -4 -3 -4 -3  4    0   0   0   0   0   0   4   0   0  45  16   0   0   2   0   0   0   0   0  34  0.97 0.36
  115 I   -1 -4 -5 -5 -3 -4 -5 -5 -5  5  3 -4  2  1 -4 -4 -2 -4 -2  3    5   0   0   0   0   0   0   0   0  36  24   0   4   7   0   0   0   0   0  24  0.74 0.29
  116 A    3 -4 -4 -4  4 -3 -4 -3 -4  2 -1 -4 -2 -1 -4 -1 -1 -4 -3  4   31   0   0   0  12   0   0   0   0   9   4   0   0   2   0   4   2   0   0  36  0.63 0.31
  117 V    2 -4 -1 -4  6 -3 -4  1 -4  0  0 -3  1 -2 -4 -1 -1 -4 -3  2   24   0   4   0  21   0   0  13   0   4   8   0   3   1   0   2   2   0   0  19  0.48 0.25
  118 G   -2 -5 -3 -4 -5 -4 -4  7 -5 -6 -6 -4 -5 -6 -5  2 -4 -5 -6 -6    0   0   0   0   0   0   0  84   0   0   0   0   0   0   0  16   0   0   0   0  1.84 0.54
  119 G   -3 -5 -3 -4 -6 -5 -5  7 -5 -7 -7 -5 -6 -6 -5 -3 -5 -6 -6 -6    0   0   0   0   0   0   0 100   0   0   0   0   0   0   0   0   0   0   0   0  2.37 0.63
  120 D   -5 -5 -2  8 -7 -3 -1 -4 -4 -6 -7 -4 -6 -7 -5 -3 -4 -8 -6 -6    0   0   0 100   0   0   0   0   0   0   0   0   0   0   0   0   0   0   0   0  2.59 0.71
  121 G   -3 -5 -3 -1 -5 -5 -5  7 -5 -7 -7 -4 -6 -6 -5 -3 -4 -5 -6 -6    0   0   0   4   0   0   0  96   0   0   0   0   0   0   0   0   0   0   0   0  2.20 0.60
  122 T   -2 -4 -3 -4 -3 -3 -3 -4 -4  1  1 -3  1 -4 -4  1  6 -5 -4 -1    0   0   0   0   0   0   0   0   0   6  16   0   3   0   0  10  62   0   0   2  0.99 0.44
  123 L   -1 -4 -5 -5 -3 -4 -4 -5 -4  2  2 -4  2  2 -1 -3 -2 -3 -2  4    5   0   0   0   0   0   0   0   0  12  23   0   5  11   3   0   0   0   0  42  0.65 0.28
  124 H   -2  0  4 -2 -4  1 -2  3  4 -4 -5 -2 -3 -2 -4  1 -2 -4  0 -3    1   5  28   0   0   8   0  26  14   0   0   0   0   2   0  12   0   0   2   2  0.65 0.30
  125 E   -3 -3 -2  0 -6 -1  6 -3 -3 -6 -5 -3 -5 -4 -4 -3 -4  9 -3 -5    1   0   2   4   0   1  62   2   0   0   0   0   0   0   0   0   0  28   0   0  1.81 0.58
  126 V   -1 -5 -5 -5  0 -4 -5 -5 -5  3  1 -4 -1 -1 -5 -4 -2 -5 -3  6    5   0   0   0   1   0   0   0   0  14  12   0   0   2   0   0   0   0   0  65  1.03 0.39
  127 V    1 -4 -4 -4 -3 -3 -4 -4 -4  2  4 -3  2 -1 -4 -2 -2 -4 -3  3   15   0   0   0   0   0   0   0   0  13  41   0   4   2   0   2   1   0   0  21  0.54 0.25
  128 N    0 -2  5  1 -4  0  1  1  2 -4 -4 -1 -3 -4 -3  1  1 -5 -3 -4    7   0  39   7   0   3   9   8   5   0   0   2   0   0   0  12   8   0   0   0  0.61 0.28
  129 G    3 -4 -3 -3  3 -1 -2  5 -4 -3 -3 -3 -3 -1 -3 -1  0 -4 -3 -1   25   0   0   0   7   2   3  45   0   1   1   0   0   4   0   2   5   0   0   5  0.68 0.29
  130 F   -2 -1 -5 -5 -3 -4 -4 -5 -4  3  4 -4  2 -1 -4 -4 -3 -4 -3  2    2   4   0   0   0   0   0   0   0  21  55   0   4   2   0   0   0   0   0  12  0.77 0.30
  131 F    0 -2 -1  2 -2 -1  0 -1 -2  1  2 -2  2  0 -2 -1  0 -2  0  0    7   1   1  15   0   1   5   6   1   7  24   1  10   2   1   2   7   0   3   4  0.11 0.09
  132 W    0  2  0  0  0  1  2  0  0 -1 -1  1 -1 -2 -1  0  0  1 -1 -1    4  11   4   4   2   5  16   6   2   1   7  12   1   1   1   9   4   2   1   6  0.10 0.05
  133 E    0  4  1 -1 -2  1  0 -1  0 -1  0  0  0 -1 -1 -1  1 -2 -1 -1    6  32   9   2   1   5   4   3   3   4   9   2   2   4   2   2   8   0   1   3  0.21 0.10
  134 G    0  1  2  0 -2 -1  0  1 -1 -2 -1  0 -1 -2  2  0  1 -2 -2 -1    7   9  12   5   1   2   6  12   1   2   5   2   1   1  13   4  13   1   1   2  0.16 0.06
  135 K   -1  0  0  3 -2  1  0 -1  1 -1  0  0  0  0 -1  0 -1  1  0 -1    3   3   3  23   1   9   4   4   4   2   9   5   2   6   2   7   2   2   2   5  0.12 0.06
  136 P    0  0 -1  0  1  0  0 -1  2 -1 -1  0 -1 -1  2  0  1  3  0 -1    6   7   2   4   5   5   7   5   6   3   5   5   1   2  12   4  10   5   3   3  0.12 0.03
  137 V    0  0  1  1 -1  0  1  0  0  0  0  0 -1 -1  0  0  0 -1 -1  0   11   4   8   6   1   2  11   7   2   3   8   3   1   3   4   9   3   1   2  10  0.04 0.01
  138 G    1  0  0  0 -1  0  0  1 -1 -1 -1  0  0 -1  0  1  1 -1  0  0   16   4   4   4   1   2   6  11   1   3   5   5   3   2   3   9  10   1   3   5  0.05 0.02
  139 Y    0  0  0  0 -1  0  0  1  1  0  0  0  0  0  0  0  0  0  1  0   11   4   3   4   1   4   4  12   4   7  10   6   2   3   4   5   4   1   7   4  0.02 0.01
  140 L    0  0  0  0  0  0  0 -1  1  1  0  0  0  0  1  0  0 -1  0  0    6   6   3   3   3   3   9   5   5  13   9   4   3   4   8   6   4   1   2   6  0.02 0.01
  141 S    0  0  0  2 -1  1  1 -1  0 -1 -1  1 -1 -1  1  0  0 -1 -1 -1    8   3   5  13   1   9   8   5   1   3   6   8   1   2   6   7   4   1   2   5  0.09 0.02
  142 G    0 -1 -1  0  0  0  0  0 -1 -1  0  0 -1  0  1  0  0  2  0 -1   11   2   2   6   3   4   5   9   1   5  10   6   1   5   9   5   7   4   3   3  0.05 0.02
  143 E   -1  0  2  2 -2  1  2 -1 -1 -2 -1  1 -1 -2  2  0 -1 -2 -2 -2    4   4  10  14   1   7  16   4   1   2   5  10   1   2   9   3   2   1   1   3  0.20 0.07
  144 A    1  0  0  0 -1  0  1 -1  3 -1  0  0 -1 -1 -1  0  0 -2  0 -1   18   4   4   6   1   5  10   4  10   5  11   5   1   2   2   4   3   0   2   4  0.06 0.05
  145 S    1 -1  1  1  0  0  1  0 -1 -1 -2  0 -2  1  3  1 -1 -2 -1 -1   13   1   8   9   2   3   8   6   1   3   2   5   1  10  14  10   1   0   1   4  0.15 0.07
  146 R   -1  1  2  0 -2  0  0 -1  1 -1 -1  1 -1 -2  1  1  0 -2  0 -1    3   8  13   3   0   2   6   3   4   2   9  10   0   1   6  13   7   0   4   5  0.10 0.06
  147 S   -1  3  0  1 -3  1  0 -2  1  0 -1  2 -2 -3  1  0  0 -3 -2 -1    3  17   5   7   0   6   5   1   3   7   4  19   0   0   6   8   4   0   0   2  0.20 0.11
  148 T   -1 -4 -4 -4  1 -3 -4 -4 -4  3  2 -3  0 -3  6 -3 -1 -5 -4 -1    4   0   0   0   4   0   0   0   0  19  18   0   3   0  47   0   3   0   0   1  1.07 0.36
  149 A    1  1 -3 -3 -1  0  0 -3 -3 -4 -4  0 -4 -5  6  1 -2 -5 -4 -3   13   9   0   0   1   5   5   0   0   0   0   4   0   0  48  13   1   0   0   2  1.06 0.37
  150 L   -3 -4 -2 -5 -3 -4 -5 -5 -4  4  3 -4  1  1 -5 -4 -2 -4 -2  3    0   0   3   0   0   0   0   0   0  28  37   0   2   6   0   0   0   0   0  25  0.75 0.30
  151 G    3 -4 -3 -4  2 -4 -4  6 -4 -5 -5 -3 -4 -5 -4  0 -1 -5 -5 -3   26   0   0   0   5   0   0  58   0   0   0   0   0   0   0   6   4   0   0   1  1.11 0.39
  152 L   -3 -4 -4 -4 -3 -2 -1 -5 -4  5  2 -4  1  1 -4 -2 -1 -4 -2  3    0   0   0   0   0   1   4   0   0  42  15   0   4   6   0   3   3   0   0  22  0.63 0.27
  153 I   -3 -5 -5 -5 -3 -4 -5 -6 -5  5  4 -5  2 -2 -5 -4 -3 -4 -3  2    0   0   0   0   0   0   0   0   0  44  40   0   4   0   0   0   0   0   0  12  1.04 0.37
  154 P   -4 -5 -5 -5 -6 -5 -4 -3 -5 -6 -6 -4 -6 -7  9 -4 -1 -7 -6 -6    0   0   0   0   0   0   0   2   0   0   0   0   0   0  95   0   3   0   0   0  2.91 0.73
  155 L    2 -2 -4 -4  2 -3 -4  2 -4 -1  4 -3  2 -2 -4 -2 -3 -4 -3 -1   21   2   0   0   5   0   0  15   0   0  50   0   5   0   0   2   0   0   0   1  0.57 0.30
  156 G   -3 -5 -3 -1 -5 -5 -5  7 -5 -7 -7 -4 -6 -6 -5 -3 -4 -5 -6 -6    0   0   0   3   0   0   0  97   0   0   0   0   0   0   0   0   0   0   0   0  2.23 0.61
  157 T   -1 -4 -2 -1 -4 -2 -2 -3 -4 -4 -4 -3 -3 -5 -4  3  6 -5 -4 -3    2   0   0   3   0   1   1   1   0   0   0   0   0   0   0  26  66   0   0   0  1.28 0.51
  158 G    3 -4 -3 -2 -1 -3 -3  5 -4 -4 -4 -3 -3  0 -4 -1  2 -4 -2 -1   25   0   0   1   1   0   0  48   0   0   0   0   0   5   0   1  13   0   2   4  0.78 0.33
  159 S   -4 -4  8  1 -6 -3 -3 -3 -2 -6 -7 -3 -5 -6 -5 -1 -3 -7 -5 -6    0   0  89   7   0   0   0   0   0   0   0   0   0   0   0   4   0   0   0   0  2.22 0.66
  160 D    2 -4  0  6  1 -3 -1  0 -3 -5 -4 -3 -4 -5 -4  0 -2 -6 -5 -3   18   0   3  59   3   0   0   6   0   0   1   0   0   0   0   7   1   0   0   1  1.05 0.40
  161 F   -4 -4 -5 -6 -4 -4 -5 -6 -1  2  4 -5  2  6 -5 -4 -3 -2 -1  0    0   0   0   0   0   0   0   0   2  11  41   0   5  38   0   0   0   0   0   3  1.01 0.37
  162 A    4 -3 -3 -3  1 -3 -3  0 -3 -1 -2 -3 -3 -4 -1  3  0 -4 -4  0   49   0   0   0   3   0   0   5   0   2   2   0   0   0   3  22   6   0   0   8  0.60 0.31
  163 R   -1  5  0 -3  0 -1 -1 -1  0 -2 -3  1  1 -1 -3 -1  1  0  1 -2    3  37   3   0   3   1   2   6   3   1   0  10   5   3   0   2  12   1   5   3  0.38 0.23
  164 T    3 -3 -1 -3  5 -2 -2 -1 -3 -3 -3 -3 -3 -4 -3  4  2 -4 -4  0   23   0   1   0  12   0   2   3   0   0   1   0   0   0   0  34  15   0   0   8  0.59 0.31
  165 F    1 -4 -3 -4  3 -3 -4 -2 -4  0  3 -3  0  2 -4 -1  0 -3 -2  1   11   0   1   0   7   0   0   2   0   2  43   0   1  11   0   3   7   0   0  10  0.41 0.22
  166 G   -2  1  4 -2 -4 -1 -1  4  4 -4 -3 -2 -2 -4 -4 -1  0 -5 -3 -2    1   9  23   0   0   3   2  36  12   0   1   0   1   0   0   3   6   0   0   3  0.63 0.28
  167 W   -3 -4 -4 -5 -4 -2 -1  1 -4  3  1 -2 -2 -2 -5 -4 -1  9 -2  0    0   0   0   0   0   1   4  12   0  21  17   3   0   0   0   0   3  32   0   7  1.01 0.37
  168 N    0 -1  1 -1 -3 -1 -2  2  0 -3 -4  0 -3 -4  5  0  2 -4 -4  0    5   3   6   2   0   2   0  17   2   0   0   5   0   0  29   6  14   0   0   8  0.54 0.24
  169 N   -2  0  2  1  0  2  1  0 -2 -2 -1  1 -1 -3  1  0  1 -4 -3 -2    0   6  13  10   3   9  12   7   0   1   9   6   1   0   7   6  10   0   0   1  0.20 0.14
  170 D   -1 -1  2  4 -1  1  2 -1  1 -2 -3  0 -3 -4 -3  1 -2 -5 -3 -2    5   3  13  32   1   6  15   4   4   2   1   3   0   0   0   8   1   0   0   2  0.48 0.23
  171 P   -1 -4 -4 -4 -4 -3 -4 -4  2  3  2 -3  1  1  5 -3 -2 -4 -1  0    5   0   0   0   0   0   0   0   7  20  18   0   3   7  31   0   2   0   1   6  0.67 0.29
  172 C    1 -2 -1  0  0 -1  2 -3  0  1 -1  0  1 -1  1  0  1 -3 -2  0   14   0   1   5   2   1  19   0   2  11   5   6   6   2   7   6   8   0   1   4  0.13 0.12
  173 E    0  0  1  0 -3  2  1  0  0 -3 -2  1 -1 -1  0  2  1 -3 -1 -3    5   2   6   4   0   9   8   8   3   0   2  13   1   4   4  18  11   0   2   0  0.19 0.13
  174 A    5 -3 -3 -3  3 -1 -2 -2 -3  1 -3 -1 -2 -1 -3  1 -1 -4 -3  0   57   0   0   0   6   2   2   0   0   8   0   2   0   3   0  12   3   0   0   4  0.65 0.33
  175 V    2 -3 -3 -4  0 -3 -3 -3 -4  1  3 -3 -1 -1 -3  0  2  3 -2  0   23   0   0   0   2   0   0   0   0   7  39   0   0   1   0   5  14   4   0   3  0.41 0.24
  176 E   -1  1 -1  1 -3  1  2 -2 -2  0  2  1  0 -2 -3 -1 -1 -3 -2  0    3   7   2   9   0   6  15   2   0   3  28  11   2   0   0   2   3   0   0   6  0.16 0.14
  177 R    0 -1 -1 -2  1  1  0 -3  3  0  2  0  0 -2 -3  1  0 -3 -2  0    6   2   2   1   3   8   7   0  11   4  27   5   1   0   0  14   5   0   0   5  0.17 0.16
  178 I    2 -4 -3 -5 -3 -3 -4 -4 -4  5  3 -4  2 -2 -4 -3 -2 -4 -3  2   18   0   1   0   0   1   0   0   0  36  26   0   4   0   0   0   0   0   0  14  0.66 0.30
  179 A    0 -3  0  0  2 -2  0 -3 -3  3  1 -1  2 -2 -3 -1 -1 -4 -3  2    6   0   5   7   5   0   6   1   0  27  14   3   7   0   0   3   2   0   0  14  0.23 0.17
  180 R   -1  3  1  1 -1  1  2 -3 -1 -1 -1  3 -1 -2 -3 -1  0 -4 -3 -1    4  19   6   7   1   3  15   0   1   4   5  19   1   1   0   3   5   0   0   6  0.26 0.16
  181 G    2  2 -2 -2 -4 -2 -3  5 -1 -5 -4 -1 -4 -5  0  1 -1 -1 -4 -4   16  13   0   2   0   0   0  45   2   0   0   1   0   0   5  10   4   1   0   0  0.70 0.31
  182 M   -1  2  0  1 -3  0  1 -1  3 -1 -1  1 -1 -1  0  0  0  3 -1 -1    1  15   3   8   0   3   7   4  10   5   4  10   2   2   3   5   8   5   0   3  0.15 0.11
  183 R    2 -1 -2 -2 -2 -2  0 -1 -3 -1  1  0 -1 -3  1  1  3 -4 -3  0   19   3   0   1   0   0   7   3   0   2  16   8   1   0   5  11  21   0   0   6  0.19 0.17
  184 S   -1  1 -1 -2  0  0  0 -3  3  1  0  1  1 -2 -3  0  1 -3 -1  1    1  10   1   0   2   4   7   1   9   9   7   9   3   1   0   5  13   0   1  17  0.13 0.13
  185 R    1  2 -1  0 -3  0  0 -1 -2 -3 -2  2  0 -1  4  1  0 -4 -3 -2   11  11   2   4   0   4   3   3   0   0   2  12   4   3  22  13   3   0   0   3  0.34 0.18
  186 I   -1 -4 -5 -5 -1 -4 -4 -5 -4  4  3 -4  3  1 -4 -3 -2 -3  1  3    4   0   0   0   1   0   0   0   0  32  24   0   9   5   0   0   1   0   4  20  0.64 0.27
  187 D   -3 -4  0  8 -6 -3 -1 -4 -1 -6 -6 -3 -5 -6 -3 -1 -2 -7 -5 -6    2   0   3  84   0   0   1   0   2   0   0   0   0   0   1   3   2   0   0   0  1.90 0.59
  188 V   -1  1 -4 -4 -1 -3 -4 -4 -4  3  3 -3  1 -2 -2 -2 -1 -4 -1  4    3   8   0   0   1   0   0   0   0  14  29   0   3   0   1   1   4   0   2  33  0.47 0.24
  189 G    1 -3 -1 -3  3 -3 -2  2 -3 -1  1 -3  3 -1 -3  0 -1  5 -1 -1   14   0   2   0   8   0   1  19   0   3  18   0  10   2   0   8   2   9   2   1  0.32 0.20
  190 V   -1  1  0  0  0  3  1 -3 -1 -2 -2  3 -2 -4 -1  2  1 -4 -3 -2    2   9   3   3   3  17   8   0   1   1   2  19   0   0   3  18   9   0   0   3  0.33 0.20
  191 I   -1 -4 -3 -3  3 -3 -4 -5 -5  4  1 -3  2  0 -4 -3 -2 -4 -3  5    4   0   1   1   7   1   0   0   0  22   8   1   5   4   0   0   0   0   0  45  0.69 0.31
  192 D   -2 -2  5  1 -4  1  1  0  4 -4 -4  0 -3 -4 -3  1 -1 -4 -3 -4    2   0  35   8   0   7   9   6  12   0   0   7   0   0   0  10   2   0   0   0  0.62 0.28
  193 K    0 -2  1  2 -3  2  1  2  0 -3 -3  0 -1 -3 -2  0  1  0 -1 -1    9   0   7  16   0  13   6  16   2   0   0   4   2   0   0   4  11   2   2   6  0.22 0.15
  194 E    0  0  0  2 -2  1  2  0  1  0 -2  1 -2 -2 -1  0  0  1 -2 -1    7   5   2  16   0   8  15   7   4   8   2   9   0   1   3   5   4   2   1   2  0.16 0.09
  195 G   -1  0  2  1 -2  1  1  1  0 -2 -1  0 -1 -2  1  1  0 -2 -2 -1    2   4  11   8   1   9   8  14   3   2   7   7   1   1   6   9   5   0   1   3  0.12 0.05
  196 K   -1 -1  0  2 -2  1  1  0  1 -2 -2  1  0 -2  1  0  1 -2  0 -1    2   1   3  13   1   5   6   8   4   1   3  13   3   1   6   7  12   0   4   6  0.11 0.06
  197 D   -1  0 -1  1 -2  1  0  1 -1 -1  0  1  0 -2  2  0 -1 -2  0 -1    2   5   1   8   0   8   3  10   1   3  15  11   2   1  12   7   3   0   4   3  0.11 0.07
  198 L   -1 -1 -1 -1  0 -1 -1 -2 -1  1  1  0  0  1  3 -1 -1  4  1  0    4   4   3   3   3   2   3   2   1  11  16   8   2   5  14   2   2   6   7   4  0.15 0.08
  199 H   -1  3  1 -1 -1  0 -1 -2  2 -1  0  0 -1  0  1 -1  0 -2  1  0    3  19  11   2   2   2   2   1   7   2   9   5   0   5   6   1   7   0   6   9  0.13 0.11
  200 Y   -3 -3 -3 -4  2 -2 -3 -4  0  1 -2 -2 -1  2 -4  2 -3  5  7 -1    0   0   0   0   4   1   0   0   2   8   3   2   1   6   0  17   0   9  41   4  0.88 0.37
  201 F    1 -4 -4 -4  1 -4 -4 -4 -3  0 -1 -4  2  7 -2  1 -3 -2  0  0   13   0   0   0   3   0   0   0   0   4   3   0   5  52   1  12   0   0   0   5  0.88 0.38
  202 I    0 -3  0 -3 -2 -3 -3 -1 -3  3  3 -3  3 -2 -1 -1 -2 -3 -3  2    9   0   5   0   0   0   0   5   0  22  31   0   8   0   3   3   0   0   0  11  0.33 0.20
  203 N   -2 -3  7 -1 -4 -1 -2 -3 -2 -4 -2 -2 -3 -2 -4  2  1 -5 -2 -4    2   0  55   0   0   1   2   0   0   0   5   0   0   2   0  19   9   0   1   0  1.00 0.42
  204 V   -1 -3 -4 -4 -3 -1 -3 -1  0  1  1 -3  5  3 -4 -1 -2 -2  4  2    3   0   0   0   0   3   0   4   2   6  12   0  21  13   0   5   0   0  15  16  0.44 0.26
  205 A    4 -3 -3 -3  1 -3 -3 -1 -3  1  1 -3 -1  2  0 -1 -2  0 -2  0   43   0   0   0   3   0   0   3   0   9  14   0   0  11   4   2   0   1   0   6  0.37 0.23
  206 D    1  0 -2 -1 -3 -2 -2  3 -3 -3 -4 -2 -1 -4  0  3  2 -4 -1 -2   12   5   0   3   0   0   0  28   0   0   0   0   2   0   4  24  18   0   2   1  0.46 0.26
  207 V   -2 -4 -4 -2 -1 -2 -4  3 -3  2  0 -4 -2  0 -4 -3 -2  7  4  0    2   0   0   3   2   1   0  25   0  17   8   0   0   3   0   0   2  17  16   5  0.64 0.30
  208 H   -1 -5 -3 -2 -5 -2 -5  7 -1 -7 -6 -4 -5 -6 -5 -3 -4 -5 -6 -6    3   0   0   2   0   2   0  91   2   0   0   0   0   0   0   0   0   0   0   0  1.98 0.60
  209 L   -2 -2 -2 -5  1 -2 -4 -5 -3  1  1 -3  0  6 -5 -1 -3  1  0  1    3   2   2   0   3   2   0   0   0   6  16   1   2  46   0   5   0   2   0  10  0.72 0.32
  210 S   -2 -3 -2  3 -3 -3 -1  3  0  1  0 -3  2  0 -4 -2 -2 -3  2  0    1   0   0  22   0   0   2  24   2  12   9   0   6   4   0   2   0   0   9   8  0.31 0.22
  211 A    4  0 -2 -3 -3 -2 -1  1 -3 -3 -2 -2 -3 -4 -1  1  3 -4 -4  0   42   5   0   0   0   0   2  12   0   0   2   0   0   0   2  11  19   0   0   6  0.49 0.29
  212 K   -2  2 -1  4 -5  3  3 -3  2 -4 -2  1 -3 -4 -3  0 -2 -4 -1 -4    2   9   0  25   0  18  19   0   6   0   5   8   0   0   0   6   0   0   2   0  0.56 0.28
  213 A    0 -2  2 -4 -3 -3 -4 -4 -4  3  0 -3  0 -3 -4 -1  0 -5 -3  4    7   2  11   0   0   0   0   0   0  22   5   0   2   0   0   4   5   0   0  42  0.56 0.30
  214 G    2 -3  1  2 -3 -2 -2  0 -3  0 -1 -2 -2 -1 -3  1  3 -4 -3 -1   18   0   8  17   0   0   0   6   0   8   5   0   0   3   0  11  22   0   0   2  0.28 0.21
  215 F    0  0 -1 -1 -2 -1  1 -3  0  1  0  0 -1  1 -1  0  1 -2  1  1   10   4   2   2   0   0  12   0   3  11  11   6   0   9   2   3   9   0   6   8  0.06 0.09
  216 Y   -2 -1  3  1 -5  1  5 -3 -1 -4 -2  1 -3 -1 -3 -1 -2 -4 -1 -2    3   2  20   8   0   5  40   0   1   0   3   8   0   4   0   2   0   0   2   2  0.61 0.31
  217 A    1 -3 -2 -3 -3 -2 -3 -3  0  0 -2 -3 -2  1  2  3  3 -4 -2  1   11   0   0   0   0   0   0   0   3   6   2   0   0   7   8  28  26   0   0   9  0.42 0.28
  218 S   -2  2  1  1 -4  1  4 -2  3 -5 -4 -1 -1 -5  3  1 -2 -5 -3 -4    0  10   5   5   0   6  31   3   9   0   0   0   2   0  15  15   0   0   0   0  0.58 0.30
  219 K   -1  1 -1  0 -4  0  3 -3  0 -3 -1  4  2 -1 -3  0 -2 -4 -3 -3    4   6   2   4   0   2  26   0   2   0   5  33   6   3   0   5   1   0   0   1  0.47 0.27
  220 Y   -2 -1 -3 -3 -4 -2  0 -1 -2 -1 -2  4  1  3 -4 -1 -2  1  5 -3    2   1   0   0   0   0   4   4   0   3   1  34   3  15   0   4   1   2  24   0  0.62 0.33
  221 K   -3  6  1 -3 -5  0 -2 -4 -3 -3  1  2 -1 -1 -4 -2 -2  3 -3 -3    0  49   6   0   0   2   1   0   0   0  18  12   1   2   0   2   2   5   0   0  0.81 0.37
  222 K   -1  1 -3 -3  0 -1 -1 -4 -3 -1 -2  4  2 -1 -2 -1 -1  6  1 -1    4   9   0   0   2   1   3   0   0   4   2  35   6   1   2   5   2  15   5   4  0.53 0.28
  223 F   -2 -2 -5 -5 -3 -4 -4 -5  1  0  4 -4  4  3 -2 -4 -3 -3 -2  1    3   1   0   0   0   0   0   0   4   2  51   0  15  12   2   0   0   0   0   7  0.74 0.34
  224 G   -3  0  3 -1 -5 -4 -4  6 -4 -6 -6 -3 -5 -5 -5 -2 -4  3 -5 -6    0   5  15   2   0   0   0  71   0   0   0   0   0   0   0   2   0   5   0   0  1.47 0.50
  225 N   -2 -1  0 -1 -4 -1 -1  2  0 -2 -2  2 -3 -1  4  0 -2  1  1 -1    1   2   5   1   0   1   3  17   2   2   3  19   0   2  25   6   0   2   5   4  0.42 0.22
  226 L    2 -2 -3 -2 -3 -1 -3 -1 -1  1  2  0  2  2 -3 -2 -2 -3 -1  1   19   0   0   2   0   2   0   6   2   7  24   8   6  11   0   0   0   0   0  12  0.20 0.17
  227 C    3  4 -3 -3  2 -2  0 -3 -3 -3 -2 -1  0 -2 -3  2 -1  2 -3  0   27  31   0   0   4   0   5   0   0   0   1   0   3   1   0  15   2   4   0   7  0.48 0.30
  228 Y   -4 -2 -5 -6 -5 -4 -5 -6  2 -2 -3 -5 -4  4 -6 -1 -4 -1  8 -4    0   2   0   0   0   0   0   0   5   1   1   0   0  17   0   5   0   0  69   0  1.94 0.62
  229 V    0 -3 -1  1 -3 -1 -2 -1 -2  1  1 -2 -1  2 -1 -1  1  0  2  1    6   0   2  12   0   2   1   5   0  11  14   0   0  10   2   1  14   1   9  10  0.13 0.13
  230 I   -1  0 -3 -4 -3 -3 -3 -1 -3  3  1 -1 -1  4 -4 -3  0  1  1  1    3   5   0   0   0   0   1   6   0  20  16   4   0  23   0   0   6   2   3  10  0.31 0.19
  231 G    0 -2 -1 -1 -3 -1 -1  1  3 -1 -2  0  0 -3 -3  3  2 -3  1  0    7   0   2   2   0   2   3  13  10   2   1   5   3   0   0  27  12   0   5   7  0.24 0.19
  232 A    1 -2 -2 -3 -4 -3 -3  5 -1 -3 -3 -3  0 -4 -4  0  3 -4 -4 -1   14   2   0   0   0   0   0  49   2   0   2   0   3   0   0   4  19   0   0   5  0.77 0.34
  233 L   -1 -4 -4 -2 -3 -4 -4 -3 -4  0  4 -4  3  4 -4 -3  0 -3 -1  1    6   0   0   2   0   0   0   2   0   3  45   0   8  20   0   0   5   0   0   9  0.59 0.29
  234 Q    0  1 -2 -1 -3  2  1 -2  1 -1  0  2  2  0 -3  0 -1 -3 -2 -1    7   7   0   1   0  11   7   2   4   2   8  20   8   6   0   9   3   0   0   4  0.16 0.15
  235 A    1  4  0 -1 -3  1  1 -2 -2 -1 -2  2  1 -4 -3  0  1 -4 -3 -1   11  28   3   1   0   6   8   2   0   3   2  10   5   0   0   4  13   0   0   4  0.31 0.20
  236 F    0 -3 -3 -2 -3 -3 -1 -4 -3  2  2 -3  3  4 -4  0  0  3 -1  0    7   0   0   2   0   0   5   0   0  12  22   0   9  20   0   8   7   5   0   3  0.33 0.21
  237 M    1 -1 -3  0  4 -2 -2 -2 -3  1  1 -2  2 -2  2  1 -2  2 -3 -1   12   4   0   8  13   0   0   1   0  10  18   0   8   0  10  11   0   3   0   2  0.24 0.18
  238 G   -1  1  2 -1  1  2  1 -1  0 -2 -3  3 -1 -4 -2  1  1 -4 -3 -3    4   6  10   2   4  11  10   4   3   2   0  22   2   0   0   9  12   0   0   0  0.29 0.18
  239 H   -2 -1 -1  1 -3  0 -2 -1  4 -1  2  1  1  0  0 -1 -1 -3 -1 -1    1   1   1  10   0   3   0   4  14   3  30  11   4   4   6   3   2   0   1   2  0.19 0.18
  240 H   -2  4 -1 -3 -4  1  0 -4  4 -3  1  3  0 -3  0 -2 -1 -4  0 -2    1  24   2   0   0   7   6   0  13   0  15  18   2   0   4   1   4   0   2   1  0.39 0.24
  241 N    1 -1  0 -2  1  1 -2 -2  2  0 -2  0 -2 -1  3  1  0 -3  0 -1   14   2   6   1   3   6   0   0   7  10   2   6   0   2  18  13   3   0   4   3  0.24 0.16
  242 Q    0 -3 -3  2 -4 -1  1 -4 -1 -3 -1  0 -2  3 -4 -2 -2  2  6  0    9   0   0  12   0   2  13   0   0   0   5   5   0  11   0   0   1   3  32   6  0.54 0.29
  243 D   -2  2  0  2 -4  3  2 -3  3 -4 -4  1 -3 -3  2  1 -1 -4  0 -4    0  13   4  12   0  13  11   0   9   0   0  10   0   0   9  12   2   0   3   0  0.41 0.21
  244 M    0 -3 -3 -4  4 -3 -3  3 -3  2  0 -2  1  1 -4 -1 -2 -3  1  1    9   0   0   0  11   0   0  24   0  18   7   1   3   5   0   2   0   0   6  12  0.32 0.20
  245 R   -1  3  0 -1 -4  1  3 -3  1 -4 -4  2 -1 -4 -3  1  1  0 -3 -3    4  22   2   1   0   3  28   0   3   0   0  11   2   0   0  10  11   1   0   0  0.51 0.27
  246 I   -1 -4 -2 -5  1 -4 -4 -5 -4  4  3 -4  0 -1 -4 -2 -2 -4  0  3    3   0   2   0   4   0   0   0   0  33  31   0   0   2   0   2   0   0   3  19  0.63 0.29
  247 R    0  2 -2 -1 -3  1  3 -3 -1 -3 -1  2  0 -4 -3  1  1 -4 -3 -1    6  15   0   0   0   6  26   0   1   0   5  11   3   0   0  11  11   0   0   4  0.34 0.21
  248 V    0 -3 -3 -3  4 -3 -3 -1 -2  1  0 -3  0  3 -3 -2  0 -1  4  1    7   1   0   1  13   0   1   4   0  10  10   1   3  15   1   1   6   0  18  10  0.34 0.18
  249 N   -1  0  2  2 -3  2  1 -2  3 -3 -3  1 -2 -3  2  1  1 -3 -2 -2    1   1  10  11   0  10  11   1  10   1   1  11   0   0  11  11  11   0   0   1  0.29 0.11
  250 G   -2 -1  2  1 -4 -2 -1  5 -3 -3 -4  0  0 -4 -1 -1 -2 -4 -4 -1    0   2  11  10   0   0   4  50   0   0   0   6   3   0   2   3   0   0   0   6  0.64 0.31
  251 G    0 -1  0 -1 -3  2  2  1 -2 -2 -2  1  0 -3  3  0 -1 -3 -1  0    5   0   3   0   0   9  21  10   0   0   4   8   4   0  16   4   3   0   2   8  0.26 0.17
  252 E   -2 -1  1  4 -3  1  3 -2  0 -2 -1 -1 -2 -3 -2  0  2 -4 -3 -1    1   3   6  24   0   5  25   2   3   2   6   0   0   0   0   3  15   0   0   4  0.38 0.23
  253 W   -3  1 -3 -4 -3 -1 -1 -4 -2  0 -1 -2 -2  5 -4 -1 -1  6  3  0    0  10   0   0   0   3   3   0   0   7   4   2   0  31   0   6   3  15   8   8  0.59 0.30
  254 E   -1  0  0  2 -4  2  4 -3  4 -3 -2 -1 -2 -3 -3  0  1 -3  0 -2    2   5   3  10   0   9  31   0  12   0   4   0   0   0   0   5  11   0   4   3  0.41 0.26
  255 I    0 -3  0 -3 -3 -3 -1 -1 -3  2  1 -3  2  1  1 -2 -2  7 -1  1    8   0   5   0   0   0   5   6   0  13  13   0   6   6   7   1   0  17   0  12  0.40 0.25
  256 Y   -1  1  1  0 -3  1  1 -1  2 -2 -1  1 -2 -2  1  1  0 -3  0 -1    4   6   9   4   0   7  11   4   6   0   6  11   0   0   7  10   5   0   4   5  0.13 0.11
  257 P   -1 -1  1  0 -3  0 -1  4 -2  0 -2  0  1 -3  2 -1 -2 -3 -3 -1    4   4   7   4   0   4   4  32   0  10   1   7   5   0  11   3   0   0   0   3  0.30 0.19
  258 Q   -1 -2  2  4 -4  1  2 -3 -2  0 -1  0 -3 -4  0  0 -2 -4 -3 -3    6   0  13  28   0   7  15   0   0   7   6   5   0   0   4   8   0   0   0   0  0.41 0.26
  259 V    1 -2 -3 -2 -2 -2 -1 -3 -3  1  2 -2 -1  4 -3  0  1 -2 -1  1   19   2   0   2   0   0   5   0   0   6  20   0   0  23   0   6  10   0   0   8  0.23 0.19
  260 T   -1 -2 -2 -2 -2 -2  0  0  1  1  2 -2  0 -1 -3  1  1  1 -2  1    0   0   0   0   0   0  10   8   4   6  26   0   1   2   0  18  11   3   0  12  0.16 0.17
  261 A    1 -3 -2 -3  2 -2 -3  2  1  2  1 -2  2 -1 -3  0 -1 -3 -2  1   17   0   0   0   6   0   0  16   6  15  15   0   7   3   0   6   3   0   0   7  0.18 0.15
  262 L   -1 -4 -4 -4 -3 -3 -3 -3 -4  4  2 -4  2  3 -4 -3 -2 -3 -1  2    5   0   0   0   0   0   2   2   0  33  24   0   4  14   0   0   0   0   0  16  0.52 0.25
  263 C    1 -3 -1 -2  4 -3 -3  1 -3  1  1 -3 -1  0 -3 -2  0  3  1  1   12   0   3   2  10   0   0  11   0  11  19   0   0   3   0   0   7   5   5  13  0.19 0.15
  264 V    1 -1 -3 -4  1 -3 -3 -3 -3  3  1 -3  0  2 -3 -2  0 -3 -1  2   15   4   0   0   4   0   0   0   0  27  13   0   0  11   0   0   6   0   0  20  0.32 0.19
  265 G    1 -3 -2 -3  2 -2 -2  3  2 -1  1 -2  0 -2  0  1  0 -3 -2 -2   16   0   0   0   5   0   0  26   7   2  21   0   2   0   3  11   4   0   0   0  0.25 0.18
  266 N   -1 -3  7 -1  1 -2 -3 -3 -2 -4  0  0 -3 -4 -4 -2  0 -5 -4 -2    4   0  69   0   3   0   0   0   0   0  12   5   0   0   0   0   4   0   0   4  1.14 0.48
  267 A    0 -3 -1 -3  1 -2 -1  2  1  3  0 -2  2 -2 -3 -1  1 -3 -2  1    5   0   2   0   4   0   4  21   5  24   7   0   7   0   0   3   9   0   0  10  0.21 0.17
  268 K   -1  3  3 -2  2 -1 -2  0 -2 -4 -4  0 -3 -5  5  0 -1 -5 -4 -4    3  16  16   0   5   2   0   6   0   0   0   5   0   0  37   8   2   0   0   0  0.81 0.32
  269 Y   -2  0  1 -3 -3  2 -2 -3  2 -3 -2 -2 -2  2 -3  3  0  4  4 -3    0   4   6   0   0  14   0   0   6   0   3   0   0   8   0  30   4   5  20   0  0.50 0.30
  270 F    2 -3 -3 -4 -2 -3 -3 -1 -2  2  0 -3  3  1 -1 -2 -2  4  3  1   27   0   0   0   0   0   0   5   0  13   6   0  10   4   3   0   0   6  15  11  0.33 0.22
  271 G    3 -3  0 -3  1 -1 -3  5  0 -4 -4 -2 -1 -3 -3  0 -1 -4  0 -3   26   0   4   0   4   3   0  46   2   0   0   0   1   0   0   7   4   0   4   0  0.66 0.30
  272 G    0 -3 -2 -1 -4 -3  0  5 -3 -5 -5 -1 -4 -5  1  1  0 -4 -4 -4    6   0   0   2   0   0   5  60   0   0   0   3   0   0   8  10   6   0   0   0  0.90 0.34
  273 G   -1 -3  1  1 -3 -2 -1  5 -2 -3 -3 -1 -3  1 -3  0 -1 -3 -2 -1    4   0   8  11   0   0   3  47   0   0   1   3   0   9   0   5   4   0   0   6  0.52 0.23
  274 M    0  1 -1 -1  0  3  0 -1  0 -2 -1  0  2  0 -2  0  3 -3 -2 -1    5   9   0   2   3  19   5   3   3   0   6   3   7   4   0   4  23   0   0   3  0.19 0.18
  275 K   -1  0  1  0 -3  2  0 -1  0  1  0  2  1 -1  0 -1  0 -3 -2 -1    2   3  10   7   0  11   3   3   2  16  10  16   6   2   4   0   4   0   0   2  0.10 0.12
  276 I    0 -4 -4 -4 -3 -3 -4 -4 -4  0  4 -3  1  1  3 -2 -1  1 -2  0    9   0   0   0   0   0   0   0   0   4  50   0   2   7  18   2   3   2   0   3  0.55 0.28
  277 T    2 -4 -4 -4  6 -1 -2 -3 -3 -2  0 -3 -2  3 -4  0  0  6  0 -1   20   0   0   0  21   3   2   0   0   0   9   0   0  14   0   9   4  11   3   4  0.60 0.31
  278 P   -3 -4  0 -3 -5 -1  1  1 -4 -5 -5 -3 -1 -2  7 -3 -1 -6 -5 -5    0   0   4   0   0   2   9  10   0   0   0   0   2   2  66   0   4   0   0   0  1.67 0.57
  279 N    0 -2  3  4 -4  0  2 -2 -2 -3 -1 -1  1  0 -1 -1  0 -4 -3 -3    7   0  19  28   0   2  13   1   0   0   6   3   5   6   3   0   6   0   0   0  0.42 0.26
  280 A    5 -3 -3 -3 -3  0 -1 -1 -3 -3 -1  0 -2 -3  0  1  0 -4 -1 -2   58   0   0   0   0   5   2   3   0   0   8   5   0   0   3   7   6   0   3   0  0.58 0.35
  281 I   -2  2  0  0 -3 -1 -1 -1  3 -1  1  1  0 -1 -3  1 -1 -3 -2 -1    0  16   5   5   0   0   3   3   8   2  21  11   3   2   0  16   0   0   0   4  0.16 0.17
  282 P   -1 -3 -2 -2  1 -2 -2 -4  3  3  1 -2  0  0  3 -2 -2 -3 -2  0    5   0   2   2   3   0   3   0  10  29  17   2   2   4  15   0   0   0   0   5  0.35 0.22
  283 G   -1  0  3  5 -4  0  0  0 -2 -4 -4 -2 -3 -4 -3  2 -1 -4 -4 -4    5   6  17  33   0   4   5   8   0   0   0   0   0   0   0  17   3   0   0   0  0.58 0.29
  284 N   -2 -4  1  8 -6 -3  1 -4 -4 -6 -6 -1 -6 -6 -4 -3 -4 -6 -1 -6    3   0   4  82   0   0   6   0   0   0   0   2   0   0   0   0   0   0   2   0  1.86 0.64
  285 G   -2 -4 -1 -4 -5 -1 -2  7 -4 -6 -6 -1  0 -6 -5 -2 -4 -5 -5 -6    0   0   3   0   0   2   2  84   0   0   0   4   2   0   0   2   0   0   0   0  1.67 0.57
  286 N   -2  0  0 -3 -3 -1 -1 -4 -1 -1  3 -1  0  1 -3  0  1 -2  3  0    0   6   4   0   0   3   3   0   1   0  41   3   1   4   0   6  11   0  12   4  0.29 0.22
  287 L   -1 -3 -4 -5 -3 -3 -4 -4 -4  2  4 -2  4  3 -3 -2 -1 -3 -2  0    4   0   0   0   0   0   0   0   0   8  49   2  15  12   1   3   3   0   0   2  0.64 0.32
  288 E   -2 -3  2  5 -5  2  3 -3  2 -5 -5 -2 -4 -5 -3 -1  0 -5 -4 -4    3   0   9  44   0   8  18   0   6   0   0   0   0   0   0   2   7   0   0   0  0.89 0.38
  289 V   -2 -4 -4 -4 -3 -3 -4 -4 -4  3  4 -4  1 -2 -2 -2  0 -4 -3  3    0   0   0   0   0   0   0   0   0  19  41   0   2   0   2   2   7   0   0  26  0.63 0.29
  290 V    0  1 -3 -3 -2 -2 -3 -3 -3  3  0 -2  0  2 -3  0  2 -3 -2  2    5  10   0   0   0   0   0   0   0  20   8   2   1  10   0   5  16   0   0  21  0.27 0.20
  291 V   -2 -3 -3 -1 -3 -3 -2  1 -3  4  1 -3  1 -1 -3 -3 -2 -3  0  2    1   0   0   5   0   0   2  12   0  39  14   0   2   2   0   1   0   0   3  17  0.43 0.24
  292 L    0 -3 -3 -3  0 -1 -3 -3 -3  2  2 -3  1  3 -1 -2  0 -2 -1  3   10   1   0   1   2   3   1   1   0   9  22   1   2  15   3   1   4   0   0  25  0.28 0.18
  293 Q   -2  2  0  1 -3  2  1 -2 -1 -3 -3  3 -2 -3  2  0  1 -3  0 -3    1  14   2   7   0   9   7   1   0   1   1  22   0   0  12   7   8   0   5   1  0.35 0.18
  294 N    1  0  2  1 -2 -1  0 -2  0 -1 -3  1 -2 -3  0  2  1 -3 -3 -2   16   3  14   8   0   0   3   1   2   6   1  11   0   0   5  22   6   0   0   1  0.25 0.17
  295 F    0  0 -2  1  3  2 -1  0  0 -1  0  0 -1  3  0 -1  0 -2  0 -2    9   6   0  10   9  11   1   6   2   3   7   4   0  18   5   1   5   0   2   0  0.13 0.15
  296 K   -1 -2  2  0  1  2  0 -2  1 -3 -2 -1 -2 -4  2  3  2 -4 -3 -1    1   0  12   4   3  14   5   1   3   0   2   2   0   0  11  25  14   0   0   3  0.36 0.23
  297 W   -1  2 -2 -2  0 -1 -2  1  0  0  1  0  1  0 -1  0 -1  1 -1 -1    3  13   1   1   3   1   1  13   3   7  19   8   5   4   3   9   2   2   0   3  0.07 0.09
  298 Y    1  0 -2 -1 -2 -2  0 -3  2  0  2 -2  0  2  0 -2  0 -2  0  0   12   5   1   3   0   1   6   1   7   2  32   1   2  10   5   1   5   0   2   4  0.15 0.14
  299 D    0  1  1  2 -3  1  3  0  1 -2 -3  1 -2 -3  0  0  0 -3 -2 -1    7   6   7  10   0   6  24   5   3   3   1  10   0   0   4   4   3   0   0   5  0.23 0.13
  300 F   -1 -2  0  0 -2 -1 -1 -1 -2  1  2  0  2  1 -2 -1  0 -2  0  0    4   0   4   7   0   0   4   6   0   6  23  10   7   9   0   4   5   0   2   8  0.06 0.09
  301 V   -1 -3 -3 -4  0 -1 -3 -1 -3  2  3 -3  3  0 -1 -2  0 -3 -1  2    5   0   0   0   2   3   0   5   0  10  34   0   9   2   4   0   5   0   2  17  0.30 0.19
  302 L   -1  0 -2 -2 -2  0 -2  0  2 -1  0  0 -1  0  1  1  0  3 -1  1    3   7   0   0   0   6   0  10   7   1  13   4   0   5   9  11   7   4   0  13  0.10 0.12
  303 K    0  0 -2 -2 -2  0  0 -1  1  1  1  0  0  1 -2  0  0 -2 -1  1    8   3   0   0   0   3   5   5   5  10  20   9   0   6   0   7   4   0   0  13  0.06 0.09
  304 L   -2 -3 -4 -4 -3 -2 -1 -2 -4  1  4  0  4  0 -4 -2 -2 -3 -3  1    2   0   0   0   0   0   6   3   0   4  46   7  15   2   0   2   1   0   0  10  0.49 0.28
  305 H    0  2 -1 -1  0 -1  0  0  0  0 -1  0 -1  1  1 -1  2 -3 -2  0    6  15   2   2   2   2   4   9   2   7   5   5   0   8   6   1  19   0   0   6  0.09 0.12
  306 K    0  0  1  2  0  1  1 -1 -2 -2  0  0  0 -3 -2  1  0 -3 -1 -2   10   3   7  13   3   5  10   3   0   0  12   7   4   0   0  15   6   0   3   0  0.14 0.13
  307 L    1 -3 -3 -3 -2 -1 -2 -3  0  1  2 -3  2 -2 -1  1  1 -1 -2  1   14   0   0   0   0   2   1   0   3   8  29   0   8   0   3  11   7   1   0  13  0.25 0.20
  308 Y    0 -1 -1  0 -3  1  0 -3 -2 -1  1 -1  3  2 -1  1  0 -3  0 -2    9   3   2   5   0   9   6   0   0   1  16   1  13  13   2  14   4   0   2   0  0.16 0.18
  309 N    0  1  2  0 -3  0  0  1 -2 -1 -2  2  2 -1 -3  0  1 -4 -3 -1    4  10  13   5   0   2   3  12   0   2   1  16   9   2   0   6   9   0   0   5  0.16 0.15
  310 G   -1 -3 -1 -2 -4  1 -3  5 -3 -2 -4  0  2 -4 -1 -1 -2  4  0 -4    3   0   3   2   0   7   0  56   0   3   0   5   6   0   3   2   2   6   3   0  0.79 0.35
  311 T   -1  0  1  1 -3  1  2  2 -2 -3 -2  0  0 -3 -1  1  0  3 -2 -3    4   4   7   6   0   6  17  16   0   0   5   6   4   0   3  11   7   5   0   0  0.22 0.15
  312 H   -1  0 -2 -1 -4  3  2  0  7  0 -3 -2 -3 -1  0 -2 -3 -3 -1 -2    4   3   0   3   0  13  12   8  36   6   1   1   0   3   4   1   1   0   0   3  0.65 0.32
  313 L    0 -1 -1 -1 -2  0  0 -1 -1  1  1  0  1  0 -2  0  0 -2  1  1    7   2   2   2   0   3   6   5   0   8  17   6   3   3   1   6   6   0   8  14  0.04 0.05
  314 S    1 -1  1 -1 -2  1  1  2  1 -2 -1  2 -1 -2 -2  1  1 -3 -1 -2   10   1   9   1   0   7   8  14   3   1   5  15   2   1   1  11  10   0   2   1  0.16 0.11
  315 V    0 -1  1  0  0  0  0  0  1  0  0  0  0  0  0  0  0 -2  0  0    3   1   9   6   2   2   5   8   5   8   9   9   3   5   5   9   3   0   3   4  0.02 0.03
  316 N   -2  0  2  3 -3  0  1 -1 -2 -2  0  0 -2 -1  3 -1 -2  0  0 -2    1   4  11  21   0   3  12   3   0   0  11   5   0   4  16   1   0   2   3   3  0.30 0.18
  317 N   -2  1  2 -1  1  1  1 -1  1  1 -1  1 -1  1 -1 -1 -1 -2  0  0    1   7  12   2   4   9   9   4   3  12   4  11   0   7   3   2   1   0   4   5  0.08 0.10
  318 V    0  0 -3 -3 -2 -1 -2 -3 -3  2  1 -1  1  1 -1  0 -1 -3 -1  3    6   5   0   0   0   2   1   1   0  13  11   4   3   5   3   9   2   0   2  32  0.20 0.15
  319 T    0 -2  0  2 -3  0  2  0  1  1 -1 -1 -1  0 -2  0  0 -3  0 -1    9   0   2  16   0   3  14   8   4  15   2   0   2   4   0   4   8   0   3   2  0.11 0.12
  320 S   -1 -3  0 -2 -3  0 -2  2  2 -1  0 -2  0  1 -3 -1  1 -2  4 -1    3   0   4   1   0   4   1  22   7   2   9   0   2   5   0   3  12   0  20   5  0.27 0.20
  321 R    0  3 -2 -2 -3  1  1 -3  1  0 -1  0 -2 -1 -3  1  1 -3  1  0    7  22   0   0   0   5  13   0   4   7   5   2   0   2   0  12   7   0   6   6  0.18 0.16
  322 S    1  3  0 -2 -3  1 -1 -1 -2 -3 -3  3 -2  0 -2  1  1 -3  1 -1   10  19   3   0   0   4   0   4   0   0   0  25   0   4   0  11   8   0   6   3  0.30 0.21
  323 V    2 -2 -2 -3 -2 -2 -2 -1 -2  2  1 -2  1  0 -2 -1  0 -2  0  3   20   1   1   1   0   1   1   3   0  12  14   1   3   4   1   3   6   0   3  26  0.21 0.14
  324 Q    0  2 -1 -1  0  1  1 -2  0 -1 -1  2 -1 -2  1  0 -1  2 -2 -1    9  16   2   2   2   4   8   1   2   3   8  21   0   1   8   4   2   4   1   3  0.19 0.12
  325 S    1  2  0 -1 -3  3  0 -2  3 -2 -2 -1 -2  0 -2  1  0  3 -1  0   15  16   3   3   0  17   3   1   8   1   1   1   0   4   1  10   4   5   0   7  0.25 0.18
  326 I   -1 -3 -3 -3  5 -3 -3 -3 -3  2  2 -3  0  2 -3 -1 -1 -2  2  2    3   1   1   1  14   1   1   1   0  17  22   1   2   8   1   4   3   0   7  15  0.34 0.17
  327 E    0  2  0 -1 -2 -1  0 -2  0  0 -2  1 -2 -2  3  2  0 -2  1 -1    5  11   4   3   0   1   5   1   2   6   2  10   0   1  16  19   3   0   6   3  0.23 0.14
  328 V   -1  0 -2 -2 -1  0  0  0 -2  1  0 -1 -1  1 -2  0 -1  6 -1  1    5   4   1   1   1   4   7   8   0   7   9   3   0   9   1   6   4  15   1  14  0.22 0.13
  329 E    0  0 -2 -1 -2 -1  1 -2  0  1  1  1  1 -1  0  0  0 -2 -1  2    5   4   1   1   0   1  14   1   3   9  12  10   3   2   4   5   5   0   1  20  0.08 0.09
  330 E   -2  1 -1  1 -3 -1  2 -3 -1 -2 -2  2 -1 -3  3  0  1 -3 -3 -1    1   8   0  10   0   0  19   1   2   1   4  15   2   0  13   9   8   0   0   7  0.30 0.18
  331 I   -1 -1 -4 -4 -3 -3 -2 -4 -4  5  1 -1 -1  2 -4 -2 -2 -3 -2  2    3   3   0   0   0   0   3   0   0  49  10   5   0  11   0   4   0   0   0   9  0.56 0.29
  332 T   -1  0  1  1 -3  1  1 -2  2  0 -1  0 -2 -2  0  0  2 -3 -1  0    2   6   7   9   0   7   6   1   6   6   3   6   0   0   3   7  20   0   2   6  0.15 0.13
  333 D    1 -2  1  1 -2  0  0 -2 -2 -2 -1  0 -2  1 -2  1  4 -3 -2  0   10   0   5   8   0   5   4   0   0   0   7   5   0   7   0  10  31   0   0   5  0.24 0.20
  334 S   -1  0  1  2  3  0  1  0  0 -3 -2  0 -2 -2  3  1  0 -3 -1 -2    3   3   5  11   7   2  10   6   3   0   3   7   0   1  15  16   6   0   2   1  0.24 0.15
  335 G   -1  0  0  1 -3  1  1  1  3 -2 -3  2 -3 -4  3  1  0 -4 -2 -3    3   3   5   8   0   5   8  10   9   4   0  17   0   0  14  11   3   0   0   0  0.30 0.17
  336 S    1 -1 -2  0 -3  0  1  2 -2 -3 -1  1  0 -3  3  1 -1 -4 -3 -2   11   2   0   5   0   2  12  15   0   0   6  13   3   0  17  11   2   0   0   2  0.29 0.17
  337 I   -2 -3 -3 -4 -3 -1 -2 -1  1  3  2 -1  4  1 -4 -2  0 -3 -2 -1    0   0   0   0   0   3   2   6   5  20  25   4  17   8   0   2   7   0   0   0  0.35 0.25
  338 Y   -1 -2  0  0 -3  0  0 -2 -3 -2 -3  1 -3 -3  5 -2  1 -4  0  1    3   0   4   4   0   5   4   2   0   0   1  12   0   0  35   0  11   0   5  11  0.62 0.28
  339 V   -2 -4 -4 -5 -3 -3 -2 -5 -4  2  2 -4  4  4 -4 -2 -3  5 -1  3    2   0   0   0   0   0   3   0   0  13  15   0  16  21   0   2   0   8   0  21  0.63 0.31
  340 Q    0 -2  5  3 -5  5 -1 -3  0 -5 -5 -2 -4 -5 -4 -1 -2 -5 -1 -2    8   0  35  18   0  29   0   0   2   0   0   0   0   0   0   4   0   0   2   2  0.91 0.45
  341 S   -1 -4 -4 -4 -3 -4 -2 -5 -4  3  3 -4  1 -2 -4 -1 -2 -4 -3  4    4   0   0   0   0   0   3   0   0  19  30   0   2   0   0   6   0   0   0  37  0.63 0.32
  342 D   -5 -5 -2  8 -7 -3 -2 -5 -4 -6 -7 -4 -6 -7 -5 -3 -4 -8 -6 -7    0   0   0 100   0   0   0   0   0   0   0   0   0   0   0   0   0   0   0   0  2.62 0.81
  343 G   -3 -5 -1 -4 -6 -5 -5  7 -5 -7 -7 -4 -6 -6 -5 -3 -4 -6 -6 -6    0   0   3   0   0   0   0  97   0   0   0   0   0   0   0   0   0   0   0   0  2.26 0.70
  344 E   -4 -3 -3  2 -7 -1  7 -5 -3 -6 -6 -2 -5 -6 -4 -3 -4 -6 -5 -6    0   0   0  10   0   0  90   0   0   0   0   0   0   0   0   0   0   0   0   0  2.03 0.73
  345 H   -2 -2 -4 -4 -4 -3 -3 -4 -1  2  0  0 -3 -1  6 -1 -3 -4  1  0    2   2   0   0   0   0   0   0   2  17   7   6   0   2  47   5   0   0   6   6  0.97 0.39
  346 L   -2 -3 -1 -4  3 -3 -2 -1 -3  1  2 -1  3  2 -4 -1 -2  6  2 -1    2   0   3   0   8   0   2   6   0   7  21   3  10   9   0   5   0  15   7   1  0.42 0.24
  347 G    0 -1 -1 -1  0  0  1  1  0 -1  0 -1  1 -1  2  0  0 -3 -2  0    5   3   2   2   2   4  13  13   2   3   8   2   7   3   9  10   6   0   0   6  0.08 0.08
  348 F    0  0  0 -1 -3  4  0  1  1 -2  0  0 -1 -1 -1  0  0 -3  0 -2    8   2   4   2   0  24   4  12   4   0  10   5   1   2   2   7   6   0   3   2  0.17 0.16
  349 L    0  1 -2 -1 -3  2  3  0  0 -3  0  0 -2 -3  0  0  2 -4 -3 -2   10   8   0   1   0   8  21   7   2   0  12   6   0   0   4   3  18   0   0   0  0.24 0.21
  350 P   -1 -1  0 -2 -5  0 -1 -4  2 -5 -5  2 -4 -6  7 -2 -1 -6 -5 -5    4   3   5   1   0   3   4   0   5   0   0  11   0   0  59   1   3   0   0   0  1.44 0.51
  351 R    0 -1 -3 -4  3 -1 -3  0 -3  1  1 -3  0  3 -3 -2 -1 -2 -1  1   10   5   0   0   8   3   0   9   0  11  16   0   2  20   0   2   4   0   0  12  0.22 0.17
  352 K   -2  3  0  0  1  2  2 -3  4 -2 -3  1  0 -4 -3  0  0 -4 -2 -2    0  23   5   3   3   8  18   0  13   3   0   5   4   0   0   6   7   0   0   2  0.41 0.25
  353 F   -1 -4 -5 -5  0 -4 -5 -2 -4  5  0 -4  3  4 -5 -4 -3 -3  0  2    4   0   0   0   2   0   0   3   0  42   6   0   8  23   0   0   0   0   3  10  0.74 0.34
  354 Q   -1  2 -2 -1 -4  3  4 -3 -2 -2 -1  2 -2 -4 -3  0 -2 -4 -3 -2    5  11   0   0   0  17  34   0   0   2   5  16   0   0   0   4   1   0   0   3  0.55 0.30
  355 V    0 -4  2 -4  4 -3 -4 -4 -4  3  1 -3 -1 -2 -4 -1 -2 -4 -3  3    9   0  11   0  11   0   0   0   0  24  11   0   0   0   0   3   0   0   0  31  0.53 0.29
  356 L   -1  0 -3 -1 -3 -1 -2 -4  3  1  3 -2  3 -2 -3  0 -2 -3 -2  1    3   6   0   3   0   2   1   0  11   9  41   0   9   0   0   8   0   0   0   7  0.33 0.21
  357 P    0  1 -1 -3 -5  0 -1 -4 -4 -5 -5 -1 -4 -5  7 -3 -3 -5 -2 -4    8   9   3   0   0   3   2   0   0   0   0   4   0   0  68   0   0   0   2   0  1.65 0.47
  358 G    1  2  2 -2 -3  2 -1  2 -1 -4 -4  3 -3 -4 -3  0  0 -4 -3 -3   14  12  13   0   0  13   0  19   1   0   0  21   0   0   0   4   4   0   0   0  0.41 0.21
  359 A    4  1 -3 -3  2 -2 -2 -2  4 -3  0 -2 -2 -3  0  0 -2 -4 -2 -2   52   8   0   0   6   0   0   0  12   0  11   0   0   0   4   6   0   0   0   0  0.51 0.27
  360 I   -3 -4 -5 -5 -3 -4 -5 -5 -5  5  4 -4  0 -1  0 -4 -2 -4 -3  1    0   0   0   0   0   0   0   0   0  42  49   0   0   0   4   0   0   0   0   5  0.87 0.31
  361 D   -2  3  2  1 -4  3  2 -3  1 -4 -4  1 -2 -4  0  0 -2 -4 -3 -4    0  23  11   9   0  22  11   0   4   0   0   8   0   0   4   9   0   0   0   0  0.50 0.20
  362 I   -2 -3 -4 -4 -2 -3 -4 -5 -4  3  3 -3  3  2 -4 -3 -2 -3 -2  3    0   0   0   0   0   0   0   0   0  21  29   0  11   8   0   0   0   0   0  31  0.57 0.20
  363 I   -2 -3 -3 -4  0 -3 -3 -4 -2  2  2 -1  0  4 -4 -3 -2 -1  3  1    0   0   0   0   2   0   0   0   0  14  24   6   0  28   0   0   0   0  12  13  0.41 0.14
  364 S    2 -2 -1 -2 -1 -1 -1 -1 -2 -2 -2 -1 -1 -3 -1  2  4 -3 -2 -1   28   0   0   0   0   0   0   0   0   0   0   0   0   0   0  20  51   0   0   0  0.46 0.10

                      K         Lambda
Standard Ungapped    0.1384     0.3202
Standard Gapped      0.0376     0.2670
PSI Ungapped         0.1230     0.3174
PSI Gapped           0.0376     0.2670
