
Last position-specific scoring matrix computed, weighted observed percentages rounded down, information per position, and relative weight of gapless real matches to pseudocounts
            A   R   N   D   C   Q   E   G   H   I   L   K   M   F   P   S   T   W   Y   V   A   R   N   D   C   Q   E   G   H   I   L   K   M   F   P   S   T   W   Y   V
    1 M    -2  -2  -3  -4  -2  -1  -3  -4  -3   1   1  -2   8  -1  -3  -2  -1  -2  -2   1    0   0   0   0   0   0   0   0   0   0   0   0  90   0   0   0   0   0   0  10  0.94 0.18
    2 A     3  -1  -2  -2  -1  -1  -1  -1  -2  -1   0   1   0   1  -2   1   1  -2  -1   0   42   0   0   0   0   0   0   0   0   0  12  13   0   9   0   9   8   0   0   7  0.15 0.05
    3 L     1  -2  -2  -3  -1  -2  -2  -3  -3   1   3  -2   1  -1   1   0   0  -3  -2   2   13   0   0   0   0   0   0   0   0   0  47   0   0   0   8   7   6   0   0  19  0.23 0.06
    4 R    -1   4  -1  -2  -3   0   0   0   2  -3  -3   4  -2  -3  -2   0  -1  -3  -2  -3    0  38   0   0   0   0   0   9   7   0   0  38   0   0   0   7   0   0   0   0  0.51 0.09
    5 R    -1   3   3  -1  -3   0   0  -2  -1  -2  -1   3  -1  -3  -2   0   2  -3  -2  -2    0  18  24   0   0   0   0   0   0   0   7  32   0   0   0   0  19   0   0   0  0.35 0.08
    6 L     0   0  -3  -3  -2  -2  -3  -3  -2   3   2  -2   2   3  -3  -2  -1  -2   0   1    9   8   0   0   0   0   0   0   0  32  21   0  10  17   0   0   0   0   0   0  0.22 0.06
    7 A     2  -2  -2  -2  -1  -1  -2  -2  -2   1   2  -2   2  -1  -2   1   1  -2  -2   0   23   0   0   0   0   0   0   0   0  12  25   0  12   0   0  14  11   0   0   0  0.16 0.06
    8 A     2  -2  -2  -2   1  -2  -2   1   1  -1  -2  -2  -1   1   2   1   0   4  -1   0   30   0   0   0   4   0   0   9   5   0   0   0   0  11  11  13   5   7   0   7  0.22 0.07
    9 L     0  -2  -3  -4  -2  -2  -3  -3  -3   1   2  -1   4   3  -3  -2   0  -2   0   2   10   0   0   0   0   0   0   0   0   0  27   3  19  16   0   0   4   0   0  20  0.27 0.09
   10 L     0  -2  -3  -3  -2  -2  -3  -3  -3   3   2  -1   1   2  -3  -1   0  -2  -1   2   10   0   0   0   0   0   0   0   0  29  25   3   0  10   0   4   6   0   0  12  0.23 0.07
   11 S     1  -2  -1  -2  -2   0  -1   0  -1   0  -1  -1  -1  -1   3   2   1  -2   2  -1   17   0   0   0   0   3   0   5   0   6   6   3   0   0  15  22  10   0  11   3  0.22 0.08
   12 L    -1  -3  -3  -3  -2  -2  -3  -3  -3   2   3  -3   2   2  -3   0  -1  -2   0   1    3   0   0   0   0   0   0   0   0  14  45   0   6  11   0   9   3   0   3   7  0.30 0.09
   13 A     2  -2  -2  -3  -2  -2  -2  -2  -2   1   2  -1   0   1   0   1  -1  -2  -1   1   24   0   0   0   0   0   0   0   0   8  27   4   0   9   3  14   0   0   0  12  0.15 0.07
   14 V     2  -2  -2  -2  -2  -2  -2  -1  -2   0   1  -2   1   2  -2   2   0  -2  -1   1   24   0   0   0   0   0   0   4   0   0  16   0   6  15   0  21   4   0   0  11  0.16 0.08
   15 L     0  -3  -3  -3  -2  -3  -3  -1  -3   1   3  -3   1   2  -3  -2   0  -2  -1   1   12   0   0   0   0   0   0   5   0   9  45   0   0  14   0   0   9   0   0   6  0.26 0.09
   16 L     0  -3  -4  -4  -2  -3  -3  -3  -3   2   3  -3   1   2  -3  -2  -1   3  -1   2   10   0   0   0   0   0   0   0   0  13  40   0   0  11   0   0   0   6   0  21  0.37 0.10
   17 S     2  -2  -1  -2  -2  -1  -1  -2  -2   1  -1   0  -1  -2  -2   3   2  -3   1   0   19   0   0   0   0   0   0   0   0  13   3   5   0   0   0  34  16   0   6   4  0.23 0.10
   18 A     1  -1  -1  -2   1   2  -1  -1  -2  -1   0  -1   1  -2   1   2   1  -3  -2   0   13   0   0   0   3  13   0   4   0   0   7   0   6   0   7  26  11   0   0   9  0.17 0.08
   19 G     2  -2  -1  -2   2  -2  -2   2  -2   0   1  -2  -1  -2  -2   1   1  -3  -2  -1   21   0   0   0   6   0   0  21   0   3  23   0   0   0   0  16   8   0   0   0  0.20 0.08
   20 L     0   0  -3  -3  -2  -2  -2  -3  -2   1   3  -2   0   2  -3  -1   1  -2   1   1    9   6   0   0   0   0   0   0   0   0  42   0   0   9   0   0  12   0   5  15  0.22 0.09
   21 A     2  -2  -2  -3  -2   0  -2  -2  -2  -1   1  -2  -1   1   3   0  -1   6  -1  -1   26   0   0   0   0   5   0   0   0   3  15   0   0   6  19   6   0  14   0   4  0.39 0.11
   22 A     3  -2  -2  -2  -2  -2  -2   1  -2  -1  -1  -1  -1   1  -2   0   2  -3  -2  -1   47   0   0   0   0   0   0  10   0   3   4   3   0   8   0   0  23   0   0   0  0.31 0.13
   23 V     0  -2   0  -1  -2  -1  -1  -2  -2   0   1  -2   0   0   3   0  -1  -2   0   1    8   0   4   4   0   0   4   1   0   0  25   0   3   3  20  10   0   0   4  12  0.21 0.06
   24 S     1   0   1   1  -2  -1  -1  -1  -1  -2  -1  -1  -1  -1   0   2   1  -3  -2  -1   16   7   6  11   0   0   1   1   0   1   8   1   0   3   4  31   9   0   0   1  0.18 0.07
   25 A     2  -1   0  -1  -2   1   0  -2  -1   0   0  -1   1   2  -2   0  -1  -2   1   0   30   0   4   3   0  11   4   0   0   4  11   0   5  12   0   8   0   0   4   4  0.10 0.07
   26 T     2   0   1   0  -2  -1   0   0   0  -2  -1   0  -1  -1   1   1   1   3  -1  -1   29   5   9   7   0   0   2   4   3   0   6   2   0   4   5   8  11   5   0   0  0.14 0.06
   27 S     2   1  -1   0  -2  -1  -1   1   0  -2  -1   0  -2  -3   0   3   0  -3  -2  -2   20   7   0   5   0   0   0  10   2   0   6   5   0   0   2  41   0   0   0   0  0.28 0.11
   28 Q     1   1  -1  -1  -2   1   0   1   1   0  -1   0  -1  -2  -2   2   0  -2  -1   0   15  12   0   0   0   8   4  10   5   8   3   0   0   0   0  21   6   0   2   5  0.11 0.05
   29 N     1  -1   3   2  -2   0   0  -1   3  -3  -3   1  -2  -3  -2   2   0  -3  -2  -2   12   1  21  13   0   0   3   1   9   1   1  12   0   0   1  23   1   0   0   1  0.31 0.10
   30 T     2  -1   1  -1  -2   1  -1   2  -2  -2  -2   2  -2  -3  -2   1   2  -3  -2  -2   25   0   6   0   0   5   1  18   0   0   1  16   0   0   0   8  16   0   0   1  0.26 0.09
   31 G     1  -2   0  -1  -2   0  -1   3   0  -2  -2  -1  -2  -3   1   2   2  -3  -2  -1   15   1   3   1   0   5   1  23   3   1   1   1   0   1   8  16  16   0   0   4  0.26 0.08
   32 D    -1  -1   5   3  -4   2   0   2  -1  -4  -4   0  -3  -4  -3  -1  -1  -4  -3  -3    5   0  41  15   0  15   4  14   0   0   0   3   0   0   0   0   0   0   0   0  0.59 0.18
   33 T    -2  -3  -1  -4  -2  -3  -3  -4  -4   4   2  -3   1  -1  -3  -2   1  -3  -2   3    0   0   4   0   0   0   0   0   0  33  21   0   3   0   0   0   9   0   0  31  0.48 0.17
   34 V     4  -3  -3  -3  -2  -2  -2  -2  -3   1   0  -2   3  -2  -2   0   1  -3  -3   2   49   0   0   0   0   0   0   0   0   7   4   0  13   0   0   2  11   0   0  14  0.40 0.18
   35 I    -1  -4  -3  -4  -2  -3  -4   1  -3   3   0  -3   0  -1  -3  -2  -1  -3   1   4    3   0   0   0   0   0   0  12   0  24   2   0   0   0   0   0   3   0   7  50  0.47 0.19
   36 I    -4  -4  -4  -5  -4  -3  -4  -5   0  -1  -3  -4  -3   3  -5  -4  -4   0   9  -3    0   0   0   0   0   0   0   0   0   3   0   0   0   6   0   0   0   0  91   0  2.05 0.44
   37 W    -5  -5  -6  -7  -5  -4  -5  -5  -4  -5  -4  -5  -4  -1  -6  -5  -5  12   2  -5    0   0   0   0   0   0   0   0   0   0   0   0   0   0   0   0   0  95   5   0  3.83 0.58
   38 G    -1  -3  -2  -3  -4  -3  -3   7  -3  -5  -5  -3  -4  -4  -3  -2  -3  -4  -4  -4    1   0   0   0   0   0   0  93   0   0   1   0   0   0   0   1   0   0   0   0  1.60 0.31
   39 R     0   3  -1  -2  -4   6   0  -3   3  -4  -3   0  -2  -4  -3   0  -2  -3  -2  -3    6  18   0   0   0  60   0   0   7   0   1   0   0   0   0   5   0   0   0   0  0.89 0.27
   40 N    -2   0   6   2  -4  -1   0   2   1  -4  -4  -1  -3  -4  -3  -1  -2  -4  -3  -4    0   4  61   8   0   0   6  14   3   0   1   0   0   0   0   0   0   0   0   0  0.86 0.23
   41 K     0   0  -1   0  -3  -1   0   4   0  -2  -3   1  -2   0   0   1  -1  -2   0  -1    3   5   0   6   0   0   4  36   3   0   1  12   0   7   3  11   0   0   3   5  0.26 0.10
   42 D     0  -2   3   4  -3  -1   0   2  -1  -3  -3  -1  -3  -3  -2   0   1  -3   1  -3    8   0  20  31   0   0   3  16   0   0   1   0   0   0   0   3   9   0   6   0  0.42 0.14
   43 E    -2  -1   1   0  -3   5   4   0  -1  -3  -3   1  -2  -4  -2  -1   0  -3  -2  -3    1   1   7   1   0  36  29   9   0   1   1   6   0   0   1   1   6   0   0   1  0.56 0.18
   44 G    -1  -1   1  -1  -3   3   0   4  -2  -3  -2   1  -2  -3   0  -1   0  -3  -3  -3    0   0   6   0   0  18   6  47   0   0   4   8   0   0   3   0   6   0   0   0  0.52 0.16
   45 S    -1   3   0   0  -2  -1  -1   0  -2  -3  -2   0  -2  -3  -2   3   2  -3  -2  -2    0  28   2   4   0   0   0   6   0   0   4   2   0   0   0  34  17   0   0   0  0.38 0.16
   46 L    -2  -3  -4  -4  -2  -3  -4  -4  -4   2   5  -3   1  -1  -4  -3   0  -3  -2   0    0   0   0   0   0   0   0   0   0   7  82   0   0   0   0   0   6   0   0   0  0.79 0.23
   47 R     2   2  -1   0  -2   0  -1   1  -2  -2  -2   1  -2  -3  -2   3   0  -3  -2  -1   20  13   0   6   0   2   0   8   0   2   1  10   0   0   0  30   4   0   0   3  0.25 0.11
   48 E     0  -1  -1   3  -2   1   2  -2   2  -2  -1  -1  -1   0  -2   1   0  -2   1  -2   11   0   0  20   0   7  15   0   9   0   8   0   0   4   0  11   7   0   5   0  0.20 0.09
   49 A     1   0  -2  -3  -2  -2  -2  -3  -1  -2  -2  -2  -2   3  -3   0   2  -1   5   0   13   7   0   0   0   0   0   0   0   0   1   0   0  11   0   6  20   0  33   6  0.41 0.17
   50 C    -2  -4   1  -4  10  -4  -4  -4  -4  -3  -1  -4  -3  -4  -4  -2  -2  -4  -4  -2    0   0   7   0  81   0   0   0   0   0   6   0   0   0   0   0   0   0   0   0  2.08 0.39
   51 D     0  -1   3   3  -3   3   2  -2  -1  -2  -3   0  -2  -3  -2   0  -1  -3  -3  -1    8   0  24  17   0  22  10   0   0   0   1   4   0   0   0   5   0   0   0   7  0.39 0.14
   52 A     0  -1   1   1  -2   0   1  -2  -2  -2  -1   0  -2  -3  -2   3   3  -3  -2  -2    3   0   8  10   0   3  11   0   0   0   6   3   0   0   0  29  23   0   0   0  0.30 0.13
   53 G     1  -2   1   0  -3  -2  -2   3  -2  -3  -4  -2  -3  -4  -2   3   2  -4  -3  -3   14   2   7   3   0   0   0  31   0   0   0   0   0   0   0  25  19   0   0   0  0.51 0.20
   54 R     1   1   3   1  -3   1   0   0  -1  -3  -2   1   0  -3   0   1   0  -4  -3  -2   12   9  17   9   0   7   3   4   0   0   4   9   4   0   3  14   5   0   0   0  0.21 0.10
   55 Y    -1  -4  -4  -5  -3  -3  -4  -4   1   1   0  -4  -2   2  -4  -3  -3   0   7   2    7   0   0   0   0   0   0   0   3   8   5   0   0   7   0   0   0   0  56  15  1.02 0.33
   56 T    -1  -2   4   5  -4  -1   0  -1  -2  -4  -4   0  -4  -5  -3   0   1  -5  -4  -4    5   0  21  47   0   2   2   2   0   0   0   5   0   0   0   6  11   0   0   0  0.77 0.26
   57 T     0  -4  -4  -4  -2  -3  -4  -4  -3   4   0  -3   1   0  -4  -2   1  -3   2   4    9   0   0   0   0   0   0   0   0  30   0   0   4   4   0   0   9   0   8  36  0.50 0.22
   58 V    -2  -4  -5  -5  -3  -4  -5  -5  -5   5   0  -4  -1   1  -4  -4  -2  -4  -2   5    0   0   0   0   0   0   0   0   0  42   4   0   0   7   0   0   0   0   0  47  0.96 0.32
   59 I    -2  -3   4   1  -3  -2  -2  -3  -2   3   0  -2  -1   0   1   0   0  -4  -2   1    0   0  25   9   0   0   0   0   0  26   9   0   0   4   8   6   3   0   0  10  0.30 0.18
   60 I    -1  -4  -4  -5  -2  -3  -4  -4  -4   4   3  -4   2  -1  -4  -3  -2  -3   1   2    6   0   0   0   0   0   0   0   0  33  39   0   3   0   0   0   0   0   5  15  0.61 0.23
   61 S     4  -3  -2  -3  -2  -2  -2   1  -3  -4  -4  -2  -3  -4  -3   5   0  -4  -4  -3   36   0   0   0   0   0   0  12   0   0   0   0   0   0   0  50   3   0   0   0  0.80 0.33
   62 F    -4  -5  -5  -6  -5  -5  -5  -5  -4  -3  -2  -5  -2   9  -6  -1  -4  -1   1  -3    0   0   0   0   0   0   0   0   0   0   0   0   0  95   0   5   0   0   0   0  2.22 0.55
   63 L     1  -3  -4  -4  -2  -3  -3  -4  -3   2   3  -3   2  -1   0  -3  -2  -3   1   2   12   0   0   0   0   0   0   0   0  10  45   0   7   0   6   0   0   0   5  16  0.45 0.20
   64 S    -1  -2   4   2  -3  -1   1  -2   2   0  -2   0  -2  -2  -3   1   0  -4   0   0    1   0  29  10   0   0   9   0   7   9   0   5   0   1   0  12   3   0   4  11  0.30 0.17
   65 A     0  -1  -1   1  -2   1  -1  -1   1   0  -1   1  -1  -2   0   1   1  -3   0   1    5   0   0   9   0   9   0   3   4   6   3  10   0   0   4  13  13   0   4  15  0.10 0.09
   66 F    -3  -4  -4  -1  -4  -4  -4  -4  -3   1   0  -4  -1   7  -5  -4  -3  -1   2   0    0   0   0   5   0   0   0   0   0   7   6   0   0  69   0   0   0   0   5   5  1.23 0.35
   67 G    -1  -2   2  -2  -3  -2  -2   5  -2  -4  -4  -1  -3   0   4   0  -2  -3  -3  -3    1   1  10   1   0   0   1  48   0   1   1   4   0   5  21   5   1   0   0   1  0.76 0.22
   68 Y    -1   0   4   0   1  -1  -1   0   3  -1  -2  -1  -1  -3   0   1   1  -3  -1  -1    1   5  30   4   4   0   3   7   9   5   1   0   2   0   5  11   8   0   2   3  0.25 0.14
   69 I     0  -1  -1   0  -2   0   0   2  -1   0   0  -1  -1   0   0   0   1   2  -1   0    8   1   1   6   0   5   5  17   1   3  11   4   1   5   4   6  10   4   1   8  0.06 0.03
   70 P    -1  -1   0   0  -3  -2  -2   4  -2  -1  -3  -2  -2  -3   4   0  -1  -3  -3  -2    1   4   4   6   0   1   1  41   0   4   1   1   0   1  20   8   4   0   1   1  0.55 0.16
   71 G    -1   1   0  -1  -4   2  -2   5  -2  -4  -2  -2  -3  -3   0  -1  -1  -3   0  -3    3   8   4   2   0  12   0  48   0   0   6   0   0   0   4   3   4   0   5   0  0.53 0.22
   72 T    -1   0   1  -2  -3  -2  -2  -3  -2   0  -1   0   1  -2   2   0   3   5   1  -1    1   5   8   0   0   0   0   0   0   8   3   7   5   0  10   4  30  11   4   3  0.33 0.18
   73 Y     0  -3  -3  -3  -4  -3  -3  -4  -3  -1  -1  -3  -3   2   6  -2   1  -3   3  -3    6   0   0   0   0   0   0   0   0   3   7   0   0   8  52   0   9   0  13   0  1.09 0.31
   74 K     1   0   1  -1  -2   1   0   0   1   0  -1   0  -1   0  -2   0   0   1  -1   0   12   2  11   0   0   9   8   9   3   5   6   5   0   5   0   7   5   2   0  10  0.06 0.06
   75 L    -2  -3   0  -3  -2  -2  -3   0  -2   1   2  -2   1   2   0  -1  -1   4   1   0    0   0   6   0   0   0   0  10   0   8  26   0   4  13   5   6   2   6   5   6  0.19 0.11
   76 D     0  -2   5   3  -4   0   1  -2  -2  -4  -4   0  -3  -4  -3   0   2  -5  -4  -3    7   0  41  18   0   3   9   0   0   0   0   5   0   0   0   4  12   0   0   0  0.67 0.26
   77 I    -3  -3  -1   0   2  -3  -3  -4  -3   2   2  -3  -1   4   1  -2   1  -2  -1  -1    0   0   4   6   6   0   0   0   0  13  24   0   0  29   9   0  10   0   0   0  0.39 0.20
   78 S     2  -2   1  -2  -3  -1  -1   3  -2  -3  -4  -2  -3  -3  -3   3   0  -3   2  -3   23   0   7   0   0   3   4  25   0   0   0   0   0   0   0  26   4   0   9   0  0.44 0.21
   79 G    -2  -3   5   1  -4  -2  -2   4  -2  -4  -2  -2   1  -4  -3  -1  -2  -4  -4  -4    0   0  42   7   0   0   0  40   0   0   4   0   5   0   0   2   0   0   0   0  0.86 0.26
   80 H     0  -1   1   1  -3   4  -1  -3   6  -3  -1  -1  -2  -3  -3  -1   1  -4  -1  -1    8   0   7   8   0  28   0   0  28   0   8   0   0   0   0   0   9   0   0   4  0.53 0.22
   81 Q    -1  -3   1   1   8   0  -2  -3   3  -3  -1  -3  -2  -3  -1  -1   1  -4  -3  -2    5   0   8  11  40   6   0   0   9   0   7   0   0   0   3   2   9   0   0   0  0.71 0.23
   82 V    -2  -3   0  -1   9  -3  -3   0  -4  -2   0  -1  -2  -3  -4   0  -2  -4  -4   0    0   0   6   5  52   0   0   8   0   0  10   5   0   0   0   7   0   0   0   8  0.98 0.27
   83 S     0  -1  -1  -2  -3   1   1  -3   2  -3  -3  -1  -2  -3   5   1   2  -4  -1  -1    5   3   1   0   0   9   8   0   6   0   0   0   0   0  29  15  16   0   2   5  0.52 0.17
   84 A     1  -1   0  -1  -2   3   1  -1   0  -2  -1   1  -1  -2  -2   2   0  -3  -2  -1   17   0   2   0   0  21   8   3   2   1   5   9   0   2   0  23   4   0   0   3  0.24 0.13
   85 V    -2  -3  -4  -4  -2   0  -3  -4  -4   4   2  -3   0   2  -4  -3  -2  -3  -1   3    0   0   0   0   0   7   0   0   0  34  20   0   0  12   0   0   0   0   0  27  0.52 0.18
   86 G     1   0  -1  -2  -2  -1   0   3  -2  -1  -2   1  -1  -3  -2   1   0  -3  -3   0   14   5   0   0   0   0   7  30   0   2   0  12   2   0   0  12   5   0   0  11  0.26 0.11
   87 P     2  -1   1   1  -2   1   2  -2  -2  -3  -3   0  -2  -3   0   2   2  -4  -3  -2   25   0   8   5   0   5  17   0   0   0   0   6   0   0   4  15  15   0   0   0  0.31 0.13
   88 D     0  -2   0   6  -4   2   2  -1  -2  -4  -4  -1  -3  -5   0   0  -2  -5  -4  -4   10   0   0  55   0  12  10   3   0   0   0   0   0   0   5   6   0   0   0   0  0.81 0.23
   89 I    -1  -4  -5  -5  -3  -4  -5  -5  -5   6   0  -4   0  -2  -4  -3  -2  -4  -3   3    5   0   0   0   0   0   0   0   0  79   2   0   0   0   0   0   0   0   0  13  1.06 0.29
   90 K     0   3  -1  -2  -4   1   1  -3   1  -4  -4   5  -3  -4   2  -1  -2  -4  -3  -3   10  13   2   0   0   5   7   0   3   0   0  51   0   0  11   0   0   0   0   0  0.63 0.20
   91 Y    -1   1   1  -1  -2   1   0  -2   3   0  -2   1   0  -1   0   1   1  -2   2  -1    3   7   6   2   0   5   5   0  10   6   0   8   5   0   5  11  15   0  10   3  0.14 0.08
   92 C    -2  -5  -4  -5  10  -4  -5  -5  -5  -2   1  -5  -2  -3  -5  -3   0  -4  -4  -2    0   0   0   0  74   0   0   0   0   0  19   0   0   0   0   0   7   0   0   0  1.96 0.39
   93 Q    -3   1   1  -2  -5   7   0  -4   3  -5  -4   1  -2  -5  -3  -2  -2  -4  -3  -4    0   5   5   0   0  78   0   0   7   0   0   6   0   0   0   0   0   0   0   0  1.35 0.37
   94 S     2   0   1   1  -2   1   0  -1  -2  -3  -3   0  -2  -4  -2   4   0  -4  -3  -2   21   4   5   7   0   8   3   2   0   1   0   3   0   0   0  46   0   0   0   0  0.43 0.18
   95 K     1   1   2  -1  -3   3   0  -2  -1  -2  -1   3   1  -3  -2   0  -1  -4  -3  -2   13   6  14   0   0  20   0   0   0   2   6  31   4   0   0   5   0   0   0   0  0.37 0.16
   96 G    -1  -3   0  -1  -4  -3  -3   6  -3  -5  -5  -3  -4  -4  -3  -2  -3  -4  -4  -4    1   0   5   3   0   0   0  86   0   0   1   0   0   0   0   0   0   0   0   0  1.41 0.28
   97 K     0   1  -3  -3  -3  -1  -2  -3  -3   3  -1   4  -1  -2  -3  -2  -2  -4  -3   3    6   5   0   0   0   0   0   0   0  27   0  35   0   0   0   0   0   0   0  27  0.42 0.19
   98 L    -1   0  -2  -2  -3  -1  -1  -3  -2  -3  -2   5  -2  -1   2  -1   3  -4  -3  -3    5   0   0   0   0   0   0   0   0   0   3  54   0   3  12   0  24   0   0   0  0.63 0.24
   99 I    -2  -4  -4  -5  -2  -4  -4  -5  -5   4   0  -4   1  -2  -4  -3  -2  -4  -3   6    0   0   0   0   0   0   0   0   0  24   0   0   3   0   0   0   0   0   0  73  0.99 0.28
  100 L    -2  -3  -3  -4  -2  -3  -3  -4  -3   2   4  -3   3   2  -4   0  -2  -2  -1   1    0   0   0   0   0   0   0   0   0  11  51   0  10  10   0  10   0   0   0   9  0.48 0.17
  101 L    -3  -4  -5  -5  -3  -3  -4  -5  -4   1   5  -4   3  -1  -4  -4  -2  -3  -2   1    0   0   0   0   0   0   0   0   0   5  83   0   8   0   0   0   0   0   0   5  0.97 0.26
  102 A     2  -3  -1  -2  -3  -2  -2  -2  -3  -4  -4  -2  -3  -4  -3   6   0  -5  -3  -3   12   0   0   0   0   0   0   0   0   0   0   0   0   0   0  88   0   0   0   0  1.16 0.35
  103 I    -2  -4  -4  -5  -2  -3  -4  -5  -4   4   4  -4   3  -1  -4  -4  -2  -3  -2   1    0   0   0   0   0   0   0   0   0  38  48   0   9   0   0   0   0   0   0   5  0.75 0.21
  104 G    -2  -4  -2  -3  -4  -4  -4   7  -4  -5  -2  -3  -4  -5  -4  -2  -3  -4  -5  -5    0   0   0   0   0   0   0  95   0   0   5   0   0   0   0   0   0   0   0   0  1.68 0.34
  105 G    -2  -4  -2  -3  -4  -4  -4   7  -4  -6  -6  -3  -5  -5  -4  -2  -3  -4  -5  -5    0   0   0   0   0   0   0 100   0   0   0   0   0   0   0   0   0   0   0   0  1.90 0.37
  106 Q     4  -2  -2   0  -3   2  -1   3  -2  -3  -3  -2  -2  -3   0  -1  -2  -3   1  -2   46   0   0   7   0  15   0  22   0   0   0   0   0   0   4   0   0   0   7   0  0.47 0.19
  107 G     2  -2   2   0  -2  -1  -1   2  -2  -1  -3   0  -2  -3  -1   1   2  -4  -3  -1   27   0  13   5   0   0   0  15   0   3   0   4   0   0   2  12  18   0   0   2  0.28 0.12
  108 G     1  -3  -2  -2  -3  -2  -2   5  -3  -2  -3  -1  -3  -3   1   0  -1  -3  -3   0   11   0   0   0   0   0   0  55   0   0   0   3   0   0   8   6   3   0   0  11  0.64 0.17
  109 E     0   0   1   2  -3  -1   0   1   3  -3  -3  -1  -2   0  -2   1   1   1  -1  -2    9   5   7  16   0   0   6  11  12   0   0   0   0   5   0  16   8   3   0   3  0.21 0.10
  110 Y    -1  -3  -3  -4  -3   0  -3  -2   0   2  -2  -3  -2   2  -3  -1  -2   0   7   0    6   0   0   0   0   4   0   3   0  16   1   0   0   4   0   3   0   0  55   5  0.79 0.23
  111 S     0  -2   1   1  -2   1   1   1  -2  -2  -2  -1  -2  -2  -2   3   0   1  -2  -1    1   0   5   7   0   7   7  13   0   0   3   0   0   2   0  44   3   3   0   5  0.31 0.14
  112 L    -1  -3  -4  -4  -2  -3  -3  -4  -3   1   4  -3   0   4  -3  -3  -1  -2   0   0    5   0   0   0   0   0   0   0   0   6  55   0   0  22   0   0   3   0   0   5  0.52 0.17
  113 P     0  -1   1   1   1   0  -1   1   0  -2  -2   0  -2  -3   3   2   1  -4  -3  -1    1   3   7   7   4   3   0  11   2   0   4   4   0   0  17  22   9   0   0   6  0.25 0.09
  114 S     0  -2   2   2  -3  -1  -1  -2  -2  -3  -4   1  -3  -4  -2   4   2  -4  -3  -3    3   0   8  10   0   0   0   0   0   0   0  11   0   0   0  55  13   0   0   0  0.59 0.22
  115 S     1   0   2   3  -2   1   1   0  -1  -1  -3  -1  -2  -3  -2   1   0  -4  -3   0   20   4  12  19   0   9   6   5   0   2   0   0   0   0   0  14   1   0   0   8  0.24 0.10
  116 Q     2   0   0   3  -3   2   1  -2  -2  -2  -3   1  -2  -3  -2   1   0  -4  -3  -1   20   3   1  24   0  13   8   0   0   0   0   8   0   0   0  11   5   0   0   7  0.30 0.12
  117 A     1  -1  -1   3  -3   2   1  -2  -1  -2  -3   0  -2   0  -2   2   0  -3   0  -1   11   0   0  19   0  16   9   0   0   0   0   5   0   7   0  21   2   0   4   6  0.26 0.13
  118 A     5   0  -2  -3  -2  -2  -2   2  -3  -3  -3   0  -2   1  -2   0  -1  -3  -2  -2   66   5   0   0   0   0   0  12   0   0   0   5   0   7   0   3   0   0   0   0  0.56 0.21
  119 V     0   0   0   1  -2   3   1  -2  -1  -1  -1   1  -1  -2  -2   1   1  -3  -2   1    6   3   2   8   0  19   5   1   0   0   6  11   0   0   0  12  10   0   0  14  0.16 0.09
  120 D     1   0   2   2  -3   3   0  -2  -1  -3  -3   1  -2  -3   1   0   0  -3  -1  -2   15   2  12  16   0  22   0   1   0   0   1  11   0   0   7   1   6   0   2   2  0.29 0.12
  121 L    -2  -3  -3  -3  -2  -3  -3  -2  -3   1   1  -3   0   6  -3  -1  -2  -1   1   1    1   0   0   0   0   0   0   3   0   9  15   0   0  47   0   7   0   0   0  14  0.53 0.17
  122 H     5  -2  -2  -2  -2  -2   0   0   1  -2  -2  -2  -2  -1  -2   1  -1  -3  -2   0   69   0   0   0   0   0   5   3   3   0   0   0   0   3   0   7   0   0   0   7  0.58 0.21
  123 D    -2  -1   3   4  -3   1   1  -1   0  -3  -3   0  -2  -1  -2   0  -1  -4  -2  -1    0   0  18  37   0   8   6   2   2   0   0   5   0   4   0   7   2   0   0   7  0.45 0.14
  124 H    -1  -2   1  -2  -3   2   0  -3   2  -2  -1  -1  -1   2  -2   1   2  -1   4  -2    0   0   6   0   0  12   5   0   6   0   3   0   0  12   0  11  22   0  20   0  0.32 0.14
  125 L    -2  -3  -4  -4  -2  -3  -3  -4  -4   3   4  -3   1  -1  -3  -1  -2  -3  -2   2    0   0   0   0   0   0   0   0   0  21  58   0   0   0   0   7   0   0   0  11  0.56 0.18
  126 W    -3  -3  -3  -3  -3  -2  -3  -3   1  -3  -2  -3  -2  -1  -3  -3  -3  11   0  -3    2   1   1   1   0   1   2   2   5   1   2   1   1   1   1   2   1  71   1   2  2.30 0.31
  127 Y    -1   0   5   2  -2  -1  -1   1  -1  -2  -2  -1  -2  -2  -2   0   0  -2   0  -2    5   4  42  13   1   1   2  11   1   1   2   2   1   1   1   2   6   0   4   2  0.39 0.11
  128 S     1  -1   2  -1  -1  -1  -1  -1  -1   0   0   0   0  -1  -1   1   1  -2   0   0   18   1  13   1   1   1   2   2   1  10  13   5   3   1   1  13   8   0   5   2  0.06 0.04
  129 Y    -2  -2  -2  -3  -2  -2  -2  -2   1  -1  -1  -2  -1   6  -2  -2  -2   0   4  -1    2   1   1   1   1   1   2   2   4   1   2   2   1  55   1   2   2   0  17   2  0.77 0.16
  130 L    -1  -2  -2  -2  -2  -2  -2   3  -2   0   2  -2   1   0  -2  -1  -1  -2  -1   1    2   1   1   1   0   1   1  32   0   1  32   1   4   4   1   2   1   0   1  13  0.25 0.09
  131 G     0  -2   2   0  -2  -1   1   4  -1  -3  -3  -1  -2  -3   2   1   0  -2  -2  -2    3   1  10   4   0   1  10  37   0   1   2   1   0   1  11  11   3   0   1   1  0.39 0.09
  132 G    -1  -2   1  -1  -2  -1   0   5  -2  -2  -3  -1  -2  -3   1   0  -1  -2  -2  -1    2   1   7   1   0   3   5  49   0   1   2   1   0   1   7   9   1   0   1   7  0.48 0.12
  133 R     0   2   0   0  -2   2   1  -1   0  -2  -1   1  -1  -2  -1   1   1  -2  -1  -1    8  11   2   3   0  14   8   4   3   1   7   8   0   1   1   9  14   0   1   3  0.13 0.05
  134 R     0   2   1   2  -2   0   0  -1  -1  -1  -2   1  -2  -2  -2   2   0   3  -2   0    3  13   8  14   0   1   3   3   0   1   1   9   0   1   1  23   1   5   0  14  0.17 0.09
  135 N     1  -1   1   1  -2   0   1  -1   1  -3  -3   1  -2  -3   3   2   0  -3  -2  -2   14   1   5   9   0   0   9   1   4   1   1   8   0   0  13  29   4   0   0   1  0.30 0.10
  136 G     0  -1  -1  -1  -2  -1  -1   2  -2   1  -2   0  -1  -2  -1   3   1   3  -2  -1    2   1   1   1   0   1   2  21   1  12   2   5   1   1   1  34   6   5   1   2  0.23 0.09
  137 V    -1  -1  -1  -1  -1  -1   0  -2  -1   1   1  -1   0  -1   1  -1   0   1  -1   2    3   2   4   2   1   2   6   3   1  11  16   2   1   2   8   3   5   3   1  25  0.08 0.03
  138 Y     0  -1  -1  -1  -2   0   0  -2   1   0   0   0   0   1   2   0   1  -1   1   0    5   1   1   3   1   4   7   2   3  11   9   8   1   6  11   2  15   0   8   2  0.08 0.04
  139 R    -2   7  -2  -2  -4   0  -1  -3  -2  -4  -3   1  -2  -3  -3   0  -2  -3  -3  -3    1  82   1   1   0   1   1   1   0   1   1   1   0   1   1   6   1   0   0   1  1.24 0.28
  140 P    -2  -2  -2  -2  -3   0  -2  -3  -3   0  -3  -2  -2  -3   7  -2   0  -3  -3  -2    1   1   1   1   0   5   1   1   0   7   1   1   0   1  69   1   6   0   1   1  1.48 0.24
  141 F    -2  -3  -3  -3  -2  -3  -3  -3  -2   1   2  -3   0   6  -3  -3  -2  -1   2   0    1   1   1   1   0   1   1   1   0   7  20   1   0  50   1   1   1   0   5   6  0.63 0.16
  142 G    -1  -2  -1   2  -3  -2   0   5  -2  -4  -4   0  -3  -4  -3   0  -2  -3  -2  -4    0   0   0  15   0   0   5  62   0   0   1   7   0   0   0   6   0   0   2   0  0.82 0.20
  143 D    -1  -1   1   5  -3   1   2  -2  -2  -3  -3   1  -3  -4  -2   1   0  -4  -3  -3    2   1   3  51   0   7   9   1   0   1   1   8   0   0   1   8   5   0   0   1  0.64 0.16
  144 A     4  -3   0  -3  -2  -2  -2  -2  -2  -2  -2  -2  -2  -1  -2  -1  -1  -2   4   1   57   0   5   0   0   0   0   0   0   0   0   0   0   0   0   0   0   0  22  12  0.57 0.22
  145 N     0  -2   1  -2  -2   0  -2  -1   2   1  -1  -1  -1  -1  -3  -1  -1   2  -1   4   10   0  10   0   0   5   0   5   7   3   0   4   0   3   0   3   0   3   0  46  0.21 0.14
  146 V    -2  -4  -4  -5  -2  -4  -4  -5  -4   2   3  -4   0   4  -4  -3  -2  -2  -1   3    0   0   0   0   0   0   0   0   0   9  39   0   0  20   0   0   0   0   0  32  0.60 0.19
  147 N    -4  -3   2   7  -5  -2   0  -3  -3  -5  -6  -2  -5  -5  -3  -2  -3  -6  -5  -5    0   0  11  89   0   0   0   0   0   0   0   0   0   0   0   0   0   0   0   0  1.74 0.37
  148 G    -2  -4  -2  -3  -4  -4  -4   7  -4  -6  -6  -3  -5  -5  -4  -2  -3  -4  -5  -5    0   0   0   0   0   0   0 100   0   0   0   0   0   0   0   0   0   0   0   0  1.90 0.37
  149 I    -2  -4  -4  -5  -3  -4  -4  -5  -4   4   1  -4   0   5  -4  -3  -2  -2   0   3    0   0   0   0   0   0   0   0   0  32   9   0   0  30   0   0   0   0   0  29  0.68 0.20
  150 D    -4  -3   0   8  -5  -2   0  -3   1  -5  -6  -3  -5  -5  -3  -2  -3  -6  -5  -5    0   0   0  96   0   0   0   0   4   0   0   0   0   0   0   0   0   0   0   0  1.88 0.40
  151 F    -3  -4  -5  -5  -3  -4  -5  -5  -3   3   2  -4   0   6  -5  -4  -3  -1   1  -1    0   0   0   0   0   0   0   0   0  27  18   0   0  56   0   0   0   0   0   0  1.01 0.26
  152 F    -3  -3   0   7  -5  -2   1  -3  -3  -4  -4  -2  -4   2  -3  -2  -3  -5  -3  -5    0   0   2  83   0   0   3   0   0   0   0   0   0  12   0   0   0   0   0   0  1.47 0.34
  153 I    -2  -3  -1  -4  -2  -3  -4  -4  -3   5   2  -3   0   2  -4  -3  -2  -2   2   1    0   0   4   0   0   0   0   0   0  59  13   0   0  11   0   0   0   0   7   4  0.59 0.19
  154 D    -2  -2   0   2  -5   1   6  -3  -2  -4  -4  -1  -3  -4  -2  -2  -2  -4  -3  -4    0   0   4   9   0   4  79   0   0   0   0   0   0   0   0   0   0   0   0   0  1.18 0.30
  155 Q     1  -1   1  -2  -3   2  -1   2   4  -3  -1   1  -2  -1  -2   0   0  -3  -1  -2   14   0   6   0   0  14   0  18  17   0   7  10   0   3   0   6   4   0   0   0  0.23 0.11
  156 G    -1  -3   2  -2  -3  -2  -2   5  -2  -4  -4  -1  -3  -1   0   0   1  -3  -3  -3    0   0  14   0   0   0   0  58   0   0   0   2   0   3   4   5  11   0   0   0  0.75 0.19
  157 A     1  -2   0   2  -2  -1  -1   2  -2  -2  -2  -1  -2  -3  -2   2   2   0  -2   0   13   0   2  14   0   2   0  17   0   0   3   0   0   0   0  24  14   2   0   7  0.24 0.10
  158 R     0  -1   1   0  -2   0  -1   2  -2  -2  -2  -1   0  -3   3   2   1  -3  -2  -2    5   4   6   5   0   2   2  20   0   0   4   1   5   0  16  20   9   0   0   1  0.29 0.09
  159 E    -1  -1   2   2  -2   1   1  -2  -1  -2  -1   0  -2   1   0   0   2  -2  -1  -1    3   2  14  14   0   9   9   1   0   0   4   3   0  10   5   1  22   0   0   3  0.21 0.10
  160 H    -1  -1   2  -2  -3  -1  -2   3   4  -3  -2  -1   0   1  -2   0   1  -2   1  -2    4   3  11   0   0   0   1  28  17   0   1   0   3  10   0   4  12   0   4   1  0.31 0.12
  161 Y    -3  -3  -3  -4  -3   1  -3  -4  -1  -3  -2  -3  -2   3  -4  -2   0   6   7  -2    1   0   0   0   0   8   1   1   0   0   1   0   0  10   0   1   8  14  53   1  1.13 0.26
  162 N     2  -2   1   4  -3   0   0  -2  -2  -2  -2  -1  -2  -3   2   1   0  -4  -3  -2   27   0   6  30   0   3   2   0   0   2   4   0   0   0  13   8   5   0   0   1  0.40 0.15
  163 E     1   0   2   2  -3   0   2  -2  -1  -1  -2   1  -2  -2  -2   0   0  -3   0   0   19   5  16  13   0   0  19   0   0   2   0   7   0   0   0   0   6   0   5   9  0.22 0.11
  164 L    -2  -3  -4  -4   3  -1  -4  -4  -3   2   4  -3   4   2  -4  -3  -2  -2   1   0    0   0   0   0   7   3   0   0   0   9  51   0  18   8   0   0   0   0   5   0  0.58 0.19
  165 A     4  -3  -3  -3  -2  -2  -2  -2  -3   2   0  -1  -1  -2   0  -1  -1  -4  -3   2   49   0   0   0   0   0   0   0   0  12   7   5   0   0   5   0   2   0   0  21  0.38 0.17
  166 K     0   4   2  -1  -3   0   1   0  -1  -3  -2   2  -2  -4  -2  -1   1  -4  -3  -3   10  30  16   0   0   2  11   7   0   0   3  12   0   0   0   0   9   0   0   0  0.36 0.14
  167 M     1   2   0  -2  -2   2   1  -2  -1   0  -1   0   1   0  -2  -1   1  -2   1   0   13  13   3   0   0  12  11   0   0   6   5   5   7   3   0   0  12   0   6   5  0.12 0.08
  168 L    -2  -3  -4  -4  -2  -3  -4   0  -4   2   4  -3   1   1  -4  -3  -2  -3  -2   1    0   0   0   0   0   0   0   8   0  11  67   0   0   7   0   0   0   0   0   5  0.58 0.19
  169 Y     0   3   2   2  -3   0   0  -2  -1  -3  -3   1  -2   0  -2   1  -1  -2   3  -2    8  24  11  14   0   0   4   1   0   0   1   8   0   4   0  10   0   0  13   1  0.27 0.11
  170 D     0   0   1   1  -2   2   1   2  -1   0  -2   1  -1  -3  -2   0   0  -3  -2  -1   10   4   7   7   0  13   6  19   0   9   1  11   0   0   1   5   4   0   0   1  0.17 0.06
  171 H     0  -1  -2  -3  -2  -2  -2  -1   3   1   1  -2   0   2  -3  -2  -1  -1   3   1   10   5   0   0   0   0   1   6   9  12  11   0   0  12   0   1   0   0  14  16  0.16 0.09
  172 N     0   0   3  -1  -2   0   0  -1  -1  -2  -1   2  -1   0  -2   1   1  -3  -2  -2    4   1  24   1   0   1   5   4   0   1   7  23   0   6   1   8  12   0   0   1  0.21 0.10
  173 K     1   1   0   1  -2   1   0  -2   0  -1  -1   1  -1   3  -2   1  -1  -2   0  -1   16   7   2   9   0   6   5   1   2   3   3  13   0  19   0  10   2   0   0   0  0.12 0.07
  174 D     0   1  -1   0  -2   4   0  -1   1  -1   1   0   1  -1  -2  -1  -1  -2   0  -1    9   8   1   7   0  31   1   3   5   1  17   1   3   2   1   1   1   0   3   5  0.19 0.11
  175 Y    -1   0  -1  -2  -2   0   0   0  -1  -2  -1   2   1  -1   2   0   0  -1   3  -1    3   1   1   1   0   2   4   9   0   1   4  25   7   1   9   4   6   0  18   3  0.19 0.09
  176 R     0   3   2   2  -3   1   0  -1  -1  -2  -2   2  -2  -3   1   0  -1  -3  -2  -1    6  21  10  15   0   5   4   4   0   1   1  13   0   0   7   5   2   0   0   5  0.24 0.08
  177 A     1   0   1   0  -2  -1  -1   1  -1  -2  -2   0  -2   1   2   1   1  -2   1  -2   15   6   7   6   0   1   1   9   0   1   1   4   0   8  12  15   8   0   5   1  0.17 0.06
  178 T     0   0   1   0  -2   0   1   2  -1  -2  -2   0  -2  -3  -2   2   1  -3  -2  -2    6   6   7   3   0   2  11  19   0   1   3   2   0   1   1  24  12   0   0   1  0.23 0.08
  179 V     0   1   0  -1  -2   0  -1  -1  -1  -1  -2   3  -1   0   1   0   0  -2  -1   0    7  10   6   1   0   3   1   3   0   1   1  27   0   7   6   9   4   0   1  13  0.13 0.07
  180 G    -1   0   2  -1  -3   0  -1   2   0  -2  -2   2  -2   0   1   0   1  -3  -2  -1    1   3  16   0   0   4   1  17   2   0   1  22   0   5   7   2  12   0   0   7  0.20 0.10
  181 V    -2  -3  -3  -4  -3  -3  -3  -4  -1   0   0  -3  -1   5  -3  -1  -2   0   5   2    0   0   0   0   0   0   0   0   0   2   6   0   0  32   0   7   0   0  25  24  0.59 0.18
  182 M    -2  -1  -3  -4  -3  -2  -3  -4   3   1   2  -3   1   2  -3  -3  -2   0   6   0    0   3   0   0   0   0   0   0   8   7  20   0   3   8   0   0   0   0  41   5  0.60 0.18
  183 V    -2  -4  -5  -5  -2  -4  -4  -5  -4   4   4  -4   1   0  -4  -4  -2  -3  -2   2    0   0   0   0   0   0   0   0   0  26  62   0   0   3   0   0   0   0   0  10  0.75 0.21
  184 T    -1  -2  -1  -2  -2  -2  -2   0  -3  -2  -3  -2  -2  -4  -2   4   5  -4  -3   0    0   0   0   0   0   0   0   6   0   0   0   0   0   0   0  37  52   0   0   5  0.77 0.27
  185 A     5  -3  -3  -3  -2  -2  -2   0  -3   0  -2  -2   3  -3  -2  -1   0  -4  -3  -1   71   0   0   0   0   0   0   7   0   7   0   0  11   0   0   0   5   0   0   0  0.69 0.26
  186 T     6  -3  -3  -3  -2  -2  -2  -2  -3  -3  -3  -2  -3  -4  -2   0   2  -4  -3  -2   88   0   0   0   0   0   0   0   0   0   0   0   0   0   0   0  12   0   0   0  1.07 0.32
  187 T    -3  -4  -4  -3  -4  -3  -3  -4  -4  -3  -2  -3  -3  -5   8  -2   0  -5  -4  -1    0   0   0   0   0   0   0   0   0   0   5   0   0   0  83   0   6   0   0   6  2.06 0.37
  188 R    -2   3  -1  -1  -4   6   3  -1  -1  -4  -3   0  -2  -4  -2  -1  -1  -3  -3  -3    1  17   0   0   0  49  21   5   0   0   1   0   0   0   0   0   4   0   0   0  0.79 0.24
  189 C     0  -4  -3  -4  10  -4  -4  -3  -4  -3  -3  -4  -3   0  -4  -2   2  -3  -3  -2    6   0   0   0  68   0   0   0   0   0   1   0   0   5   0   0  16   0   0   0  1.66 0.33
  190 G     1  -2   0  -2  -3   0  -2   0  -2  -1  -1  -2   0  -1   6   0  -1  -3  -3  -1   14   0   5   0   0   5   0   7   0   5   5   0   4   3  42   5   0   0   0   3  0.66 0.15
  191 Y    -3  -3  -4  -4  -3  -3  -4  -4   0   1   0  -3   2   5  -4  -1  -3   0   6   0    0   0   0   0   0   0   0   0   2  12   4   0   7  24   0   4   0   0  44   3  0.87 0.24
  192 P    -3  -4  -4   0  -4  -3  -3  -4  -4  -3  -4  -3  -4  -5   8  -3  -3  -6  -5   1    0   0   0   7   0   0   0   0   0   0   0   0   0   0  83   0   0   0   0  11  2.08 0.38
  193 D    -3  -3  -1   7  -5   0   0  -1  -3  -4  -5  -2  -4  -5  -1  -2   0   3  -4  -4    0   0   0  74   0   5   3   5   0   0   0   0   0   0   3   0   6   5   0   0  1.18 0.29
  194 H     3   0  -2  -2  -3   0   1   1   3  -3  -2   1  -2  -3   3   0  -1  -4  -2  -2   34   3   0   0   0   4   8  11   9   0   3  10   0   0  14   2   1   0   0   0  0.33 0.13
  195 R     1   1   0  -2  -2   2  -1  -1   2   1  -1  -1  -1  -1  -2   1   0   0   2  -1   12   9   5   0   0  13   0   5   9  16   3   0   0   0   0  13   3   1  10   1  0.12 0.10
  196 L    -2  -3  -2  -4  -2  -3  -3  -4  -2   2   3  -3   2   0  -2  -3  -2  -2   3   2    0   0   3   0   0   0   0   0   0  11  41   0   8   0   2   0   0   0  14  18  0.41 0.15
  197 D    -1  -1   0   2  -3   1   1   3  -2  -3  -2   1  -2  -4  -2   1   0  -4  -3  -3    0   0   3  13   0   7  11  32   0   0   5  12   0   0   0  10   8   0   0   0  0.35 0.12
  198 E     0   0   1   1  -2   0   0   0   0  -2  -3   1  -2  -3   2   1   2  -4  -2  -1    6   3   6   9   0   0   6   8   2   0   0  15   0   0  10  14  15   0   0   5  0.22 0.08
  199 A     3  -3  -3  -3  -2  -2  -2  -2   2   0   1  -2   0  -1  -3  -1  -1  -2   3   2   42   0   0   0   0   0   0   0   7   3  14   0   3   0   0   0   0   0  16  16  0.35 0.17
  200 L    -1  -3  -3   0  -2  -3  -3  -4  -3   4   3  -3   1  -1  -3  -2   0  -3   1   1    6   0   0   9   0   0   0   0   0  40  32   0   2   0   0   0   5   0   7   0  0.40 0.17
  201 A     1  -1   2   2  -3   2   1  -2   1  -2  -3   1  -2  -2  -2   1   0  -3  -2   0   12   0  12  16   0  13   5   0   5   0   0   7   0   2   0  15   5   0   0   9  0.22 0.10
  202 T     1  -2   3  -1   1   1   0  -1  -2  -3  -3  -1  -2  -4  -2   1   4  -4  -3  -2   16   0  22   0   4   6   3   3   0   0   0   2   0   0   0  10  35   0   0   0  0.43 0.18
  203 G     1   0   1   0  -3  -1  -1   4   2  -2  -2   0  -2  -3  -2   1  -1  -3  -2  -1    9   6   8   5   0   2   0  35   7   0   5   5   0   0   0  11   0   0   0   8  0.29 0.11
  204 L     0   1  -1  -1  -2   1   0  -2   1   0   1   0   0  -1   1   0  -1  -2   0   0    6  13   0   4   0   7   7   2   4   3  23   5   0   0   6   6   0   0   5  10  0.07 0.06
  205 F    -3  -4  -1  -4  -3  -4  -4  -4  -3   2   2  -4   1   6  -5  -3  -3  -1   2  -1    0   0   5   0   0   0   0   0   0  13  20   0   3  55   0   0   0   0   5   0  0.86 0.24
  206 H    -2  -3  -1   7  -5  -2   1  -3   1  -5  -5  -2  -4  -5  -3  -2  -3   4  -4  -5    2   0   0  82   0   0   6   0   3   0   0   0   0   0   0   0   0   6   0   0  1.49 0.34
  207 R    -2   1  -2  -4  -4  -2  -3  -4   1  -2   0  -2  -2   4  -4  -2  -3   6   6  -2    3  12   2   0   0   0   0   0   3   1   9   0   0  23   0   2   0  13  33   0  0.79 0.22
  208 I     0  -3  -4  -4  -2  -3  -4  -4  -4   4   2  -3   0  -1  -3  -3  -1  -3  -2   4   10   0   0   0   0   0   0   0   0  27  25   0   0   0   0   0   0   0   0  38  0.55 0.18
  209 H     0  -2   3  -3  -4   1  -2  -3   4  -3  -3  -2  -2   3  -4  -1  -2   8   1  -3    9   0  17   0   0   7   0   0  16   0   0   0   0  18   0   3   0  26   3   0  0.86 0.24
  210 V    -2  -4  -1  -4  -2  -3  -4  -4  -4   3   0  -3   2   1   0  -3  -1  -4  -2   5    0   0   5   0   0   0   0   0   0  24   0   0   6   7   5   0   0   0   0  54  0.59 0.21
  211 K    -3   2  -2  -2  -5   7   0  -4   1  -5  -4   1  -2  -5   0  -2  -2  -4  -3  -4    0  13   0   0   0  76   0   0   3   0   0   3   0   0   5   0   0   0   0   0  1.31 0.36
  212 M    -3  -4  -4  -5  -4  -4  -4  -4   1  -1   1  -4   2   7  -5  -3   0  -1   4  -2    0   0   0   0   0   0   0   0   5   0   9   0   6  61   0   0   7   0  13   0  1.04 0.27
  213 F    -4  -4  -4  -5  -5  -4  -4  -5   0  -3  -3  -4  -3   3  -5  -4  -4   0   9  -3    0   0   0   0   0   0   0   0   0   0   0   0   0   9   0   0   0   0  91   0  2.16 0.44
  214 S    -3  -2   7   0  -4  -2  -2   0  -1  -5  -5  -2  -4  -4  -4   0  -2  -4   1  -4    0   0  77   3   0   0   0   7   0   0   0   0   0   0   0   6   0   0   7   0  1.25 0.33
  215 D    -2  -2   5   3  -3   0  -1   0  -2  -4  -4  -2  -3  -4  -3   1   3  -4  -3  -3    0   0  40  16   0   5   0   6   0   0   0   0   0   0   0   7  26   0   0   0  0.67 0.22
  216 G     1   0   0   0  -2  -1  -1   3  -2  -3  -3   0  -2  -3   4  -1  -1  -3  -3  -2   18   4   4   4   0   1   4  26   0   1   1   4   0   1  26   1   1   0   0   3  0.48 0.12
  217 R    -1   1   0  -2   0   0   0   2  -1  -3  -3  -1  -2   1   3   1   0   2   2  -3    2  10   4   0   2   6   6  20   0   0   0   0   0   6  14  13   3   4  11   0  0.26 0.11
  218 C    -2  -4  -3  -1  10  -4  -1  -1  -4  -3  -1  -4  -3  -4  -4  -1   1  -4  -4  -3    0   0   0   5  70   0   5   4   0   0   4   0   0   0   0   2  10   0   0   0  1.68 0.37
  219 P     0  -2   3  -1   1   3   0   0  -2  -3  -3  -1  -2  -4   1   3   0  -4  -3  -2    5   0  17   0   4  18   2   7   0   0   0   0   0   0   6  36   3   0   0   2  0.42 0.18
  220 A     2  -3  -2  -3  -2  -1  -2   2  -2   0   0  -2   0   0  -3   0  -1  -1   3   1   21   0   0   0   0   4   0  18   0   6  10   0   3   2   0   4   0   0  19  13  0.22 0.12
  221 W     0  -1   1   1  -2  -1   0   1  -1  -2  -1   0  -1   1  -2   1   1   4  -1  -2    8   0   8  10   0   0   7  10   0   0   6   5   2   7   0  17   9   8   0   1  0.16 0.07
  222 S    -1  -1   3   1  -3   2  -1   1  -1  -3  -2   0  -2  -3  -2   3   1  -4  -3  -3    0   0  21   5   0  11   0  10   0   0   4   3   0   0   0  38   5   0   0   0  0.41 0.17
  223 R     0   1   0  -1  -2   0   0   3  -2  -1  -2   0  -2   0   0   1   0  -3  -2   0    3  10   4   0   0   2   6  27   0   2   2   3   0   7   3  14   5   0   0  10  0.16 0.08
  224 R     0   0   2  -1  -3   2  -1   2  -1  -1  -1  -1   0  -2  -1   1   0   3  -2  -1    8   6  15   0   0  14   0  16   0   1   8   0   3   0   3  10   4   6   0   5  0.17 0.10
  225 Q    -1  -2   2   1  -3   0   0   1  -1  -2  -2   0  -2   4  -3   0  -1  -1   3  -3    3   0  13  11   0   3   5  11   0   0   0   7   0  29   0   6   3   0  10   0  0.29 0.13
  226 S     0  -2   4  -1  -3   0   0  -2  -1  -3  -3  -1  -3  -2  -3   2   2  -3   3  -3    9   0  34   0   0   3   5   0   0   0   0   0   0   0   0  21  15   0  13   0  0.49 0.20
  227 F    -3  -4  -4  -5  -4  -4  -4  -1  -3   0  -2  -4  -2   5  -5  -1  -3   9   3   1    0   0   0   0   0   0   0   5   0   5   0   0   0  26   0   4   0  40   7  13  1.35 0.30
  228 E    -1  -1   4   4  -4  -1   2  -1  -1  -3  -2   1   0  -4  -3  -1   0  -4  -3  -3    3   0  25  28   0   0  19   4   0   0   4   8   5   0   0   0   5   0   0   0  0.50 0.17
  229 K     1   0   2   1  -3   1   1   0  -1  -3  -3   2  -2  -3   0   1   2  -4  -3  -2   11   3  10   6   0   9   7   6   0   0   0  18   0   0   4  10  15   0   0   0  0.25 0.10
  230 W    -4  -4  -5  -6  -5   1  -4  -5  -4  -4  -4   0  -3   3  -5  -4  -4  12   0  -5    0   0   0   0   0   7   0   0   0   0   0   8   0  11   0   0   0  75   0   0  2.79 0.49
  231 A     1  -2  -2  -2  -2  -2  -2  -2  -3   0  -1   0  -1   0  -2   2   3  -3  -2   2   13   0   0   0   0   0   0   0   0   0   4   5   0   4   0  15  30   0   0  27  0.30 0.16
  232 K     2   0   1  -1  -2   0   0  -1  -2  -3  -3   2  -2  -3  -2   3   1  -3  -3  -2   25   2   6   2   0   3   3   0   0   0   0  19   0   0   0  33   5   0   0   0  0.36 0.15
  233 T     2   0   1  -2  -2   1  -1   1  -1  -3  -3  -1  -2   0   1   2   1  -2   2  -2   21   3   9   0   0  11   0   9   0   0   0   0   0   3   7  16   8   0  12   0  0.24 0.12
  234 Y    -1  -2   2  -2  -2  -2  -2  -3  -1   2   0  -1  -1   1  -3   0   1  -1   4   0    4   0  18   0   0   0   0   0   0  22   9   2   0   5   0   8   8   0  21   2  0.24 0.14
  235 P    -1   1  -1  -2  -4   1  -2  -1   2  -4  -4   1  -3  -4   6  -1   0  -4  -3  -3    5   9   3   0   0   6   0   4   7   0   0   9   0   0  50   2   5   0   0   0  0.99 0.23
  236 Q     2   0   3   1  -3   0  -1   2  -1  -3  -2  -1  -2  -3   1   0  -1  -3   1  -3   20   4  25  10   0   3   0  15   0   0   2   0   0   0   6   6   2   0   6   0  0.30 0.13
  237 S     1  -2   0   2  -2  -1  -1   2  -2  -1  -3   0  -2  -3   0   1   1  -4  -3  -1   14   0   4  19   0   2   0  16   0   4   0   8   0   0   3  16   9   0   0   6  0.22 0.10
  238 R    -2   2  -2  -2  -5   3  -1  -2   1  -4  -4   6  -3  -5  -3   0  -2  -4  -3  -4    0   7   0   0   0  13   0   2   3   0   0  71   0   0   0   4   0   0   0   0  1.00 0.30
  239 V    -2  -3  -4  -4  -2   0  -3  -4  -4   3   3  -3   0   1  -4  -2  -2  -3  -2   3    0   0   0   0   0   6   0   0   0  19  43   0   0   5   0   2   0   0   0  24  0.49 0.17
  240 L    -1  -3  -4  -5  -3  -3  -4  -4  -2  -1   2  -3   2   5  -4  -3  -2  -1   5   1    4   0   0   0   0   0   0   0   0   0  18   0   8  33   0   0   0   0  26  11  0.71 0.21
  241 I    -2  -3  -4  -4  -2  -3  -4  -4  -3   4   3  -3   1   0   0  -3  -2  -3   0   3    0   0   0   0   0   0   0   0   0  29  28   0   3   3   6   0   0   0   4  26  0.49 0.16
  242 G     0  -3  -2  -3  -4  -3  -1   6  -3  -5  -5  -3  -4  -5  -3   0   0  -4  -4  -4    5   0   0   0   0   0   4  80   0   0   0   0   0   0   0   7   5   0   0   0  1.26 0.29
  243 V     0  -3  -4  -5  -2  -3  -4  -4  -4   1   4  -3   0   1  -4  -3  -2  -3  -2   3    7   0   0   0   0   0   0   0   0   5  57   0   0   7   0   0   0   0   0  25  0.59 0.20
  244 V     0  -3  -3  -3  -3  -3  -3  -3  -3  -2  -1  -2  -3  -4   7  -2  -1  -4  -4   1    6   0   0   0   0   0   0   0   0   0   5   0   0   0  68   0   4   0   0  13  1.48 0.28
  245 A     5  -3  -2  -3  -2  -2  -2   2  -3  -3  -3  -2  -2  -3  -2   0  -2  -4  -3  -2   76   0   0   0   0   0   0  18   0   0   1   0   0   0   0   0   0   0   0   0  0.87 0.27
  246 S     1  -2   1   0   2   1  -1   0   1  -3  -3  -1  -2  -3  -1   4   0  -3  -2  -2   13   0   8   4   5   7   0   4   4   0   1   0   0   0   2  48   2   0   0   0  0.41 0.17
  247 P    -1   1  -1  -1  -3   2   0   1  -2  -3  -3   1  -2  -4   5   2   0  -4  -3  -3    2   7   0   1   0  14   2   9   0   0   0   7   0   0  29  25   3   0   0   0  0.57 0.17
  248 D     1  -1   1   2  -2   0   1   2  -2  -3  -2  -1  -2  -3  -2   1   2  -4  -3  -2   13   2   6  13   0   4   9  17   0   0   3   0   0   0   0  11  22   0   0   0  0.27 0.11
  249 V     5  -2  -2   1  -2   0  -1   0  -3  -2  -3   1  -2  -4  -2   0  -1  -4  -3  -1   66   0   0  11   0   3   0   4   0   2   0   9   0   0   0   2   0   0   0   3  0.57 0.23
  250 D     4  -2   0   1  -2  -1  -1   1  -2  -3  -3  -1  -2  -3   0   2  -1  -3  -3  -2   52   0   4   9   0   0   1   7   0   0   1   1   0   0   4  18   1   0   0   1  0.45 0.17
  251 K     0  -2   1   1  -3  -2  -2   5   1  -4  -4  -1  -3  -4  -3   1  -1  -4  -3  -3    5   0   8  10   0   0   0  50   4   0   0   3   0   0   0  15   3   0   0   0  0.65 0.18
  252 D     0   0   1   1  -3   1   0   4  -2  -4  -4  -1  -3  -4  -2   3  -1  -4  -3  -3    3   5   5   6   0   6   5  35   0   0   0   0   0   0   0  35   0   0   0   0  0.52 0.18
  253 A    -1  -4  -1  -3  -4  -3  -4   6  -3  -4  -4  -3  -3   0  -4  -2  -3   4   2  -2    3   0   2   0   0   0   0  71   0   0   0   0   0   4   0   0   0   6  10   3  1.09 0.27
  254 Y    -3  -4  -4  -5  -4  -3  -4  -5  -1   0   0  -4   1   4  -5  -4  -3   0   8  -1    0   0   0   0   0   0   0   0   0   4  10   0   3  13   0   0   0   0  66   4  1.32 0.33
  255 M     0  -2  -1  -3  -2  -2  -2  -3   0   3   1   0   2   0  -3  -1   0  -3  -2   2    5   0   2   0   0   0   0   0   4  26  13   7   9   3   0   4   7   0   0  21  0.22 0.11
  256 P     1  -2  -2   1  -3   0  -1  -1   0  -3  -3  -2  -3  -4   6   1   1  -4  -3  -1   10   0   0  11   0   3   0   2   2   0   0   0   0   0  42  12  11   0   0   5  0.77 0.19
  257 P     1  -2  -2   0  -3  -1  -1   0  -3  -2  -2   2   0  -4   6  -1   0  -4  -3  -2   15   0   0   7   0   0   0   6   0   2   2  16   3   0  41   2   4   0   0   0  0.71 0.18
  258 E     1  -1   3   3  -3   1   2  -2  -1  -3  -3  -1  -2  -3  -2   2   0  -4  -3  -3   11   0  16  19   0   8  13   0   0   0   0   0   0   0   0  24   5   0   0   0  0.41 0.14
  259 A     1  -2  -2  -2  -2   1   2   0  -2   0   1  -1  -1  -2  -2  -1   1  -3  -2   2   15   0   0   0   0   6  22   7   0   0  18   2   0   0   0   0  10   0   0  19  0.17 0.12
  260 L    -1  -3  -3  -2  -2  -3  -3  -1  -3   0   3  -3   0   1  -3  -2   0  -2   2   2    5   0   0   2   0   0   0   5   0   0  49   0   0   7   0   0   6   0  10  17  0.35 0.15
  261 N     0   0   1  -1  -2   1   0   1  -1  -1  -2   0  -2   1  -2   1   1  -2   2  -1    3   4   8   0   0   9   4  12   0   5   0   7   0   7   0  18   9   0  12   3  0.14 0.09
  262 N    -1   2   1   1  -3   3   0  -1  -1  -2  -2   1  -2  -4   2   1   0  -4  -3  -3    3  15   8   7   0  26   3   4   0   2   2   4   0   0  11  12   3   0   0   0  0.34 0.13
  263 L     2  -3  -3  -4  -2  -3  -3  -3  -3   3   2  -3   1  -1  -3  -2  -1  -3  -1   3   29   0   0   0   0   0   0   0   0  17  17   0   3   0   0   0   2   0   2  31  0.37 0.16
  264 L     0  -3  -4  -4   3  -3  -3  -4  -3   2   3  -2   2   0  -3  -2  -2   4  -1   2    8   0   0   0   7   0   0   0   0   9  39   2   5   3   0   2   0   6   0  19  0.36 0.14
  265 Q     0  -1   2   2  -3   1   0  -1   1  -4  -4   0  -3  -4   5   1  -1  -4  -3  -3    6   0  13  10   0   9   2   3   5   0   0   7   0   0  29  13   2   0   0   0  0.55 0.15
  266 F    -2  -2   0  -1  -3   0   0  -3   2   0  -1  -2  -1   2  -3   0   1   2   5   0    1   0   3   4   0   6   6   0   6   7   1   0   0   8   0   5  11   3  31   7  0.32 0.14
  267 I    -1  -3  -3  -4  -2  -2  -3  -4  -2   3   2  -1   3   1  -3  -1  -1  -2   2   2    4   0   0   0   0   0   0   0   0  25  26   4  11   5   0   6   0   0   9  11  0.31 0.13
  268 N     0   2   2   2  -3   1   0  -2  -1  -1  -2   4  -2  -4  -2   0  -1  -4  -3  -2   11  11  15  13   0   7   0   0   0   4   2  35   0   0   0   2   0   0   0   0  0.38 0.16
  269 K     0   1   1  -2   0   1  -1   2  -2  -3  -1   3  -2  -3  -2   1   1  -4  -3  -2    6   4   6   0   2   7   0  17   0   0   6  33   0   0   0   9  10   0   0   0  0.28 0.13
  270 Q     0  -2  -1   0  -3   2  -1   1  -1  -2  -1   0   1   1  -3   2  -1  -2   3  -2    3   0   0   7   0  14   0   9   0   0   8   4   4   6   0  29   0   0  16   0  0.23 0.15
  271 P     1  -1  -1  -1  -2  -1  -1   0  -2  -2  -1   0  -2  -3   4   2   1  -4  -3  -1   13   2   0   4   0   0   0   7   0   0   6   5   0   0  25  21  12   0   0   4  0.41 0.14
  272 N    -1   1   3  -1  -3  -1  -1  -2   2  -3  -2   3  -2  -3  -2   2   2  -4  -1  -3    0   4  22   0   0   0   0   0   5   0   4  31   0   0   0  19  14   0   2   0  0.42 0.18
  273 F    -3  -3  -3  -1  -3  -3  -3  -4  -1  -2   0  -3  -2   6  -4  -3  -3   0   6  -2    0   0   0   5   0   0   0   0   0   0   7   0   0  46   0   0   0   0  36   0  1.10 0.27
  274 G     1  -3  -2  -2  -3  -2  -3   6   2  -4  -4  -2  -3  -4  -3   0  -2  -4  -3  -4    9   0   0   0   0   0   0  74   7   0   1   0   0   0   0   5   0   0   0   0  1.12 0.25
  275 G    -2  -4  -2  -3  -4  -4  -4   7  -4  -6  -6  -3  -5  -5  -4  -2  -3  -4  -5  -5    0   0   0   0   0   0   0 100   0   0   0   0   0   0   0   0   0   0   0   0  1.93 0.38
  276 V     0  -4  -4  -4  -2  -3  -4  -4  -4   4   2  -3   1  -1  -4  -3  -1  -4  -2   4    8   0   0   0   0   0   0   0   0  36  15   0   3   0   0   0   0   0   0  38  0.59 0.18
  277 M     0  -3  -3  -4  -3  -2  -3  -4  -3  -1   0  -3   8   1  -4   1   0  -3  -2  -1    9   0   0   0   0   0   0   0   0   0   0   0  68   7   0  12   4   0   0   0  1.08 0.34
  278 V    -2  -3  -3  -4  -2  -3  -3  -4  -4   2   3  -3   3  -1  -3  -2   2  -3  -2   2    0   0   0   0   0   0   0   0   0  13  41   0  11   0   0   0  16   0   0  18  0.48 0.16
  279 W    -5  -5  -6  -7  -5  -4  -5  -5  -4  -5  -4  -5  -4  -1  -6  -5  -5  12   2  -5    0   0   0   0   0   0   0   0   0   0   0   0   0   0   0   0   0  95   5   0  3.88 0.57
  280 D    -1  -2   1   5  -4  -1   2  -2  -2  -4  -4  -1  -4  -4  -2   3  -1  -5  -4  -4    0   0   6  43   0   0  14   0   0   0   0   0   0   0   0  38   0   0   0   0  0.82 0.24
  281 R     4   3  -2  -3  -2  -1  -2  -2  -2   1  -2   2  -2  -3  -2   0  -1  -4  -3  -1   47  23   0   0   0   0   0   0   0  14   0  12   0   0   0   4   0   0   0   0  0.42 0.18
  282 F    -1  -1   3  -1  -3   2  -1  -1   1  -2  -1  -1  -1   3  -3   1   1  -1   2  -2    4   0  19   0   0  16   0   4   3   0   3   2   0  19   0   9  11   0  10   0  0.24 0.11
  283 Y     1  -2  -1  -3  -3   1  -2  -3  -1  -2   0  -2  -1   3  -3   0  -1   7   4  -2   18   0   3   0   0   9   0   0   0   0   7   0   0  16   0   6   3  21  17   0  0.58 0.15
  284 D     1  -3   0   6  -3  -2   0  -2  -2  -4  -4  -2  -3  -3  -2   1  -1   3   0  -3   17   0   0  59   0   0   0   0   0   0   0   0   0   0   0  15   0   5   4   0  0.79 0.21
  285 K     0   0   1   2  -3   1   1   0  -1  -1  -2   2  -2  -2  -2  -1  -1   3  -2   0    8   3   6  16   0   5  10   9   0   0   1  20   0   0   0   1   0   6   0  14  0.18 0.07
  286 K     0   0   4   0  -3   3   1  -2   0  -3  -3   2  -2  -2  -2   1  -1  -2   1  -2    9   0  28   0   0  16  11   1   0   0   1  15   0   0   0   8   1   0   7   1  0.35 0.11
  287 T    -1  -1   5  -1   0  -1  -1   0  -1  -3  -3   0  -3  -4  -3   1   3  -4  -3  -2    4   0  44   0   2   0   0   6   0   0   0   7   0   0   0   6  31   0   0   0  0.60 0.18
  288 G    -1  -3   3  -2  -3   0  -2   6  -2  -4  -4  -2  -3  -4  -3  -1   1  -4  -4  -4    0   0  17   0   0   4   0  69   0   0   0   0   0   0   0   0  10   0   0   0  0.97 0.19
  289 F    -3  -3  -4  -5  -3  -3  -4  -4   0   0  -1  -3  -2   5  -4  -3  -3   5   7  -2    0   0   0   0   0   0   0   0   0   4   0   0   0  31   0   0   0  10  55   0  1.24 0.21
  290 T     0  -2   1   0  -2  -1   0   0   1  -2  -2  -1  -2  -3  -2   4   3  -3  -2  -2    0   0   3   4   0   0   6   5   4   0   5   0   0   0   0  48  25   0   0   0  0.40 0.13
  291 A     1  -1   1   0  -2  -1  -1   2  -2  -3  -3   0  -2  -3  -2   3   2  -3  -3  -2    6   0   8   3   0   0   0  18   0   0   0   5   0   0   0  44  16   0   0   0  0.40 0.10
  292 H     2  -1   2  -1  -2   3   1  -1   2  -2  -1   0  -1  -3  -2   1   1  -3  -2  -2   28   0  12   0   0  20  10   0   6   0   6   0   0   0   0  10   9   0   0   0  0.24 0.07
  293 L    -2  -3  -4  -4  -2  -3  -4  -4  -4   4   3  -3   1  -1  -3  -3  -1  -3  -2   3    0   0   0   0   0   0   0   0   0  52  26   0   0   0   0   0   0   0   0  22  0.54 0.10

                      K         Lambda
Standard Ungapped    0.1376     0.3213
Standard Gapped      0.0432     0.2670
PSI Ungapped         0.1411     0.3178
PSI Gapped           0.0432     0.2670
