
Last position-specific scoring matrix computed, weighted observed percentages rounded down, information per position, and relative weight of gapless real matches to pseudocounts
            A   R   N   D   C   Q   E   G   H   I   L   K   M   F   P   S   T   W   Y   V   A   R   N   D   C   Q   E   G   H   I   L   K   M   F   P   S   T   W   Y   V
    1 M    -1  -2  -2  -3  -2  -1  -2  -3  -2   1   2  -2   6   0  -3  -2  -1  -2  -1   1    0   0   0   0   0   0   0   0   0   0   0   0 100   0   0   0   0   0   0   0  0.42 0.02
    2 A     4  -1  -1  -1  -1  -1  -1   0  -1  -2  -2  -1  -1  -2  -1   3   1  -3  -2  -1   65   0   0   0   0   0   0   0   0   0   0   0   0   0   0  35   0   0   0   0  0.36 0.01
    3 V    -1  -2  -3  -3  -1  -2  -3  -3  -3   3   2  -2   4   0  -3  -2  -1  -2  -1   3    0   0   0   0   0   0   0   0   0  35   0   0  33   0   0   0   0   0   0  32  0.30 0.01
    4 A     3  -2  -2  -2  -1  -1  -2  -1  -2   2   0  -1   0  -1  -1   0   0  -3  -2   1   65   0   0   0   0   0   0   0   0  35   0   0   0   0   0   0   0   0   0   0  0.22 0.01
    5 A     2   0   0  -1  -1   0   0  -1  -1  -2  -2   2  -1  -3  -1   3   2  -3  -2  -1   21   0   0   0   0   0   0   0   0   0   0  22   0   0   0  35  23   0   0   0  0.28 0.02
    6 A     1  -2  -3  -3  -1  -1  -2  -2  -2   1   2  -2   5   0  -2  -1  -1  -2  -1   0   21   0   0   0   0   0   0   0   0   0  22   0  58   0   0   0   0   0   0   0  0.29 0.03
    7 A     4  -2  -2  -2  -1  -1  -2   2  -2  -1  -1  -1  -1  -2  -2   0   0  -3  -2   1   66   0   0   0   0   0   0  18   0   0   0   0   0   0   0   0   0   0   0  16  0.34 0.04
    8 A     2  -1  -1  -1  -1  -1  -1  -1  -2  -2  -2  -1  -1  -1   3   2   0   6  -1  -1   33   1   1   1   0   1   1   1   0   1   1   1   0   1  14  24   1  17   1   1  0.40 0.03
    9 A     2  -1  -2  -2  -1   2  -1  -1  -1  -1   0  -1   0  -1  -2   0  -1   7   0  -1   38   1   1   1   0  16   1   1   0   1  16   1   0   0   1   1   1  20   0   1  0.34 0.04
   10 R     1   3  -1  -2  -2   0  -1  -2  -1   0  -1   2   2  -2  -2  -1  -1  -2  -2  -1   15  32   0   1   0   0   1   1   0  12   1  21  13   0   1   1   1   0   0   1  0.20 0.04
   11 R    -1   4  -1  -1  -3   1   1  -2  -1  -2  -2   2  -1   1  -2   0   1  -2  -1  -2    1  40   0   1   0   0  15   1   0   1   1  13   0  12   1   1  12   0   0   1  0.30 0.04
   12 R    -1   4  -1  -2  -2   1  -1  -3  -1   0   2   0   0  -1  -2  -1  -1  -2  -1   1    1  36   0   1   0  11   1   1   0   1  31   1   0   0   1   1   1   0   0  13  0.21 0.04
   13 D    -1  -2  -1   1  -2  -1   1   1  -2  -1   1  -1   0   2   2   0  -1  -2  -1  -1    1   1   0  11   0   0  12  12   0   1  26   1   0  13  10  10   1   0   0   1  0.10 0.02
   14 V     0  -2  -2  -3  -1  -2  -2  -3  -3   3   1  -2   0  -1  -2   0   2  -3  -2   3    7   0   0   0   0   0   0   0   0  24   9   0   0   0   0   7  20   0   0  33  0.24 0.05
   15 S     3   1  -2  -2   3  -1  -2  -1  -2  -1   0  -1  -1   2  -2   1   0  -2  -1  -1   43  10   0   0   7   0   0   0   0   0  12   0   0  14   0   7   7   0   0   0  0.18 0.05
   16 C     2  -3  -2  -3   6  -2  -3   0  -3   2  -1  -2  -1  -2  -2   0   0  -3  -2   1   21   0   0   0  31   0   0   5   0  19   0   0   0   0   0   6   6   0   0  12  0.39 0.08
   17 L     0  -2  -3  -3  -2  -2  -3  -3  -3   2   3  -2   3   1  -3  -1   1  -2  -1   1    7   0   0   0   0   0   0   0   0  17  33   0  12   9   0   0  16   0   0   6  0.26 0.07
   18 L     0  -3  -1  -3   2  -3  -3  -3  -3   1   4  -3   1   2  -3  -2  -2  -2  -1   1    7   0   6   0   5   0   0   0   0   0  61   0   0  11   0   0   0   0   0  10  0.37 0.10
   19 L     1  -3  -3  -4  -2  -2  -3  -3  -3   1   3  -3   3   2  -3  -2  -1  -2  -1   1   18   0   0   0   0   0   0   0   0   6  52   0  10  10   0   0   0   0   0   5  0.36 0.10
   20 L     0  -3  -3  -3  -2  -2  -3  -3  -3   3   3  -2   1   0  -3   1   0  -3  -2   1    8   0   0   0   0   0   0   0   0  27  37   0   0   3   0  14   6   0   0   5  0.26 0.08
   21 L    -2  -3  -3  -4   1  -1  -3  -2  -3   2   3  -3   1   2   0  -3  -2  -2  -1   1    0   0   0   0   4   4   0   3   0  21  43   0   0  10   6   0   0   0   0   8  0.30 0.08
   22 C     0  -2  -2  -2   6   1  -2  -1  -2   0   0   0   1  -2  -2   2  -1  -3  -2   0    4   0   0   0  28   9   0   3   0   8  11   5   4   0   0  24   0   0   0   4  0.32 0.10
   23 F    -2  -3  -3  -1  -2  -3  -3  -1  -3   2   1  -3   0   3  -3  -3  -2   6   1   2    0   0   0   5   0   0   0   5   0  15  12   0   0  17   0   0   0  13   5  27  0.36 0.09
   24 S     2  -1  -1  -2  -1  -1  -2  -1  -2   0   0  -1   1   1  -2   2   1  -3  -1   0   31   3   0   0   0   0   0   0   0   4   8   0   4   8   0  26  11   0   0   4  0.20 0.08
   25 S     1   0  -1  -2   1  -1  -1  -2  -2   0   0  -1  -1   0   1   3   1  -3  -2  -1   13   7   0   0   4   0   0   0   0   7  13   0   0   4   6  39   7   0   0   0  0.19 0.09
   26 S     1   0  -1   0  -2   2  -1  -2   2  -2   0  -1  -1  -2  -2   3   2  -3  -2  -1   12   3   0   4   0  12   0   0   7   0  12   0   0   0   0  33  16   0   0   0  0.23 0.09
   27 M     0  -1  -2  -2  -2   0  -1  -2   1   1   2  -1   1   1   0   0   0  -2   1   1   12   0   0   0   0   4   4   0   7   5  31   4   3   6   3   6   4   0   4   8  0.08 0.04
   28 A     1   0  -1   0  -2   0  -1   1   1  -1  -1  -1  -1  -2   2   2   0  -3  -2   0   12   4   0   4   0   6   1   9   5   0   4   0   0   0  11  26   4   0   0  13  0.16 0.05
   29 A     3   1   0  -2   2  -1  -1   0  -2  -2  -1  -1  -1  -2  -2   2   0   2  -2  -1   39  11   6   0   4   0   1   6   0   0   6   0   0   0   0  16   0   3   0   4  0.20 0.07
   30 T     1   0  -1   0  -1  -1  -1  -1   1   0   0  -1  -1  -2  -1   2   3  -2  -1   0   10   6   1   4   0   1   1   1   4   8   9   1   0   1   1  22  26   0   0   4  0.14 0.05
   31 G     0  -1   0  -1  -2   0  -1   2   1  -2  -1   0  -1   1   3   1  -1  -2  -1  -2    7   1   5   1   0   6   1  15   6   1   5   8   0   9  15  17   1   0   1   1  0.18 0.04
   32 G     0   0  -1  -1   1  -1  -1   4  -2  -2  -2  -1  -2   0  -1   1   1  -2  -2  -2    2   6   1   1   4   1   1  47   1   1   2   1   1   6   1  11  10   0   1   2  0.36 0.06
   33 G     2  -1   0   1  -1   0   1   1  -1  -1  -1   0  -1  -1  -1   0   0  -2  -1   0   26   2   5  10   1   2  10   9   1   2   7   7   1   1   2   3   2   0   1   8  0.08 0.02
   34 G     0  -1   1   0  -1   0   1   3  -1  -1  -1  -1   0  -2  -1   0   0  -1  -1  -1    6   2   7   5   1   2  12  30   1   2   7   2   4   1   2   3   9   1   1   2  0.16 0.03
   35 G     1  -1  -1  -1  -1   0   0   3  -1  -2  -1  -1  -1  -2  -1   1   0  -2  -2  -1   18   2   2   2   1   6   5  32   1   2   7   2   1   1   2  13   2   0   1   2  0.22 0.04
   36 G     0   0   0  -1  -2   1   1   2  -1  -2  -1   1  -1  -2   1   1   0  -2  -2  -1    2   2   1   2   1   6  13  21   1   2  11  12   1   1   5  15   2   0   1   2  0.14 0.04
   37 G     0  -1   0   0  -2  -1   0   3  -1  -2  -1   1  -1  -2   2   0  -1  -2  -2  -2    9   1   4   5   1   1   7  31   1   2   9  10   1   1   9   4   2   0   1   2  0.21 0.05
   38 E     0   1  -1   0  -2   2   3   0  -1  -1  -1   1  -1  -1   0   0  -1  -2   0  -1    5   7   1   3   0   9  28   6   0   5   3   7   0   2   4   4   3   0   5   5  0.16 0.05
   39 Q    -1   2  -1  -1  -3   4   0  -1   3  -2  -2   2  -2  -3   2  -1  -1  -3  -2  -2    3   9   2   3   0  29   3   3   9   3   3  18   0   0  10   3   1   0   0   1  0.38 0.14
   40 E     0   0   0   1  -3   1   4  -2   2  -3  -2   0  -1  -1  -2   1  -1  -3   0  -1    7   4   2   5   0   4  40   1   7   0   3   3   2   2   0  10   1   0   3   3  0.34 0.14
   41 A     3   0  -1   1  -2   2   0  -1  -2  -1  -2   2  -2  -3  -2   1   0  -3  -3  -2   32   4   2   9   0  11   4   2   0   4   2  13   0   0   0  13   3   0   0   0  0.25 0.13
   42 D    -1  -1  -1   5  -4  -2   1  -2  -2  -2  -2  -1  -3   0  -3   1  -1   1   2  -3    4   2   0  49   0   0   5   2   0   3   4   2   0   5   0  11   1   2   9   0  0.57 0.21
   43 R    -2   4  -1  -2  -3  -1   1  -3   0   1   2   1   0   1  -3  -2  -2  -2   1  -1    0  29   2   2   0   0   9   0   2   9  22   6   3   6   0   2   0   0   5   3  0.24 0.13
   44 V    -1  -2  -4  -4  -3  -3  -3  -4  -4   4   0  -2  -1  -2  -4  -3  -1  -4  -2   5    3   3   0   0   0   0   2   0   0  32   3   2   0   0   0   0   3   0   1  51  0.73 0.26
   45 A     0   2  -1  -1  -3   1   0  -2   1  -2  -2   3  -2  -3   0   1   2  -4  -2   0    7  11   1   2   0   5   3   0   4   1   2  29   0   1   4   8  16   0   0   6  0.28 0.15
   46 R     0   2   2   1  -2   0   0  -1   1  -3  -3   1  -2   0  -1   2   0  -3   0  -2    4  12   9  10   1   2   4   3   4   0   0   9   0   6   1  26   4   0   4   1  0.21 0.12
   47 L    -2  -4  -5  -5  -3  -2  -4  -5  -4   1   5  -3   0   0  -4  -4  -2  -3  -3   1    1   0   0   0   0   2   0   0   0   6  76   1   0   4   0   0   1   0   0   8  0.92 0.30
   48 P    -3  -5  -4  -2  -5  -4  -4  -4  -5  -5  -5  -4  -5  -6   8  -3  -4  -6  -5  -3    1   0   0   2   0   0   0   1   0   0   0   0   0   0  92   0   0   0   0   1  2.64 0.56
   49 G    -2  -4   0  -1  -4  -2  -1   6  -3  -5  -5  -2  -4  -5  -4   0  -3  -4  -5  -4    0   0   4   2   0   2   3  77   0   0   0   1   0   0   0   7   1   0   0   1  1.36 0.36
   50 Q     0  -2  -1   0  -3   3   0  -2   0  -1   1   0   0   3  -1  -1  -1  -3  -1  -1    9   0   2   4   0  24   4   1   2   0  18   5   2  16   3   2   2   0   0   5  0.20 0.16
   51 P    -1  -3   0   1  -4  -2   1  -3  -3  -2  -1  -1  -3  -3   6   0  -2  -5  -2  -3    3   0   4   8   0   1  10   1   0   2   8   3   0   1  50   7   1   0   1   0  1.00 0.29
   52 A     0  -1   0   1  -1   0   1   3  -2  -2  -2   1  -1   0   1   1   0  -3  -2  -2    5   2   5   7   1   1  11  24   0   1   3   9   1   6   6   9   5   0   0   3  0.17 0.09
   53 S     0  -2   1   1  -3  -1  -1   2  -2   0  -2  -1  -2  -2   2   1   0  -3  -3   1    4   1   7  11   0   2   3  18   0   4   2   3   0   2  10   9   7   0   0  17  0.16 0.10
   54 P     0  -2  -2   0  -3  -2   0  -3  -2   0   1  -1  -1  -1   5   0  -1  -3   0   1    5   1   1   7   0   1   5   1   0   6  15   3   0   2  32   5   2   0   3  11  0.45 0.15
   55 A     0  -1   1   1  -3   0   0   2  -1  -1  -1   0  -2  -2   3   1   0  -3  -3  -2    7   1   7  10   0   2   6  15   1   6   7   6   0   1  14  10   6   0   0   1  0.18 0.09
   56 V    -2  -4  -4  -4  -3  -3  -3  -1  -3   1   2  -4   0   5   0  -1  -2  -2   0   3    0   0   0   0   0   0   2   5   0   4  20   0   1  30   4   4   1   0   1  26  0.48 0.22
   57 S    -1   2  -1   0  -4   0   2   0  -1  -2  -3   4  -3  -3  -1   1   0  -4  -3  -3    2  12   1   3   0   3  12   8   1   2   2  35   0   1   2  10   5   0   0   1  0.38 0.18
   58 Q    -2  -2  -1  -2  -4   5   0  -4   4  -2   1  -2   5  -3  -3   1  -1  -4  -3  -3    0   1   2   2   0  33   5   0  11   0  13   0  19   0   0  11   2   0   0   0  0.63 0.30
   59 F    -3  -4  -4  -4  -5  -2   1  -5   6  -3  -3  -3  -3   3  -5  -4  -4   1   7  -2    1   0   0   0   0   1   9   0  22   1   1   1   0  13   0   0   0   2  48   2  1.39 0.43
   60 A     4  -3  -2  -3  -3  -3  -3   0  -4  -4  -4  -3  -3  -4  -3   4   2   2  -4  -3   43   0   0   0   0   0   0   5   0   0   0   0   0   0   0  33  16   3   0   0  0.82 0.35
   61 G    -3  -5  -3  -2  -5  -5  -5   7  -5  -7  -7  -4  -6  -6  -5  -3  -4  -5  -6  -6    0   0   0   2   0   0   0  98   0   0   0   0   0   0   0   0   0   0   0   0  2.26 0.56
   62 Y    -4  -1  -2  -5  -5   0  -4  -6   5  -4  -1  -4  -3   2  -5  -4  -4   0   8  -4    0   3   2   0   0   5   0   0  16   0   5   0   0   6   0   0   0   1  63   0  1.72 0.50
   63 V    -3  -4  -5  -5  -3  -4  -5  -5  -4   4   3  -4   2   1  -5  -4  -2  -3   1   3    0   0   0   0   0   0   0   0   0  25  34   0   4   6   0   0   0   0   5  26  0.73 0.27
   64 G     0  -1   1   3  -3  -1   2   1  -2  -3  -3  -1  -3  -4   2   1   2  -4  -3  -3    6   3   8  16   0   1  15  12   0   0   2   1   0   0  10   7  18   0   0   0  0.34 0.17
   65 V    -1  -3  -2  -3  -2  -2  -3  -3  -3   3   2  -3   0   0  -3  -2  -1  -3  -2   4    5   1   2   1   0   2   1   1   0  15  19   1   0   3   1   2   3   0   0  44  0.48 0.20
   66 D    -2  -3   3   4  -4  -2   0   1   0  -4  -4  -1  -3  -2   2   0   1  -4   0  -3    0   0  17  29   0   0   6  12   2   0   0   2   0   2  10   5   8   0   5   1  0.50 0.21
   67 E     0   0   1   1  -4   1   4  -3   0  -3  -3   1  -3  -4   3   0  -1  -4  -3  -2    7   5   8   8   0   5  31   1   2   1   1   7   0   0  15   3   3   0   1   3  0.45 0.19
   68 R     0   0   2   1  -4   1   3  -1  -1  -3  -3   1  -3  -4  -1   1   1  -2  -3  -3    7   5  12   5   0   4  27   3   1   1   1  10   0   0   3  10  11   1   0   0  0.35 0.18
   69 H     0   0   3   1  -4  -1   1  -1   4  -3  -2   1  -2  -2   0   0   0  -3   2  -3    7   3  17   7   0   0  11   5  15   1   3   9   1   0   4   7   5   0   8   0  0.27 0.15
   70 G    -2  -2   4   3  -4  -1   1   2  -1  -4  -4   0  -1  -4  -2   1   0  -4  -4  -4    1   0  22  22   0   2   8  20   1   0   0   5   2   0   2  12   4   0   0   0  0.53 0.22
   71 R     1   3   0  -1  -3   0  -1   1  -1  -1  -3   2  -2  -3  -2   1   0  -1  -3   0   12  22   3   2   0   2   0  11   1   5   0  17   0   0   0   9   6   1   0   6  0.24 0.14
   72 A     0   1   4   0  -4   2   0  -2   5  -4  -3   0  -1  -1  -3   1  -2  -4   0  -3    9   8  22   5   0   9   4   0  17   0   0   4   2   2   0  13   0   0   2   1  0.42 0.20
   73 L    -3  -4  -5  -5  -3  -4  -5  -5  -4   0   5  -4   5   1  -5  -3   0  -3   2  -1    0   0   0   0   0   0   0   0   0   2  66   0  15   4   0   1   5   0   7   0  0.97 0.34
   74 F    -5  -6  -6  -6  -5  -6  -6  -6   1  -3  -3  -6  -3   9  -7  -5  -5   2   3  -4    0   0   0   0   0   0   0   0   4   0   0   0   0  86   0   0   0   2   8   0  2.32 0.57
   75 Y    -5  -5  -5  -6  -5  -5  -5  -4   2  -4  -3  -5  -3   7  -6  -5  -5   3   8  -4    0   0   0   0   0   0   0   1   4   0   0   0   0  42   0   0   0   3  50   0  1.94 0.51
   76 W    -4  -6  -6  -7  -6  -5  -6  -6  -4  -5  -3  -6  -3   3  -7  -5  -2  11   5  -3    1   0   0   0   0   0   0   0   0   0   2   0   1   9   0   0   3  64  19   1  2.90 0.65
   77 F    -4  -1  -4  -5  -5  -4  -4  -5   4  -3   1   0  -1   7  -5  -4  -4  -2   3  -3    0   3   0   0   0   0   0   0  11   0  14   8   1  56   0   0   0   0   7   1  1.21 0.39
   78 F    -3  -4  -5  -5  -4  -1  -4  -5  -3   1   0  -4   0   7  -5  -4  -1  -2   3   1    1   0   0   0   0   3   0   0   0   9   5   0   1  55   0   0   3   0   9  13  1.08 0.35
   79 E    -2  -1  -2  -1  -4   1   5  -2  -1  -4  -3   2  -1  -4   2  -1  -1  -4  -1  -3    1   1   0   1   0   6  52   3   1   0   2  11   1   0   9   4   2   0   2   2  0.72 0.27
   80 A     3  -2   1  -1  -3  -2  -1  -2  -2  -3  -4  -1  -3  -4  -2   5   0  -4  -3  -3   31   0   6   3   0   0   2   1   1   0   1   2   0   0   0  48   2   0   0   1  0.72 0.30
   81 Q    -2   4   0  -1  -4   4   2  -3  -2  -2  -3   1   0  -4   0  -1  -1  -4  -3  -2    2  29   3   3   0  23  17   1   0   3   2   5   2   0   4   2   2   0   0   2  0.54 0.22
   82 A     0   1   5   0  -1   0   0  -1   2  -2  -3   1  -2  -4  -2   1   0  -4  -2  -1    6   7  35   4   1   2   5   4   5   3   1   8   1   0   1   8   6   0   1   4  0.37 0.18
   83 S    -1   1   4   3  -3   1   1  -1  -1  -3  -3   1  -3  -4   1   0   0  -4  -3  -2    4   6  22  20   0   5   5   2   1   1   1  11   0   0   6   7   5   0   0   3  0.36 0.16
   84 P     0  -1   0   0  -2  -1  -1  -3   3  -3  -4  -1  -3  -4   7   0  -2  -4  -3  -2    6   3   5   4   1   2   4   1   7   1   1   4   0   0  51   6   1   0   0   3  1.04 0.29
   85 A     1   0   0   0   0   0   0   0   0   1   0   0  -1  -1   0   1   0  -2  -1   0   10   3   3   4   2   3   4   8   2  13   6   4   1   2   5  15   5   0   2   7  0.03 0.02
   86 P     1  -1   0   1   0   0   0   0  -1  -1  -1   0  -1  -1   2   0   0  -1  -1   0   16   3   5   8   2   3   5   5   1   3   5   6   1   2  13   5   7   1   3   6  0.11 0.03
   87 E    -1  -1   2   3  -3   1   3  -2   0  -3  -3   3  -1  -3  -2   0  -1  -3  -2  -2    5   1   9  16   0   4  19   2   2   1   2  26   1   1   1   4   2   0   1   3  0.35 0.14
   88 K    -1   2   3   1  -3   1   2  -2   0  -3  -3   2  -2  -3  -1   1   1  -3  -2  -2    3  10  21   6   0   3  14   1   1   1   2  14   0   0   2  11   8   0   1   1  0.32 0.13
   89 K     1   0   0   5  -3   1   1  -2  -2  -3  -2   1  -3  -4   0   0   0  -1  -3  -3   14   5   3  36   0   7   4   1   0   0   3  11   0   0   4   5   4   1   0   1  0.43 0.17
   90 P    -3   2  -3  -2  -4  -3  -1  -4  -4  -4  -4  -1  -4  -5   8  -2  -1  -5  -4  -3    1  13   0   1   0   0   3   1   0   0   1   2   0   0  71   1   3   0   0   1  1.81 0.41
   91 L    -2  -4  -4  -5  -3  -4  -4  -5  -4   2   4  -4   0  -1  -4  -3   1  -4  -3   3    0   0   0   0   0   0   0   0   0   8  49   0   0   1   0   1  11   0   0  28  0.72 0.26
   92 L    -1  -4  -4  -5  -3  -4  -4  -4  -5   4   2  -4   0  -2  -4  -2   0  -4  -3   5    2   0   0   0   0   0   0   1   0  22  16   0   1   0   0   3   7   0   0  48  0.71 0.26
   93 L    -3  -4  -5  -5  -3  -4  -5  -5  -5   5   4  -4   1   2  -5  -4  -3  -3  -2   2    1   0   0   0   0   0   0   0   0  37  42   0   3   8   0   0   0   0   0   8  0.83 0.27
   94 W    -6  -6  -7  -8  -6  -6  -7  -6  -6  -6  -5  -7  -5  -1  -7  -6  -6  13   0  -6    0   0   0   0   0   0   0   0   0   0   0   0   0   2   0   0   0  97   2   0  4.49 0.83
   95 L    -4  -5  -6  -6  -4  -4  -5  -6  -5   0   6  -5   1   2  -5  -5  -3  -4  -3  -1    0   0   0   0   0   0   0   0   0   2  86   0   2   8   0   0   1   0   0   0  1.33 0.39
   96 N    -3  -3   7  -1  -5   2  -2  -3  -2  -5  -5  -2  -4  -5  -4   1   1  -6  -4  -5    0   0  70   1   0  11   0   0   0   0   0   0   0   0   0   8  10   0   0   0  1.49 0.45
   97 G    -3  -5  -3  -4  -5  -5  -5   7  -5  -7  -7  -4  -6  -6  -5  -3  -4  -5  -6  -6    0   0   0   0   0   0   0 100   0   0   0   0   0   0   0   0   0   0   0   0  2.29 0.53
   98 G    -3  -5  -3  -4  -5  -5  -5   7  -5  -7  -7  -4  -6  -6  -5  -3  -4  -5  -6  -6    0   0   0   0   0   0   0 100   0   0   0   0   0   0   0   0   0   0   0   0  2.29 0.53
   99 P    -4  -5  -5  -5  -6  -4  -4  -5  -5  -6  -6  -4  -6  -7   9  -4  -4  -7  -6  -6    0   0   0   0   0   0   0   0   0   0   0   0   0   0 100   0   0   0   0   0  3.15 0.66
  100 G    -2  -5  -3  -4  -5  -5  -5   7  -5  -6  -6  -4  -5  -4  -5  -3  -4  -5  -6  -6    2   0   0   0   0   0   0  98   0   0   0   0   0   1   0   0   0   0   0   0  2.18 0.51
  101 C    -1  -6  -5  -6  11  -6  -6  -1  -6  -4  -4  -6  -4  -4  -6  -1  -4  -5  -3  -4    4   0   0   0  85   0   0   6   0   0   0   0   0   1   0   4   0   0   1   0  2.86 0.61
  102 S     0  -4  -2  -3  -4  -3  -3  -2  -4  -5  -5  -3  -4  -5  -4   7   0  -6  -4  -4    3   0   0   0   0   0   0   2   0   0   0   0   0   0   0  92   3   0   0   0  1.63 0.52
  103 S    -1  -4  -2  -3  -1  -3  -3  -1  -4  -5  -5  -3  -4  -5  -4   7  -1  -6  -5  -4    2   0   0   0   1   0   0   3   0   0   0   0   0   0   0  93   0   0   0   0  1.66 0.53
  104 I    -2  -3  -3  -4  -3  -2   0  -4  -3   2   3  -3   6   1  -4  -1   0  -3  -2   1    0   0   0   0   0   0   6   0   0  10  30   0  28   7   0   4   5   0   0   7  0.54 0.23
  105 G     0  -2   1   4  -1  -1   1   2  -2  -2  -3  -1  -2  -3  -2   1   2  -3  -2  -2    7   1   5  29   1   1   7  17   0   1   2   1   1   1   1   8  15   0   1   1  0.34 0.12
  106 Y    -1  -1  -1  -1  -1   1  -1  -1  -1   1   0  -1   0   2  -1  -1   0   0   2   0    4   3   2   3   1   8   3   6   1   9  12   3   3  13   3   4   5   1  10   7  0.04 0.02
  107 G     1   0  -3  -4  -5  -4  -5   7  -5  -6  -6  -4  -5  -6  -5  -1  -4  -5  -6  -6    9   5   0   0   0   0   0  83   0   0   0   0   0   0   0   3   0   0   0   0  1.78 0.50
  108 A     3  -4  -1  -4  -3  -3  -3  -3  -3  -1   3  -3   1   1  -4  -1  -2  -3   1   0   34   0   4   0   0   0   1   0   0   1  39   0   4   5   0   3   0   0   5   5  0.49 0.27
  109 A    -2  -5  -5  -5  -4  -4  -5  -4  -4   1   3  -5   3   6  -5  -2  -2  -2  -1  -1    4   0   0   0   0   0   0   1   0   7  32   0   7  43   0   3   1   0   0   3  0.96 0.34
  110 S    -2  -3  -2  -3  -4   2   1  -4  -2  -1   1  -2   5   2  -4   0   0  -3   3   0    0   0   1   0   0  12  11   0   0   1  12   1  22   9   0   8   6   0  11   6  0.40 0.25
  111 E    -3  -3  -4  -2  -7  -1   7  -3  -3  -6  -6  -2  -5  -6  -4  -3  -4  -6   1  -6    1   0   0   0   0   1  91   2   0   0   0   0   0   0   0   0   0   0   5   0  2.02 0.62
  112 L    -2  -3   4  -3  -3  -3  -3  -4   2   2   3  -3   0  -2  -4  -1   0   0  -3   1    1   0  28   0   0   0   0   0   7  12  32   0   1   1   0   3   6   1   0   9  0.50 0.26
  113 G    -3  -5  -3  -4  -5  -4  -5   7  -5  -6  -6  -4  -5  -5  -5  -2  -4  -5  -5  -5    0   0   0   0   0   0   0  94   0   0   0   0   0   0   0   2   0   0   0   0  2.13 0.54
  114 P    -1  -5  -5  -4  -5  -4  -4  -5  -5  -5  -4  -4  -5  -6   8  -3  -4  -6  -5  -5    4   0   0   0   0   0   0   0   0   0   1   0   0   0  89   1   0   0   0   0  2.63 0.62
  115 L    -1  -4  -4  -4   2  -4  -4  -3  -3  -1   1  -4  -2   6  -4   0  -3   3   4  -1    6   0   0   0   5   0   0   1   0   2  16   0   0  39   0   8   0   4  14   2  0.75 0.28
  116 R     0   5   0  -2  -3  -1  -1  -2   1  -1   0   0  -1  -1  -3   1   0   1   0  -2    6  38   3   1   0   0   3   2   3   3   8   2   1   3   1  12   7   2   4   2  0.36 0.19
  117 V    -2  -3  -4  -4  -3  -3  -4  -4  -4   4   1  -3   1   2  -1  -3  -1   3  -2   4    2   0   0   1   0   0   1   1   0  28  14   1   4   8   3   1   2   4   0  30  0.52 0.21
  118 A     0  -1   3   2  -2   1   0  -1   2  -1  -2   1   0  -2  -2   0   1  -3  -2   0    6   1  17  12   0   6   2   5   6   2   3  11   3   1   1   6   9   0   1   8  0.16 0.10
  119 R     0   0   2   1  -3   0   1   0  -2  -2  -2   2  -2  -1   1   1   0   0  -1  -2    5   2   9   8   0   2   7   6   0   1   3  20   0   4   8  13   5   1   1   2  0.17 0.10
  120 Q    -2  -1   4   5  -4   1   1   0  -1  -4  -4   1  -3  -3  -2   0  -1  -4  -2  -4    2   2  20  35   0   5   7   7   1   0   1  10   0   1   1   4   2   0   1   1  0.59 0.23
  121 G     0  -2   1   1  -2  -1  -1   3  -2  -1  -1  -1  -1  -2   0   1   0  -3  -2  -1    5   1   7  10   0   1   2  32   0   4   6   4   2   2   3   9   5   0   0   5  0.23 0.11
  122 A    -1   0   0   0  -2   0   1  -1   1  -2  -1   3   1  -3   2   0   1  -3  -1  -2    4   3   4   3   1   4   7   4   4   1   7  22   5   0  11   8   9   0   1   2  0.19 0.12
  123 A     0  -1  -1  -1  -2  -1  -1   0  -1  -1  -1   1  -1  -2   1   2   3  -3  -1   0    3   2   2   2   0   1   3   8   1   3   5   9   2   1   6  19  23   0   1   7  0.18 0.13
  124 L    -3  -4  -4  -4  -3  -3  -4  -5  -4   2   4  -2   0  -1   1  -3   0  -3   0   2    0   0   0   0   0   0   0   0   0  10  55   2   0   2   6   0   6   0   3  13  0.63 0.26
  125 E    -1   1   0  -1  -3   1   1  -2   2  -1  -1   1  -1   0  -2   0   0  -1   2   1    3   7   4   1   0   5  11   3   5   2   2  10   1   4   1   5   5   1  11  18  0.11 0.10
  126 F    -2   1   0  -1  -3  -1   0  -3   1  -1   1   0   0   0   1   0  -1   3   3  -1    1   8   4   2   0   1   6   1   3   2  18   4   2   3   7   9   3   4  17   4  0.16 0.11
  127 N    -4   1   8  -2  -5  -3  -3  -3  -2  -5  -5  -1  -4  -5  -4  -2   1  -6  -4  -3    0   8  74   0   0   0   0   0   0   0   0   2   0   0   0   0  10   0   0   2  1.64 0.50
  128 Q    -2  -2   1   2  -4   0   3  -3  -2  -4  -4   0  -4  -5   5   0   1  -5  -4  -3    1   1   8  10   0   2  21   0   1   0   1   5   0   0  34   5   8   0   0   1  0.77 0.27
  129 Y    -2  -4  -2  -4  -4  -3  -3   3   3  -2  -3  -3  -1   3  -4  -3  -2   3   7  -3    3   0   2   0   0   0   1  21   6   2   0   1   2  14   0   1   2   4  40   0  0.96 0.34
  130 G     2  -2  -2  -3  -3  -3  -3   1  -3  -4  -4  -3  -4  -4  -1   6   1  -5  -4  -4   13   2   0   0   0   0   0   8   0   0   0   0   0   0   3  65   6   0   0   0  0.99 0.40
  131 W    -6  -6  -7  -7  -6  -5  -6  -6  -6  -6  -5  -6  -5  -3  -6  -6  -6  13  -2  -6    0   0   0   0   0   0   0   0   0   0   0   0   0   0   0   0   0  95   0   0  4.50 0.90
  132 N    -2  -3   6   2  -4  -2  -1  -3   4  -3  -3  -2  -3  -4  -4   0   2  -5  -2  -2    2   0  45  10   0   0   2   1  11   1   3   0   0   0   0   4  14   0   1   4  0.82 0.32
  133 K    -1   0   3  -2  -4   1   2  -3  -1  -4  -3   4  -2  -3  -3   1   0  -5  -3  -4    3   3  15   0   0   6  15   1   1   0   1  38   1   1   0  10   5   0   0   0  0.58 0.27
  134 E     0   0   2  -2  -2  -1   1  -3  -2   1   0   0   0   2  -3  -1   0   0   0   1    8   4  15   0   1   0  10   0   0   9   9   6   3  13   0   2   5   1   4  11  0.11 0.11
  135 A     5  -4  -3  -4  -3  -3  -3   1  -1  -3  -2  -3  -3  -1  -3   2   0  -5  -4  -1   57   0   0   0   0   0   0  10   1   0   3   0   0   3   0  18   6   0   0   4  0.76 0.34
  136 N    -2  -3   7   2  -5  -3  -3  -2   1  -6  -6  -3  -5  -6  -4   3   0  -6  -5  -5    1   0  58   9   0   0   0   1   3   0   0   0   0   0   0  24   4   0   0   0  1.35 0.46
  137 L    -3  -5  -5  -6  -3  -4  -5  -6  -5   4   3  -4   6  -2  -5  -4  -3  -4  -3   4    0   0   0   0   0   0   0   0   0  23  25   0  24   0   0   0   0   0   0  28  1.02 0.36
  138 L    -4  -5  -6  -6  -4  -5  -5  -6  -5   5   5  -5   0  -2  -5  -5  -3  -4  -4   2    0   0   0   0   0   0   0   0   0  34  55   0   1   0   0   0   0   0   0  10  1.15 0.38
  139 F    -5  -6  -6  -7  -6  -6  -6  -6  -3  -4  -3  -6  -3   8  -7  -5  -3   4   7  -4    0   0   0   0   0   0   0   0   0   0   0   0   0  61   0   0   1   5  33   0  2.16 0.58
  140 L    -2  -5  -5  -6  -3  -5  -5  -6  -5   3   4  -5  -1  -1  -5  -4  -3  -4  -3   4    1   0   0   0   0   0   0   0   0  17  41   0   0   1   0   0   0   0   0  39  0.98 0.35
  141 E    -5  -4  -2   8  -7  -3   3  -5  -4  -6  -7  -3  -6  -7  -5  -3  -4  -7  -6  -6    0   0   0  79   0   0  21   0   0   0   0   0   0   0   0   0   0   0   0   0  2.09 0.59
  142 S    -1  -2   3  -3  -5   7  -2  -3  -3  -6  -5  -2  -4  -6  -2   2  -2  -5  -4  -5    3   0  12   0   0  62   0   1   0   0   0   0   0   0   2  19   2   0   0   0  1.38 0.52
  143 P    -3  -6  -6  -5  -6  -5  -5  -6  -6  -6  -7  -5  -6  -7   9  -4  -5  -7  -7  -6    2   0   0   0   0   0   0   0   0   0   0   0   0   0  98   0   0   0   0   0  3.18 0.76
  144 V     2  -4  -2  -5  -3  -4  -4  -3  -5   2  -1  -4  -1  -1  -2  -3   0  -5  -2   5   21   0   2   0   0   0   0   1   0  13   2   0   1   2   2   0   5   0   1  52  0.73 0.32
  145 G    -2   0   2  -3  -5   0  -4   6  -4  -6  -6  -3  -5  -5  -4  -2  -3  -5  -5  -5    0   5  10   0   0   4   0  76   0   0   0   0   0   0   0   1   1   0   0   0  1.51 0.44
  146 V    -1  -4  -3  -4  -3  -3  -4  -4  -4  -1  -3  -3  -2  -4  -4  -1   6  -5  -4   4    4   0   0   0   0   0   0   0   0   0   0   0   0   0   0   3  54   0   0  37  1.13 0.43
  147 G    -3  -5  -3  -4  -5  -4  -5   7  -5  -6  -6  -4  -5  -6  -5  -3  -4  -5  -6  -4    0   0   0   0   0   0   0  95   0   0   0   0   0   0   0   0   0   0   0   2  2.18 0.56
  148 F    -5  -5  -5  -6  -5  -5  -5  -5  -3  -3  -1  -5   0   8  -6  -5  -5   2   5  -3    0   0   0   0   0   0   0   0   0   0   4   0   2  72   0   0   0   2  17   0  1.97 0.52
  149 S    -1  -4   0  -3  -4  -3  -3  -3  -4  -6  -6  -3  -5  -6  -4   7  -2  -6  -5  -5    1   0   4   0   0   0   0   0   0   0   0   0   0   0   0  94   0   0   0   0  1.86 0.62
  150 Y    -4  -3  -5  -5  -5  -3  -5  -5  -2  -2  -2  -4  -3   3  -5  -4  -2  -1   9   0    0   1   0   0   0   1   0   0   0   1   2   0   0  10   0   0   2   0  73   5  1.97 0.55
  151 T     1  -3  -2   0  -3  -2  -2   1  -3  -2  -3  -2  -3  -4  -2   4   3  -4  -3   2   12   0   0   4   0   0   1   9   0   0   0   0   0   0   1  37  18   0   0  15  0.49 0.26
  152 N    -1   0   5   2  -3  -1   0   0  -2  -4  -4   1  -3  -3  -1   1   0  -4   0  -2    4   5  31  14   0   1   3   8   0   0   1   7   0   0   2  12   5   0   4   2  0.42 0.19
  153 T    -1  -1   1   2  -3  -1   0  -1  -1  -3  -2  -1  -3  -4   0   2   4  -4  -2  -2    1   3   6  14   0   2   4   5   2   1   2   2   0   0   5  15  37   0   2   1  0.43 0.23
  154 S     0  -1   2   2  -3   1   0  -1  -2  -2  -2   0  -3  -2   1   3   1  -4   0  -2    5   2  13  14   0   6   3   2   0   3   2   4   0   2   7  26   7   0   4   1  0.27 0.17
  155 S     0   0   0   1  -2   0   0   0   0   0  -1   0   0  -1   1   2   0  -3  -2   0    7   4   5   7   0   3   5   5   3   5   4   5   2   3   7  18   6   0   0  10  0.08 0.11
  156 D    -1  -1   0   4  -3   0   0   1   0  -3  -2   0  -3   0  -3   0  -1   2   3  -2    4   3   4  26   0   3   5  11   2   0   3   4   0   3   0   8   4   3  11   3  0.29 0.25
  157 L    -1  -1  -2  -1  -2  -2  -1  -2  -2   1   1  -1   0   2   0  -1   1  -2   3   1    4   3   0   4   0   0   3   3   0  11  16   4   3   8   4   4   8   0  14   9  0.14 0.16
  158 S     0   0   1   0  -3   0   0  -1   2  -2  -2   0  -2  -1   2   1   1  -2   2  -2    4   6   6   4   0   3   6   4   7   1   4   6   0   2  10  16   9   0  10   2  0.16 0.10
  159 N    -1   0   2   1  -3   1   1  -1   0  -2  -3   1  -2  -3   0   1   2  -3  -2  -1    4   3  13   6   0   5  11   3   2   1   1  11   0   0   3  10  19   0   0   6  0.22 0.13
  160 L    -1  -1  -1  -1  -2  -1  -1  -2  -1   1   2   0   1   0   1   0   1  -2  -1   1    4   1   2   3   0   2   2   2   1   7  23   5   5   3   8   7   9   0   1  14  0.10 0.06
  161 N     0  -2   4   2  -3  -1  -1   2  -2  -3  -3  -1  -2  -3  -1   2   0  -3  -3  -1    5   1  23  14   0   1   2  15   0   1   2   4   0   1   3  19   5   0   1   4  0.35 0.16
  162 D    -2  -2   0   6  -4   0   2  -3  -2  -3  -1  -2  -3  -4  -3  -1   0  -4  -2  -2    2   1   3  54   0   4  13   1   0   1   6   1   0   1   1   2   8   0   1   2  0.84 0.29
  163 D    -1  -1   0   4  -3   0   2  -2   0  -2  -2   1  -1  -3  -2   0   2  -4  -2  -1    3   2   2  29   0   3  15   2   2   2   2   8   1   0   1   3  17   0   2   4  0.37 0.18
  164 F     0   0  -1  -1  -2   1   2   1   0  -1  -1   0   0   2  -2   0   0  -2  -1   0    6   5   1   3   0   5  16  12   2   3   6   6   3  13   1   6   5   0   0   6  0.07 0.07
  165 V     2  -3  -3  -2  -2  -2   0  -3  -3   1  -1  -2   3  -3  -3   0   2  -4  -3   3   21   0   0   2   0   1   8   0   0   9   3   0   9   0   0   5  16   0   0  25  0.33 0.22
  166 A     5  -3  -1  -3  -2  -2  -2   1  -3  -1  -2  -2  -1  -3  -3   1   0  -4  -3   0   57   0   2   0   0   1   0   8   0   2   2   1   1   0   0  11   4   0   0   8  0.60 0.29
  167 E     0   1   1   0  -3   2   2  -2   0  -3  -2   3  -2  -3  -1   1  -1   0  -2  -2   10   5   5   5   0  10  15   1   2   0   2  24   0   1   2   9   3   2   0   2  0.29 0.16
  168 D    -3   1   2   5  -4   2   0  -3   3  -4  -3  -1  -3  -2  -2  -1  -2  -4   0  -4    1   8   9  42   0  11   4   1   9   0   2   1   0   1   1   4   0   0   4   1  0.72 0.28
  169 A    -1  -3   2  -3  -2  -1  -3  -3  -2   2   1  -2   3   3  -3  -1  -1  -2  -1   2    5   0  13   0   0   2   0   1   0  15  11   1   9  19   0   5   3   0   0  15  0.26 0.16
  170 Y    -1  -3  -1  -2  -3  -3  -3  -4   4   0   0  -3   2   1  -4  -2  -1   4   6   0    4   0   3   3   0   0   0   1  10   5  10   0   7   5   0   1   2   6  33   8  0.59 0.25
  171 S     1   0   1   0  -3   1   2  -2   1   0  -2   1   0  -3  -2   0   1  -4  -2   0   14   2   7   3   0   6  17   1   4   6   1   8   2   0   0   6  12   0   0   7  0.17 0.12
  172 F     0  -5  -6  -6  -5  -3  -5  -5  -4  -3   1  -5  -2   8  -6  -3  -4   1   0  -3    9   0   0   0   0   2   0   0   0   0  15   0   0  71   0   1   0   2   0   0  1.65 0.52
  173 L    -2  -5  -6  -6  -4  -4  -5  -6  -5   0   6  -5   3   1  -5  -5  -4   0  -3   0    3   0   0   0   0   0   0   0   0   1  79   0   6   5   0   0   0   2   0   4  1.21 0.43
  174 V    -1   1  -1  -1  -2   4   2  -3   0   0  -1   2   0  -4  -3  -1   1  -4  -3   0    2   7   2   2   1  24  16   0   2   5   4  11   2   0   0   1  11   0   0  10  0.34 0.21
  175 N    -1   1   3   0  -4   2   0  -2  -2  -3   0   4  -2  -4  -3   1  -1  -4  -3  -1    5   7  15   4   0   8   4   2   0   0  11  30   0   0   0  10   2   0   0   4  0.32 0.20
  176 W    -6  -6  -6  -7  -6  -6  -6  -6  -4  -4  -2  -6  -4   7  -7  -6  -5  10   3  -5    0   0   0   0   0   0   0   0   0   0   2   0   0  45   0   0   0  43  10   0  2.58 0.66
  177 F    -4  -5  -5  -3  -5  -3  -5  -6  -4  -1   2  -5   1   7  -6  -5  -4  -2   3  -1    0   0   0   2   0   1   0   0   0   1  22   0   2  58   0   0   0   0  10   3  1.38 0.45
  178 K     1  -1   0   1  -2   3   3  -1   1  -3  -3   2  -2  -4  -3   1   0  -4  -3  -2   11   1   4   6   0  18  18   3   3   1   1  17   0   0   0   8   5   0   0   2  0.34 0.19
  179 R    -2   2  -2  -2   1   2   1  -4   0   1   1   3   0  -3  -3  -2  -1  -4  -3   0    2  14   0   0   3  10  11   0   2   8  16  21   2   0   0   0   3   0   0   7  0.27 0.18
  180 F    -4  -3  -1  -6  -6  -5  -5  -6   6  -4  -3  -5  -3   8  -6  -5  -5  -2   2  -4    1   1   3   0   0   0   0   0  20   0   0   0   0  71   0   0   0   0   4   0  1.99 0.59
  181 P    -3  -3  -2  -2  -5   1  -3  -5  -4  -5  -5  -1  -5  -6   8  -2  -4  -6  -5  -3    0   1   2   2   0   6   0   0   0   0   0   3   0   0  79   2   0   0   0   2  2.18 0.58
  182 Q    -2  -2   0   2  -5   3   6  -2   3  -5  -5   0  -4  -5  -4  -1  -2  -5  -4  -5    1   1   5   8   0  14  54   3   7   0   0   4   0   0   0   2   2   0   0   0  0.98 0.39
  183 Y    -4  -3  -4   1  -5  -4  -2  -5   1  -2   1  -3  -3   4  -5  -4  -2  -1   7  -2    0   1   0   8   0   0   2   0   3   1  12   1   0  19   0   0   2   0  49   1  1.19 0.43
  184 K     1   1   0  -1  -3   1   1  -2   0  -1   0   2   0   0  -2   1  -1  -3  -2  -1   13   9   5   0   0   7  10   0   3   4   8  19   2   5   0   9   1   0   0   4  0.15 0.12
  185 D    -1   0   2   1  -3   0  -1   1   3  -4  -3   1  -3  -2   0   2   1  -4   0  -3    1   3  12   7   0   4   2  10   8   0   1  10   0   1   4  21  12   0   4   0  0.29 0.18
  186 N    -3   3   5   2  -4   2  -1  -3   1  -4  -3   1  -1  -3  -4   0  -2  -5  -2  -1    0  21  30  12   0   8   0   0   4   0   2   9   2   1   0   6   0   0   1   4  0.57 0.28
  187 E    -2  -2   0   5  -5  -1   2  -4  -1  -5  -5   1  -4  -5   4  -1  -1  -6  -5  -5    2   1   4  41   0   2  11   0   1   0   0  11   0   0  22   2   4   0   0   0  0.93 0.35
  188 F    -4  -5  -2  -4  -4  -5  -5  -5  -4   3   2  -5  -1   6  -5  -4  -1   1   0   1    0   0   2   1   0   0   0   0   0  16  20   0   0  47   0   0   3   2   0   8  0.97 0.36
  189 Y    -3  -4  -4  -5  -5  -4  -4  -6   5  -1  -4  -1  -4   4  -6  -3  -3   0   8  -2    1   0   0   0   0   0   0   0  13   3   0   3   0  13   0   2   1   1  60   3  1.65 0.53
  190 I    -2  -5  -5  -6  -3  -5  -5  -6  -5   6   2  -5   0   1  -5  -4  -3  -4  -3   2    2   0   0   0   0   0   0   0   0  58  17   0   2   7   0   0   0   0   0  14  1.08 0.38
  191 S     3  -2  -2  -2   0  -2  -2   1  -2  -1  -1  -2   0   1  -2   1   1  -2  -1   1   40   0   0   0   2   0   0  11   0   0   0   0   2  10   0  11  11   0   0  13  0.20 0.06
  192 G     0  -3  -1  -2  -3  -2  -3   6  -3  -4  -4  -2  -3  -4  -3   0   0  -3  -4  -3    4   0   0   0   0   0   0  83   0   0   0   0   0   0   0   6   7   0   0   0  1.06 0.13
  193 E    -2  -1   1   3  -4   1   6  -3  -1  -4  -4   0  -3  -4  -2  -1  -2  -4  -3  -3    0   0   5  15   0   3  78   0   0   0   0   0   0   0   0   0   0   0   0   0  0.92 0.14
  194 S     0  -2   0  -1  -2  -1  -1  -1  -2  -3  -3  -1  -2  -3  -2   6   1  -4  -3  -3    0   0   0   0   0   0   0   0   0   0   0   0   0   0   0 100   0   0   0   0  0.90 0.18
  195 Y    -3  -3  -3  -4  -3  -2  -3  -4   2  -2  -2  -3  -2   3  -4  -3  -2   3   8  -2    0   0   0   0   0   0   0   0   3   0   0   0   0   5   0   0   0   2  85   0  1.31 0.17
  196 A     3  -2  -1  -2   1  -1  -1   3  -2  -2  -3  -1  -2  -3  -2   2  -1  -3  -3  -1   49   0   0   0   3   0   0  28   0   0   0   0   0   0   0  16   0   0   0   0  0.45 0.08
  197 G     0  -3  -1  -2  -3  -2  -3   6  -3  -5  -5  -2  -3  -4  -3   0  -2  -3  -4  -4    0   0   0   0   0   0   0  93   0   0   0   0   0   0   0   7   0   0   0   0  1.30 0.15
  198 H    -2   1  -1  -2  -3   3   0  -3   5   1  -1   2   2  -2  -2  -1  -1  -3  -1   0    0   9   0   0   0  19   0   0  25  13   3  16   9   0   0   0   0   0   0   5  0.28 0.08
  199 Y    -2  -3  -3  -4  -3  -2  -3  -4   2   1  -1  -3   1   2  -4  -2  -1   5   6   1    0   0   0   0   0   0   0   0   5   8   0   0   8   6   0   0   2  10  50  10  0.71 0.11
  200 V     0  -3  -3  -3  -2  -3  -3   0  -3   4   1  -3   0  -1  -3   0  -1  -3  -2   3    8   0   0   0   0   0   0   9   0  44   2   0   0   0   0   8   0   0   0  29  0.29 0.08
  201 P     1  -3  -3  -2  -3  -2  -2  -2  -3  -3  -3  -2  -3  -4   7  -1  -2  -4  -3  -1   12   0   0   0   0   0   0   0   0   0   0   0   0   0  80   0   0   0   0   5  1.67 0.14
  202 Q     2  -2  -1  -3  -3   3   0  -1   1  -3  -3  -1   0   0  -2  -1   0  -2   5   0   21   0   3   0   0  14   4   5   3   0   0   3   2   3   1   3   7   0  22   8  0.33 0.22
  203 L    -3  -4  -5  -5  -3  -4  -5  -5  -4   4   3  -4   0   5  -5  -4   0  -3  -1  -1    2   0   0   0   0   0   0   0   0  28  34   0   1  26   0   0   5   0   0   1  0.84 0.31
  204 A     5  -4  -3  -4  -3  -3  -3   0  -4  -3  -3  -3  -3  -4  -3   2   0  -5  -4   1   59   0   0   0   0   0   0   6   0   0   1   0   0   0   0  14   6   0   0  13  0.86 0.37
  205 D     0   0  -1   1  -4   4   1  -1   2  -3  -2   2  -2  -3  -3   1  -1  -4   0  -2    6   5   2   9   0  21  10   3   6   0   5  12   0   0   0  13   1   0   3   3  0.30 0.18
  206 L     3   0  -2  -2  -3   0   3  -2   1   0   0  -1  -2  -1  -3  -1  -1  -3   2  -1   27   4   1   0   0   3  23   1   3   8  10   3   0   2   0   3   1   0   8   4  0.25 0.19
  207 V    -3  -5  -5  -6  -4  -5  -5  -6  -2   6   1  -5   1   1  -5  -2  -3  -5  -3   3    0   0   0   0   0   0   0   0   1  59  11   0   3   5   0   3   0   0   0  19  1.14 0.39
  208 Y    -2  -3  -2  -3  -3   0  -1  -3   3   1   3  -2   2  -1  -4   1  -2  -3   2   1    1   0   1   0   0   6   2   1   8   8  30   2   5   1   0  13   0   0  10  12  0.30 0.20
  209 E    -1   0   1   3  -4   1   3  -3   1  -2  -2   3  -3  -4  -2   0  -2  -4  -3  -2    2   4   6  17   0   7  20   1   4   3   3  20   0   0   1   9   1   0   0   1  0.40 0.18
  210 R     0   3  -1  -2  -3   2  -1   2   2  -2  -1   1  -1  -2  -2  -1  -1  -2   1  -2    6  21   2   1   0  10   2  20   7   2   6   9   1   2   1   2   2   0   6   1  0.26 0.14
  211 N    -3  -2   7  -1  -4   0  -2  -2   3  -4  -3   0  -3  -4  -2   0  -2  -4  -3  -1    1   1  62   1   0   3   1   2   6   1   2   5   0   1   1   6   1   0   0   5  1.16 0.37
  212 K     0   1   1  -1   0   1   1  -2   1  -1  -2   4  -2  -2   0  -1  -2  -3   2  -2    6   5   7   2   2   6   9   1   3   4   2  35   0   1   3   2   1   0   9   1  0.34 0.17
  213 D     0   0   2   2  -2   1   1   0   0  -1  -2   1  -2  -2   0   0  -1  -2  -2  -1    7   5  16  10   0   5   8   7   2   5   3  12   1   1   3   8   2   0   1   4  0.14 0.07
  214 K     0   1   1  -1  -1   2   0   0   0   1  -1   1  -1  -1   0   1  -1  -3  -1  -1    6   9   9   1   2  12   3   9   2  11   3   8   0   2   4  13   1   0   2   4  0.09 0.08
  215 R     0   1   1   0   2   2   1   0   0  -2  -2   2  -1  -2   0   0  -1  -2   0  -2    5   8   7   3   7  11   8   6   1   1   2  19   1   1   4   7   3   0   4   2  0.18 0.10
  216 A     0  -1   2   0   3   0   0   1  -2  -2  -1   0  -1  -2   1   0   0  -2  -2  -1    7   2  13   5  10   4   6  14   0   1   8   6   1   2   8   6   3   0   1   4  0.14 0.08
  217 S    -1   0   2   1  -2   1   0   0   1  -2  -2   2  -2  -1   1   1   1  -3  -2  -2    2   2   9   6   0   8   5   7   3   1   3  18   0   3   5  13  11   0   1   2  0.18 0.10
  218 T    -1  -1  -1  -1  -2   0   0  -2  -1   1  -1   0  -1  -2   4   0   2  -3  -2  -1    4   4   2   2   0   4   5   2   1  13   7   5   0   2  25   6  13   0   1   3  0.31 0.12
  219 Y    -1   0   1  -1  -2   1  -1  -2   2  -1  -1   2  -1   1   2   0  -1   3   1  -1    3   4   9   2   0   5   3   2   6   5   6  17   0   7  11   4   4   5   5   4  0.15 0.09
  220 I    -3  -4  -5  -5   3  -4  -3  -5  -4   5   1  -2   0   2  -3  -4  -3   5   1   1    1   0   0   0   6   0   2   0   0  47   9   3   1   7   1   0   0   9   4   8  0.77 0.30
  221 N    -4  -2   8   0  -5  -2  -3  -2   2  -6  -6  -2  -5  -5  -1  -1  -3  -6  -2  -6    0   2  78   3   0   1   0   2   4   0   0   2   0   0   3   2   0   0   1   0  1.79 0.56
  222 L    -4  -5  -6  -6  -4  -5  -6  -6  -1   1   6  -5  -1   4  -6  -5  -4  -4  -2   0    0   0   0   0   0   0   0   0   2   5  74   0   0  17   0   0   0   0   0   3  1.28 0.44
  223 K    -2   2  -2   0  -5   4   0  -1  -3  -5  -4   5   0  -5  -3   0  -2  -5  -4  -3    2   7   1   4   0  20   3   4   0   0   0  46   3   0   0   5   1   0   0   2  0.80 0.35
  224 G    -1  -5  -2  -4  -5  -4  -5   7  -5  -6  -6  -4  -3  -6  -5   1  -1  -5  -6  -4    2   0   1   0   0   0   0  80   0   0   0   0   1   0   0  11   4   0   0   1  1.67 0.50
  225 F    -1  -4  -4  -5  -1  -4  -4  -5  -3   3   3  -4   1   2  -4  -3  -2  -2   3   3    3   0   0   0   1   0   0   0   0  18  29   0   3   7   0   1   1   0  14  23  0.56 0.23
  226 I     2  -4  -4  -4  -3  -2  -4   0  -4   1   3  -3   4  -1  -4  -2  -2  -4  -3   1   23   0   0   0   0   1   0   8   0   8  35   0  13   1   0   1   1   0   0   9  0.45 0.23
  227 V    -3  -5  -6  -6  -3  -5  -5  -6  -6   6   2  -5   0  -2  -5  -5  -3  -5  -4   3    1   0   0   0   0   0   0   0   0  62  21   0   1   0   0   0   0   0   0  15  1.22 0.39
  228 G    -3  -5  -1  -4  -5  -4  -5   7  -5  -1  -5  -4  -5  -3  -5  -2  -4  -5  -2  -1    0   0   2   0   0   0   0  85   0   4   0   0   0   1   0   2   0   0   1   4  1.70 0.48
  229 N    -4  -4   8   3  -6  -3  -3  -3  -3  -6  -6  -3  -5  -6  -5   0  -3  -7  -5  -6    0   0  78  16   0   0   0   0   0   0   0   0   0   0   0   6   0   0   0   0  1.95 0.57
  230 P     0  -4  -3  -4  -5  -4  -4   6  -4  -6  -6  -4  -5  -6   4   0  -3  -5  -5  -5    7   0   0   0   0   0   0  60   0   0   0   0   0   0  25   8   0   0   0   0  1.39 0.41
  231 L    -3  -5  -6  -4   3  -5  -4  -4  -5   0   3  -5  -1   0  -6  -1  -3   9   1   1    1   0   0   1   6   0   1   1   0   5  29   0   1   3   0   5   1  32   4  11  1.21 0.45
  232 T    -2  -5  -3  -5   0  -4  -5  -5  -5   5   0  -4   2  -3  -5  -1   5  -5  -2   1    2   0   1   0   2   0   0   0   0  37   7   0   6   1   0   2  35   0   1   6  0.89 0.41
  233 D    -1  -3   2   6  -5  -3   0  -2   1  -5  -6  -1  -5  -3  -4   3  -2  -6  -2  -5    4   1  11  48   0   0   5   2   3   0   0   3   0   1   0  20   1   0   2   0  0.99 0.42
  234 D    -1  -2   0   3  -2   0   1  -3  -2  -2  -1  -1  -2  -1   5   0  -1  -4   0  -2    3   1   3  17   1   4   8   1   1   1   7   3   1   3  31   7   3   0   3   3  0.53 0.24
  235 Y     0  -1   1   1  -3   0   1  -3   1   0   0   0   0   2  -1  -2  -1  -1   4   0    8   2   7   7   0   3  10   0   4   5   7   7   3   7   2   1   2   1  18   7  0.15 0.13
  236 Y    -1  -1   0   0  -3   0   1  -2   1   1   0  -2  -1   2  -1  -1   0  -2   3   0    2   4   4   6   0   5  13   1   5   9  11   0   0   9   2   4   7   0  11   6  0.11 0.11
  237 D    -3   0   0   5  -5   5   1  -3   0  -1  -3  -1  -3  -1  -4  -1  -1  -5  -2  -2    0   4   3  31   0  31   8   1   2   4   2   2   0   3   0   3   3   0   1   3  0.74 0.36
  238 S    -1  -1   0  -1  -2   1  -1  -1   1   0  -2  -1   0   0   1   1  -1   2   4  -1    5   3   5   4   1   9   3   4   3   5   2   2   2   2   6  13   3   2  23   4  0.22 0.18
  239 K    -2   0   3   0  -4   0   1  -1  -2  -1   1   2   2  -2   1  -1  -1  -4  -1  -1    1   5  19   4   0   2   9   5   0   3  16  13   6   1   7   1   2   0   2   3  0.18 0.16
  240 G     2  -3   0  -3  -3   0  -2   3   0  -3  -4  -1  -2  -2  -1   3   0  -4   1  -3   20   0   3   0   0   4   1  26   2   2   0   3   1   2   2  24   4   0   5   0  0.45 0.27
  241 L    -3   1  -2  -3   2  -2  -2  -5  -1   0   2  -3   3   0  -5  -2  -1   2   6  -1    1   9   2   1   5   1   2   0   1   5  20   1  10   1   0   1   4   3  31   3  0.58 0.31
  242 A     1  -2  -2  -4  -2  -3  -3   0  -3   2   1  -3   0   1  -1  -1   1  -3   0   2   17   1   1   0   0   0   0   8   0  16  16   0   1   6   3   3   9   0   4  14  0.20 0.16
  243 E    -1   0  -1   2   0   2   3  -4  -3  -4  -2   0  -2  -5   5  -1   0  -5  -2  -3    3   5   2  11   3  11  23   0   0   0   4   4   1   0  26   2   5   0   1   1  0.63 0.31
  244 Y    -3  -4  -3  -5  -5  -4  -4   0  -3  -1  -1  -4   0   6  -2  -2  -3   2   6  -1    1   1   1   0   0   0   1   7   0   3   5   1   2  41   2   3   1   2  27   3  1.09 0.42
  245 A     3  -3  -1  -1  -3  -2  -1   1  -1  -1  -1  -2   1   0   0   1  -2   4  -2  -1   35   0   2   3   0   0   4  10   1   4   6   0   4   5   4   9   1   6   1   3  0.28 0.20
  246 W    -2  -4  -4  -2  -4  -2  -3  -1   5  -2   0  -2  -2   2  -3  -2  -3   7   6  -1    3   0   0   3   0   1   1   5  13   1   8   2   1   6   1   3   1  17  29   4  0.91 0.36
  247 S     0  -1   2   0  -3   1   1   2   0  -3  -3   0  -3  -2   0   2  -1  -3   3  -1    5   3  11   3   0   5  12  14   2   0   1   4   0   0   4  17   3   0  11   4  0.23 0.17
  248 H    -1   1   1  -3  -4  -1   1  -2   7  -1  -2   1   4  -3  -4  -1  -2  -4   1  -2    5   6   7   0   0   1   9   3  28   3   2   8  16   0   0   3   2   0   4   2  0.58 0.30
  249 A     2  -4   0  -2  -2  -3  -3   5   0  -4  -2  -2  -1  -3   1   1   0  -4  -4  -2   17   0   4   2   1   0   0  41   3   0   4   1   1   1   6  11   4   0   0   3  0.56 0.28
  250 I    -2  -2  -3  -1  -4  -3  -3  -4  -4   2   4  -3   3   0  -3  -4  -3  -4  -1   1    2   2   1   5   0   0   1   1   0  12  51   1   8   3   1   0   0   0   2   7  0.64 0.33
  251 V     0  -4  -3  -4  -2  -3  -4  -3  -2   5   1  -3   0  -2  -1  -1   0  -4  -1   2    6   0   1   1   0   1   1   2   1  43  10   1   2   1   3   4   5   0   2  16  0.56 0.30
  252 S     1  -1  -1   1   0  -1  -1   0  -3  -2  -1   0  -1  -4  -3   4   0  -4  -2  -3   11   2   1   8   2   2   4   6   0   2   6   6   1   0   1  42   4   0   1   0  0.43 0.30
  253 D    -2  -2   1   5  -3   1   3  -2  -3  -2  -2   0  -3  -4  -2   0  -2  -5  -4  -2    2   1   7  37   0   6  18   2   0   3   3   5   0   0   2   7   2   0   0   2  0.63 0.31
  254 Q    -1   0   0   1  -4   3   3  -1  -1  -4  -3   2  -3  -4   0   0   0  -4  -2  -3    5   3   4   7   0  17  24   5   1   0   2  13   0   0   4   7   4   0   1   1  0.41 0.24
  255 V     0  -1  -1  -1  -1   1   0   0  -2   1   1  -1   0  -1  -2   0   1  -3  -1   1    8   2   2   3   1   9   5   7   1   8  18   2   2   2   0   7  12   0   1  11  0.07 0.09
  256 Y    -1   0  -1  -2   1   0  -2  -3   2  -2   1  -2   0   2  -4  -1  -2   4   6  -1    5   4   3   2   3   5   2   2   4   1  13   2   3   7   1   4   1   6  29   3  0.46 0.25
  257 E    -1   1   0   2  -2   1   4  -3   0  -3  -2   1  -3  -4   1  -1  -1  -4  -3  -3    6   6   5  11   1   5  34   1   2   1   4   8   0   0   6   4   3   0   0   1  0.44 0.25
  258 R     0   1   1   0  -3   0   1  -1   1  -2  -2   1  -2  -3  -1   2   0  -3  -1  -1    9   9   6   3   0   4  11   2   4   2   4  10   1   0   2  22   4   0   2   3  0.19 0.15
  259 I    -1  -3  -2  -3   2  -1  -2  -2  -2   3   2  -2   2   1  -3  -2  -2   1   1   1    4   0   2   1   5   3   3   3   1  19  23   2   7   7   1   2   1   2   4  11  0.24 0.16
  260 K    -1   0   1  -2  -4   2   0  -2   1  -1   0   4   0  -2  -2   0   0  -1  -2  -3    3   3   9   0   0  11   6   3   3   3  12  28   2   1   1   7   4   1   1   0  0.27 0.21
  261 K    -1   3   0   0  -4   1   2  -1  -1  -2  -3   4  -2  -4  -2   0   0  -4  -3  -3    4  15   4   4   0   5  11   4   1   2   2  30   1   0   1   6   7   0   0   1  0.41 0.24
  262 T     0  -1   1   0   0   1   0   0   0   0   0  -1  -1  -1  -1   1   2  -1  -1   0    8   3   7   6   2   8   5   5   2   6   8   3   0   3   1  10  14   1   1   6  0.05 0.07
  263 C    -1  -3  -4  -5  10  -2  -5  -4  -5  -1  -1  -4  -4   0  -3  -2   0  -5  -3  -3    6   1   1   0  60   2   0   1   0   3   7   1   0   5   1   2   5   0   1   2  1.85 0.60
  264 N    -1   0   3   1   1   2   1   0   1  -1  -1   0  -2  -3  -1   0  -1  -3   0  -2    5   4  15   9   3  12  10   7   3   4   5   6   0   0   2   8   2   0   5   1  0.17 0.14
  265 F     0  -2   0  -1   1  -1  -1   0   1   0   0  -1   0   3  -2   0  -1   0   3  -1    6   2   4   2   4   3   3   8   3   7   7   3   2  16   1   9   2   1  14   4  0.15 0.13
  266 K     0   1   1   1  -3   0   1  -1   0  -1  -2   3   1  -3  -2   1   0  -1  -1  -1    6   7   6   8   0   4   8   4   2   4   2  21   5   0   1  13   4   1   2   3  0.19 0.15
  267 N     0  -1   3   2  -1   0   1  -1   2  -2  -2  -1  -2  -2  -3   1  -1  -1   1  -2    6   2  19  14   1   4  11   3   5   3   3   3   1   1   1  11   3   1   6   2  0.27 0.19
  268 S     0  -1  -1   0  -1   1   0   0   0   0  -1   0   0  -1   0   1   1  -1   1  -1    6   2   2   5   1   8   6   7   2   6   3   7   3   2   5  15  11   1   5   3  0.08 0.09
  269 N    -1  -1   4   1  -3  -1   1   0   2  -1  -2   0  -2  -1  -2   0  -1  -3  -1   0    4   3  24   7   0   2   8   8   6   4   4   6   0   3   1   6   3   0   2   7  0.20 0.14
  270 W     0  -1  -2   0   1  -2  -1  -1   2   0  -1  -1   1   1   0   0  -1   6   1   0    8   4   1   5   4   1   4   6   5   4   7   4   5   5   4   6   4  14   4   6  0.21 0.12
  271 T    -1   0  -1  -2  -1   0  -1  -2   0   0   0   0   1  -2   0   1   3   0  -1   1    4   6   3   1   1   3   3   2   2   4  11   4   3   1   4  15  19   1   1  12  0.14 0.15
  272 D    -2  -1   1   5   0   1   2   0  -2  -3  -4   0  -2  -4   2   0   0  -4  -4  -3    3   3   5  31   2   5  13   7   1   1   1   6   1   0  10   5   5   0   0   2  0.48 0.25
  273 D     0   0   0   2  -3   1   2  -1   0  -2  -1   2  -1  -2   2   0  -1  -3  -2  -1    9   5   3  14   0   5  15   3   2   3   6  12   1   1   9   7   2   0   1   3  0.20 0.14
  274 C    -3  -3  -4  -3  10  -2  -3  -4   0   0  -1  -4  -2  -2  -4  -1  -1   3   0  -3    2   2   1   2  55   2   2   1   2   5   5   1   1   2   1   5   4   4   3   1  1.68 0.59
  275 N    -1  -1   4   1  -2   2   2   0   0  -2  -2   0  -1  -3  -2  -1   0  -4  -2  -1    4   2  24   8   1  11  13   7   2   2   5   4   2   1   2   3   5   0   1   4  0.32 0.23
  276 A     1   0   1   0   0   0   1  -1  -1  -2  -1   2  -1  -1  -1   1   1  -2  -2  -1   14   5   7   3   2   2   8   4   2   1   6  17   1   3   2  11   9   1   1   3  0.13 0.14
  277 A     3  -1  -2  -2   3   0  -1  -1  -3   1  -1   0   0  -2  -2   0  -2   0  -2   1   34   2   2   1   8   4   5   3   0   8   6   7   3   1   2   4   1   2   1   9  0.27 0.22
  278 M    -2  -2  -1  -1   4  -1  -1  -2  -1   1   2  -2   3   0  -3  -1   0   0   0   1    2   2   3   4   9   3   5   2   1  10  22   1  10   3   1   4   4   1   3   9  0.18 0.15
  279 N    -1  -1   3   1  -2   1   1  -2  -2  -1  -1   0   1  -3  -2   2  -1  -4  -1  -2    5   2  18   9   1   6   9   2   0   4   6   6   5   0   1  16   3   0   2   3  0.22 0.19
  280 I     0  -1  -1   0  -1   0   0   0  -2   2   0   2   1  -1  -1  -1   0  -3  -1   1    5   2   2   5   1   4   7   7   0  14   9  15   4   2   2   3   6   0   2   9  0.05 0.09
  281 I     1  -3  -2  -2   2  -3  -2  -2  -4   4   1  -3   0   0   0  -1  -2  -3  -1   2   11   1   2   2   5   0   2   3   0  31  13   1   1   3   5   4   1   0   2  12  0.35 0.23
  282 F    -1  -2   0   1  -2   0   1  -1  -1   1   1  -1   1   2  -2   0   0  -2   2   0    3   1   4   7   1   4  11   4   1   7  16   2   3   9   1   7   4   0   9   5  0.08 0.10
  283 S     0   0   0   2  -2   1   1   0  -2  -2  -2   1  -2  -4  -3   3   1  -4  -3  -2    8   4   4  10   1   7  10   5   0   2   3   9   1   0   1  24   7   0   0   3  0.26 0.21
  284 Q     0   0   1   1   4   2   3  -1   1  -2  -2   1  -2  -3  -1   0  -1  -3  -1  -2    7   3   7   7   9   8  19   4   4   2   4   9   0   1   3   6   2   0   2   1  0.22 0.18
  285 Y    -1  -1  -1  -1   2   0  -1  -3  -1   0  -1  -1  -2   3  -1   0   2  -2   5   0    4   3   2   3   4   5   3   1   1   4   4   4   0  12   3   5  14   0  22   5  0.33 0.24
  286 N    -2  -2   3   3  -1   0   2   2   1  -4  -4  -1  -1  -4  -2   1   0  -4  -3  -3    3   1  18  16   2   3  14  15   3   1   1   4   2   0   1   9   6   0   1   1  0.41 0.26
  287 Q    -1   0   1   1   1   2   1   1   1  -2  -2   2  -1  -2  -2   1  -1  -3  -1  -3    4   4   8   9   3   9   9  10   3   2   2  15   2   2   1  10   3   0   1   1  0.18 0.15
  288 I    -2  -2  -3  -2   2  -1   0  -2  -1   4   2  -3   0   0  -2  -1   0   1  -1   2    1   2   0   1   4   2   8   4   1  25  17   1   1   3   2   3   4   2   2  14  0.24 0.19
  289 D    -3  -2   5   5  -1  -1   0  -1   1  -3  -2  -2  -1  -3  -2   1  -2  -4  -4  -4    1   1  26  31   1   2   5   5   3   1   4   1   2   1   2  11   2   0   0   1  0.72 0.38
  290 I     0  -2  -2  -2   2   0  -1  -2  -3   3   0  -1   1   1   1  -1   0  -3   0   2    6   1   1   1   5   4   3   3   0  18   6   5   4   7   7   4   5   0   4  16  0.14 0.13
  291 Y    -1  -2  -2  -2  -2   0  -1  -1   0  -2  -2  -2  -3   2  -4  -1  -2   4   7  -1    5   2   2   2   1   4   3   5   2   2   3   2   0   7   1   4   2   6  43   4  0.90 0.43
  292 N    -2  -1   5   3  -3   0   0  -1   2  -2  -3   0  -3  -4  -2   1   0  -4  -3  -2    3   3  28  15   0   4   6   3   5   2   3   4   0   1   1  12   6   0   1   2  0.48 0.28
  293 I    -2  -3  -3  -3   3  -4  -4  -4  -3   5   1  -4   1   0  -4  -2  -2  -4   0   3    3   1   1   2   7   1   1   1   1  38  10   1   4   3   1   3   2   0   3  20  0.70 0.35
  294 Y    -3   2  -1  -3   2  -3  -1  -4   0  -1   2  -2  -2   2  -4  -2  -2  -2   5   1    2  10   3   1   5   1   4   1   2   2  18   2   0   7   1   4   2   0  26   9  0.47 0.29
  295 A     1  -1   0   0   0   0   0  -1   0   0   0   0  -1  -1   1   1   1  -2  -1   0   11   3   3   7   2   3   7   4   2   5   8   5   0   2   6  11  11   0   1   8  0.05 0.06
  296 P     0  -1  -1   1   1  -1  -1  -2  -3  -3  -2   0  -3  -3   6   0  -1  -3  -3  -1    7   4   3   9   3   2   4   3   1   1   4   5   1   1  37   7   3   0   1   4  0.65 0.29
  297 K     0   0   1   1  -1   0   1  -1  -1  -1  -1   1  -1  -2  -1   0   1  -3  -2   0    9   5   7   8   2   3   8   4   1   2   7  13   2   1   2   7  10   0   1   9  0.08 0.08
  298 C    -1  -3  -3  -1   9  -3  -1  -2  -1   1  -2  -1  -2  -4  -3   0  -1  -4  -3  -2    5   1   1   4  45   1   5   4   2   7   4   4   1   1   2   6   4   0   1   2  1.19 0.49
  299 L    -1  -2  -2   0   1  -2  -1   0  -1   3   2   0   1  -1  -2  -1  -2  -2   2   1    3   2   1   5   3   1   3   7   1  18  20   8   4   1   1   3   1   0   7   9  0.14 0.12
  300 L    -2  -2  -2   1   2  -2  -2  -1  -1   0   3  -1   2  -1  -2  -1   0   0   2   0    3   1   1  10   4   1   1   5   1   3  31   5   5   2   2   4   7   1   8   4  0.18 0.16
  301 N    -1  -2   4   2   2   1   0   0   1  -3  -3   0  -1  -2   0   0   0  -3   0  -2    5   1  25  10   4   5   6   6   3   1   2   5   2   1   5   8   5   0   3   2  0.30 0.20
  302 S     0  -1   2   1  -1   0   0   0  -2  -2  -1  -1  -1  -1   0   2   0  -3   0   0    6   2  10   7   1   5   6   7   0   1   6   3   2   2   5  21   5   0   3   7  0.12 0.12
  303 T     0  -2   1   0   1  -1  -1  -2  -1   0   0  -1  -1  -2   1   1   3  -3  -1   0    7   1   7   6   3   2   2   2   2   6  12   4   1   1   7  12  20   0   2   5  0.14 0.13
  304 S     0   0   1   0   0   0   0  -1  -1  -1   1   0   0  -1   1   1   0  -2  -1  -1    8   4   6   4   3   5   4   4   1   3  16   7   1   3   7  13   6   0   1   3  0.06 0.08
  305 A     1   0   0   0   2   0   0  -1   0   0   0   1   1  -2  -1   1   2  -2  -1  -1   10   5   3   4   5   2   6   5   3   5   8   8   4   1   2   9  14   0   2   4  0.06 0.08
  306 S     0   0   0   0   0  -1  -1   0  -1   0  -1   0  -1   0   0   2   2  -2  -1  -1    8   4   4   5   2   2   3   7   2   5   5   6   1   4   4  19  14   0   2   4  0.09 0.10
  307 S     0   0   1   0  -2   0   0   0   0  -2  -2  -1  -1  -1   1   2   2  -3  -1  -1    6   4   5   4   0   3   7   8   2   2   4   3   1   2   6  22  14   0   3   3  0.16 0.14
  308 P    -1   0  -2  -1  -3   0  -1  -1  -1  -2  -1  -1   0  -2   6   0  -1  -3   1  -2    4   6   2   3   0   3   4   5   1   2   7   3   3   2  37   6   3   0   6   2  0.60 0.27
  309 D    -1  -1   1   4  -2   1   2  -1  -1  -1  -1   1  -2  -2  -1   0  -1  -2   0  -1    3   2   6  25   1   5  11   4   1   3   6   7   1   2   3   6   3   0   4   5  0.23 0.14
  310 R    -1   2  -1  -1   3   1   0  -1  -1   0  -1   2  -1   0   0   0   0  -2   0  -1    4  15   3   2   7   6   4   4   1   6   6  14   1   4   3   8   4   0   3   4  0.11 0.08
  311 A     1   0   0   0   3   0   0   0  -1  -2  -1   0   0  -1   0   1   0  -2   1  -1   10   4   5   6   8   3   5   7   1   2   6   5   3   2   5  13   7   0   6   3  0.08 0.07
  312 F     0   0   0  -1   0   0  -1   0   0   0   0   0   1   2   0  -1   0  -1   3   0    7   5   4   3   2   3   3   6   1   8   9   5   4   8   4   3   4   0  12   8  0.04 0.05
  313 F    -1   0  -1  -1  -1   1   0  -1   0   0   0  -1   1   3   0  -1  -1   2   3  -1    4   5   3   4   1   7   7   4   3   6   8   2   3  13   5   3   3   2  13   3  0.13 0.09
  314 A     0   0  -1  -1   3   1   0   0  -1  -1   0   0  -1  -1   0   0   0   1   0  -1    7   6   3   3   7   7   6   8   1   4  11   6   1   1   4   9   7   2   3   5  0.05 0.05
  315 N    -1   1   3   1  -2   0   0   0   0  -1  -1   1  -1  -1  -1   0   1  -2   0  -1    5   7  17   6   1   2   6   7   2   4   5   8   2   3   3   7   8   0   3   5  0.10 0.07
  316 N    -1  -1   4   0  -2   1   0   1   0  -1  -1   0  -1  -1  -1   0   0  -2  -1   0    3   2  25   5   1   7   5  11   2   4   7   4   2   2   3   4   5   0   2   7  0.19 0.14
  317 Q    -1   1  -1  -2   1   3   1  -2   0  -1  -1   1   3  -2   0   0   0   0  -1  -1    4   7   1   2   3  17   8   3   2   2   6  10   9   1   4   7   4   1   2   5  0.18 0.14
  318 E    -2   0   1  -1   4   0   1   0   0  -2  -1   0  -1  -1  -1  -1   0   1   3  -2    2   5   9   3  12   5  10   8   2   2   6   7   1   2   3   3   5   2  11   2  0.18 0.13
  319 Q    -1   0   0   1   1   0   0  -1  -1   1  -1   0   0  -1   0   0   0  -1   1   1    2   7   4  11   4   5   5   3   1  10   5   5   2   2   6   5   4   1   5  13  0.04 0.06
  320 F    -1   0   2  -1   0  -1  -1  -2  -1   1   0  -1   2   2  -1   0  -1   0   4  -1    3   5  13   2   2   2   3   3   1   8   7   3   7   9   2   6   3   1  16   4  0.19 0.15
  321 R    -1   4   1   1  -3   0  -1  -2  -2  -2  -1   1   4  -3   0  -1   0  -3   0  -2    5  22   6   9   0   3   4   2   0   2   3   7  15   1   4   5   5   0   3   3  0.30 0.21
  322 W    -1  -1  -3  -2  -3  -1  -3  -2  -2   0   0  -1  -1   0  -1  -1  -3   6   6   0    6   4   1   2   0   2   1   3   0   6  10   3   2   3   4   5   1  11  30   6  0.62 0.31
  323 R    -2   3  -1   4  -2  -1  -1  -2  -1  -2   0   0  -1  -2   1  -1  -2  -3   0  -1    3  21   2  25   1   1   2   2   2   2   9   6   2   2   6   4   2   0   3   5  0.33 0.21
  324 I    -1  -1  -1   0   0  -1  -1   1  -1   1   1  -1   0   0  -1  -1   0  -2   1   1    2   2   3   6   2   2   3  10   1  10  14   3   3   4   3   3   4   0   6  16  0.04 0.06
  325 K     0   3   1   0  -3   0   0  -1  -2  -2  -1   2  -2  -3  -1   1   1  -1  -2  -1    7  22   5   6   0   2   4   4   0   2   5  14   0   1   2   9  11   1   1   4  0.24 0.17
  326 M    -1  -1  -2  -2   3  -1   0  -2  -2   0   3  -1   3   0  -1  -2   0   0   0   0    4   3   2   2   7   3   6   3   1   3  29   3  10   4   2   2   8   2   2   4  0.19 0.15
  327 F    -1   1  -2  -1   1  -1   0  -2  -1   0   0   0   0   1   1   0   0  -2   1   0    4  10   1   3   3   1   9   3   1   4  12   5   3   9   6   5   6   0   6   9  0.05 0.07
  328 S     0   0   0   4   1   0   1   0  -1  -3  -2  -1   0  -2  -1   1   0  -3  -3  -3    7   6   3  27   4   3   7   7   1   1   3   3   3   1   3  14   4   0   1   1  0.30 0.19
  329 G     0  -2   0   0   1  -1   0   2  -2  -2  -1  -1  -1  -3   0   2   2  -3  -2  -1    5   2   3   4   3   1   7  20   1   1   5   3   2   1   4  20  13   0   1   4  0.22 0.16
  330 Y    -1  -3   0  -1  -3  -2  -2  -1   1  -1  -2  -2   1   2  -2   0   0  -1   6   0    4   1   4   3   0   1   2   6   3   2   4   3   3   9   2   9   5   0  30   9  0.45 0.26
  331 D    -2  -3   3   4  -3  -2   1  -2   0  -3  -3  -2  -3  -3   4   1  -2   0  -3  -1    3   1  12  26   0   1   8   2   2   1   3   1   1   1  19   9   1   2   1   5  0.57 0.29
  332 P     0  -3  -2  -1  -3  -3  -1  -3  -3  -3   0  -3  -3  -4   6   2  -1  -4  -4   0    6   1   2   3   0   1   3   1   0   1  11   1   0   1  39  19   3   0   1   7  0.82 0.40
  333 C    -3  -5  -5  -5  10  -4  -1  -5  -5  -3  -4  -4  -4  -1   0  -1  -2  -5  -2  -3    2   1   1   1  67   1   5   1   0   1   2   1   0   2   5   5   2   0   1   1  2.37 0.81
  334 Y    -2  -2   0   1  -3  -1  -1   3  -2  -2  -1  -2   0  -1  -1  -1   0   1   5  -2    2   1   5  10   0   3   3  21   0   1   7   1   3   2   3   2   8   2  22   3  0.32 0.24
  335 S    -1   0   0   0   0   1   0  -2  -2  -1   0  -1   4  -1   1   1   1  -3  -2  -1    2   6   5   6   2   6   7   3   0   1   8   3  16   3   7  12   7   0   1   4  0.15 0.18
  336 S    -1  -1   3   2   0   0   0   0   1  -3  -2   0  -2  -1  -1   1   1  -3   0  -2    4   3  19  10   2   4   6   7   3   1   3   5   0   3   3  13   8   0   4   1  0.20 0.16
  337 Y    -3  -3   0  -2  -4  -1  -1  -2   0   0   0  -3  -1   0  -2  -3  -2   8   6  -1    2   1   6   2   0   2   4   3   2   6   8   1   1   3   2   1   3  20  26   5  0.80 0.39
  338 A     1  -2   0  -1  -2  -1  -2  -2  -2   1   0  -2   1   0   4   0   0  -3   0   1   12   2   5   3   0   2   1   2   0   8   8   1   5   4  19   7   5   0   4  13  0.22 0.16
  339 E     0   0   0   0  -3   0   2  -2  -1  -1  -2   0  -1  -3   3   1   1  -3  -1  -1    8   6   3   6   0   4  13   2   1   4   4   5   1   1  13  11  11   0   2   4  0.18 0.14
  340 D     0  -1   1   4  -1   1   1  -3  -1  -1  -3   2  -2  -2   0  -1  -1  -4  -1  -1    8   1   8  27   2   6  10   1   1   3   1  13   1   2   4   2   3   0   3   5  0.33 0.23
  341 Y    -5  -2  -5  -6  -5  -5  -3  -6  -3  -4   0  -3  -4   5  -6  -5  -5   7   8  -4    0   3   0   0   0   0   2   0   0   0   8   2   0  22   0   0   0  14  45   0  1.74 0.70
  342 F     0  -4  -5  -5  -4  -4  -4  -5   0  -1   5  -4   2   3  -3  -3  -3   0   1   0    9   0   0   0   0   0   0   0   2   1  58   0   4  11   1   2   0   1   4   4  0.83 0.44
  343 N    -4   2   7  -1  -5   0  -3  -1  -1  -5  -3  -3  -1  -1  -4   1  -2  -5  -4  -2    0  12  55   3   0   4   0   4   1   0   2   0   2   3   0   8   2   0   0   3  1.13 0.57
  344 K    -3   5   2   1  -5   3  -2  -4  -1  -2   0   1  -3  -2  -4  -2  -1  -5  -3   0    0  30  10  10   0  13   1   0   1   1  12   7   0   1   0   2   3   0   1   7  0.49 0.35
  345 H     0   0  -1   0  -5  -1   2   0   2  -4  -3   2  -2  -5   5  -1  -1  -5  -2  -3    8   5   2   4   0   2  14   8   6   0   2  14   1   0  26   2   4   0   1   1  0.52 0.32
  346 D    -1  -2   0   4  -4   0   3  -2   1  -3  -2   0  -3  -2   0   1  -1  -5  -1  -3    4   1   4  28   0   3  21   3   3   1   5   4   0   1   5   9   3   0   2   2  0.44 0.30
  347 V    -3  -5  -6  -6  -4   0  -5  -6  -6   1  -2  -5  -1   0  -6  -5  -2   3  -4   7    2   0   0   0   0   5   0   0   0   4   2   0   1   4   0   0   2   4   0  74  1.49 0.70
  348 Q    -4   5  -2  -4  -5   4  -3  -2  -2   0  -1   1   4  -5  -5  -3  -2  -5  -4   0    0  35   1   0   0  23   0   3   1   6   6   6  10   0   0   0   2   0   0   6  0.81 0.49
  349 E    -1   2  -1   2  -5   3   3  -4  -1  -5  -4   4  -1  -5  -3   0  -2  -5  -4  -4    5   9   2   9   0  12  18   0   1   0   1  33   1   0   0   6   2   0   0   1  0.66 0.40
  350 A     6  -4  -2  -3  -4  -2  -3  -2  -5  -2  -5  -1  -2  -6   0   1  -2  -6  -5  -3   70   0   2   1   0   2   1   2   0   2   0   4   1   0   4  10   1   0   0   1  1.19 0.65
  351 F    -4  -5  -6  -3  -4  -5  -6  -7  -6   3   5  -6   2   2  -3  -3  -4  -5  -4   0    0   0   0   1   0   0   0   0   0  14  64   0   4   8   1   2   0   0   0   5  1.17 0.57
  352 H    -4  -3   2  -1  -5   0  -1   2   9  -5  -4  -1  -1  -4  -4  -1  -4  -5  -2  -3    1   1   9   3   0   3   3  13  50   0   1   4   2   0   0   5   0   0   0   2  1.37 0.60
  353 A     3  -1  -3  -4  -3   0  -3  -3  -1   3   0  -2   0  -3  -3  -2  -2  -4  -3   4   28   4   0   1   0   5   1   2   2  17   5   1   2   0   1   2   1   0   0  28  0.46 0.31
  354 N    -2   0   5   1  -3   1   0   0  -2  -1  -1   0  -1  -3   0  -1   0  -4  -3  -1    2   5  34   8   0   5   7   6   0   3   7   4   2   1   5   3   5   0   0   4  0.38 0.25
  355 A     0   1   1   0  -2  -1   1  -2  -1   0   0   1   1  -2   2   1   0  -3  -2   1    5   8   8   4   0   1   8   1   1   4   7  10   5   1   9   9   5   0   0  14  0.11 0.11
  356 S    -1   0   3   2  -3   1   1   1   1  -2  -2  -1  -2  -3  -1   1   2  -1  -3  -2    2   5  16  11   0   5  10   9   3   2   3   2   0   1   3  10  13   1   0   3  0.23 0.17
  357 G    -1   0   1  -1  -2  -1  -1   3   0  -2  -1   2  -2   0  -1   1   0  -2  -2  -2    3   3   7   3   0   2   3  25   2   1   7  17   1   4   2  10   7   0   1   2  0.22 0.15
  358 L     0  -1   0  -1  -1   0   0  -2  -1   1   1  -1   0   0   1  -1   0  -2  -1   1    7   3   5   3   1   4   5   3   1  11  15   3   1   6   7   4   4   0   1  16  0.05 0.05
  359 L    -1  -1   0  -1  -1  -1  -1  -1  -1   2   2  -1   0   0  -1   0   1  -2  -1   1    4   4   5   3   1   1   4   6   1  16  21   4   2   3   2   5   9   0   1   8  0.05 0.06
  360 P    -1   0   0   1  -2   0   0  -2   0  -2  -1   1  -1  -2   4  -1   0  -2  -2   0    4   4   4   9   1   5   4   3   3   2   7  12   1   1  23   4   4   1   1   8  0.28 0.12
  361 G    -1  -1   0  -1  -3  -1  -1   3   1  -1  -2   1  -2  -1  -1   0  -1  -2   3  -2    5   3   3   3   0   2   4  25   4   4   4  12   1   2   3   9   3   0  11   2  0.20 0.15
  362 K    -1   1   1   1  -3   1   1   1   1  -3  -3   3  -3  -3   0   1   0  -3  -2  -3    3   7   5   6   0   5  10  12   3   1   1  22   0   1   5  10   5   0   2   1  0.27 0.19
  363 W    -5  -6  -6  -3  -6  -3  -2  -6  -5  -5  -1  -6  -5   2  -6  -6  -5  12   3  -5    1   0   0   2   0   1   3   1   0   0   5   0   0   6   0   0   0  67  10   0  3.06 1.01
  364 Q    -1  -1   1   1  -3   1   2  -1  -1  -1  -2   2   0  -3  -2   1   2  -3  -3   0    2   3   5   8   0   6  13   4   1   3   3  12   2   0   1  11  17   0   0   9  0.20 0.18
  365 V    -1   1   0  -1  -3   0   4  -2  -1   1  -1  -1   1  -2  -1   1  -1  -4  -1   0    4  10   4   2   0   2  31   2   1   9   5   1   4   1   2  12   3   0   2   6  0.27 0.24
  366 C    -2  -5   0  -5  11  -5  -5  -3  -5  -1  -3  -5  -4  -2  -5  -3  -3  -5  -5  -4    3   0   4   0  75   0   1   2   0   4   2   1   0   2   0   2   2   0   0   1  2.75 0.90
  367 S    -1  -1   5   1  -4  -2  -2  -3   0  -4  -4  -2  -4  -4   0   4   0  -5  -2  -3    4   4  29   6   0   0   1   1   2   0   1   2   0   0   4  36   6   0   2   2  0.76 0.45
  368 D    -2  -1   2   3  -4  -2   1   2  -2  -3  -3  -2   1   1  -2   0   0   2   0  -3    2   3  13  19   0   0  10  18   0   0   2   1   4   7   2   6   4   3   3   1  0.31 0.23
  369 Q     0   1   0   2  -3   1   0   0   1  -1  -2   1  -1  -3  -1   0   1  -3  -2   0    9   6   3  16   0   5   6   6   4   2   3  13   1   0   2   4   9   0   1  10  0.13 0.13
  370 I    -3  -3  -2  -4  -1  -4  -3  -5  -4   4   1  -4   0   0  -3  -3  -1  -4   0   5    1   1   2   0   1   0   2   1   0  22  12   0   2   3   1   1   2   0   3  45  0.75 0.39
  371 L    -1   0   2  -1  -2   0  -1   1  -1   0   0  -1   0   1  -2   0   0  -1   1   0    4   5  14   1   0   5   3  14   1   6   7   3   3   6   1   7   4   1   6   8  0.07 0.09
  372 N    -1   2   3   1  -3   1   0  -1   0  -2  -2   1  -1  -2  -1   1   0  -1   0  -2    4  13  15   6   0   6   5   4   3   3   4  11   1   1   2   9   7   1   4   1  0.17 0.12
  373 S     1  -1   2  -1  -3   1   0   0   1  -2  -1   0   0  -2   1   1   0  -3  -1  -1   13   1  14   2   0   7   5   7   4   0   5   5   3   2   8  13   5   0   2   3  0.16 0.14
  374 Y    -3  -1  -2  -2  -4  -3  -1  -2   0  -2   0  -2   3   5  -3  -2  -2   6   5  -1    1   4   2   2   0   1   4   4   2   1   8   2   8  23   1   3   1  10  20   4  0.63 0.33
  375 N    -1   1   3   1  -3   0   0  -2   2  -1   0   1  -1  -2  -3   1   0  -2  -2  -1    3   9  17  10   0   2   6   1   5   3  11  10   1   1   0   9   6   1   1   4  0.17 0.16
  376 F     0   0   0   2  -3   0   0  -3   1  -1  -1   0   0   4   0  -1  -1   0   2  -1   11   5   4  15   0   3   4   1   3   3   3   6   2  20   5   2   4   1   6   4  0.18 0.17
  377 S     0  -1   0   3  -2   1  -1  -1   1  -2  -2   0  -3  -2   2   1   1   2  -3  -1    7   3   3  22   1   6   1   4   4   2   3   6   0   2   9  12   8   3   0   4  0.23 0.19
  378 V     1  -2  -1  -1  -2  -2  -1   1   0   1  -1  -2   0  -1   1   1   0   2   1   1   16   1   3   2   0   0   2   9   2  11   3   2   2   2   8  13   3   3   5  12  0.12 0.14
  379 L     0   1  -1   1  -3   1  -1  -2  -2   1   0   2   2  -1   0  -1  -1  -3  -2   0    5   9   3   9   0   5   1   3   0   8   8  15   9   3   5   4   4   0   0   9  0.10 0.13
  380 S    -1   0   1   1  -4   0   1  -1   2  -4  -4   0  -4  -4   1   3   0   5  -2  -3    2   5   5   8   0   2  10   4   5   0   0   6   0   0   7  30   5   7   1   1  0.42 0.30
  381 I    -1  -3  -1  -4  -3  -3  -3  -3  -4   1   1  -2   6  -1  -2   2  -1   0  -2   2    4   0   3   0   0   0   1   1   0   6  14   2  22   2   2  22   2   1   1  16  0.47 0.34
  382 L    -2  -2  -3  -4  -2  -1  -2  -4  -4   3   3   1   1   0  -4  -2  -1  -4  -3   1    2   1   1   0   1   3   2   0   0  22  34  12   3   3   0   2   3   0   0  10  0.45 0.28
  383 P    -2  -3   0  -1  -5   0   1  -4   0  -5  -5  -2  -5  -4   7   0  -1  -5  -3  -4    3   1   4   4   0   3   9   0   2   0   1   2   0   1  58   6   3   0   1   1  1.41 0.58
  384 I    -1  -2  -2   0  -2  -1  -1  -3  -2   2   1  -2  -1   2  -3  -1   0   3   3   1    3   2   1   6   0   2   3   1   0  17  14   2   0   8   1   4   5   4  14  10  0.22 0.15
  385 Y    -3  -3  -3  -4  -3  -3  -3  -4   5   2   2  -3   0   2  -3  -2  -3  -2   5   2    1   1   1   1   0   1   1   1  14  11  24   1   2   7   1   2   1   0  20  12  0.59 0.30
  386 S     0   1  -1   0  -3   0  -1  -2   3  -2  -1   2   2  -3   3   0  -1  -3  -2  -1    7   6   2   6   0   3   2   2   8   2   6  16   6   1  16   7   3   0   1   4  0.23 0.16
  387 K    -1   1   2   1  -4   0   3   0  -2  -3  -2   3  -3  -3  -1   0   0  -4  -1  -2    4   8  11   7   0   2  20   6   0   0   4  19   0   1   2   6   4   0   2   4  0.27 0.20
  388 L    -3  -3   1  -2  -4  -4  -1  -5  -4   2   5  -3   0  -2  -4  -2  -3  -4  -1   1    1   1   8   2   0   0   4   0   0  13  57   1   1   0   0   3   0   0   2   7  0.73 0.39
  389 I    -2  -4  -3  -4  -3  -4  -4  -5  -4   4   4  -4   2  -1  -4   0  -1  -4  -3   2    2   0   1   0   0   0   0   0   0  24  38   0   6   1   0   9   3   0   0  14  0.65 0.34
  390 K     0  -2   0   0  -3   1   3  -1  -2   1   0   0  -2  -3   2   0  -1  -3  -1  -2    8   0   5   4   0   7  22   3   0  10  11   6   0   0   9   7   2   0   3   1  0.19 0.18
  391 A     2  -1   2   0  -3   1   2   0   1  -4  -3   1  -3  -4  -2   2  -1  -4  -1  -3   18   1  13   5   0   5  13   7   3   0   2   7   0   0   1  18   3   0   2   1  0.30 0.23
  392 G    -2  -1   2   0  -4   0   1   5   1  -3  -2   0  -3  -4  -3  -1  -1  -4  -4  -3    2   2   8   4   0   3  10  48   3   1   4   5   0   0   1   2   3   0   0   1  0.69 0.33
  393 L    -3  -4  -3  -5  -3  -1  -4  -5  -3   4   2  -4   1   0  -3  -4  -1  -3   4   3    0   0   1   0   0   3   0   0   0  25  18   0   4   3   1   0   3   0  17  21  0.64 0.35
  394 R    -3   5   1  -2  -5   0   1  -4  -3  -5  -3   2  -4  -5   5  -2  -3  -5  -4  -5    1  32   7   2   0   4  10   0   0   0   3  13   0   0  25   1   1   0   0   0  0.91 0.45
  395 V    -2  -5  -5  -2  -4  -5  -5  -5  -5   4  -1  -5   0  -2  -5   1  -1  -5  -4   5    2   0   0   3   0   0   0   0   0  28   3   0   2   1   0  12   3   0   0  47  1.00 0.50
  396 W    -4  -4  -6  -6  -4  -5  -5  -5  -5   2   5  -5   3  -1  -5  -3   0   6  -3   0    1   1   0   0   0   0   0   1   0  10  56   0   6   2   0   1   6  12   0   5  1.08 0.51
  397 L    -4  -6  -6  -6  -4  -5  -6  -7  -6   5   4  -6   0   0  -6  -5  -4  -5  -4   3    0   0   0   0   0   0   0   0   0  38  35   0   1   4   0   0   0   0   0  22  1.20 0.53
  398 Y    -4  -6  -6  -7  -6  -6  -6  -4  -3  -3  -4  -6  -4   7  -7  -6  -6   0   8   0    1   0   0   0   0   0   0   1   0   1   0   0   0  39   0   0   0   1  51   6  2.19 0.83
  399 S     3  -4   5  -3  -5  -2  -2  -4   0  -6  -6  -3  -5  -5  -4   5  -2  -6   0  -5   23   0  28   0   0   2   2   0   2   0   0   0   0   0   0  39   1   0   3   0  1.05 0.59
  400 G    -2  -6  -4  -5  -6  -5  -6   7  -6  -7  -7  -5  -6  -7  -6  -3  -5  -6  -7  -7    3   0   0   0   0   0   0  95   0   0   0   0   0   0   0   1   0   0   0   0  2.46 0.87
  401 D     0  -4   1   7  -6   3   1  -4  -4  -6  -6  -3  -1  -6  -5  -3  -4  -6  -6  -6    9   0   6  62   0  13   7   0   0   0   0   0   2   0   0   1   0   0   0   0  1.50 0.66
  402 A     1   1   0  -3  -3   1   0  -3   4  -2   1   1  -1  -1  -3  -1   1   0   1  -1   15   6   4   0   0   6   6   0  12   1  15  11   1   2   0   1   9   1   5   5  0.19 0.20
  403 D    -6  -6  -3   8  -7  -4  -3  -5  -5  -7  -7  -5  -7  -7  -5  -4  -2  -8  -7  -7    0   0   0  95   0   0   0   0   0   0   0   0   0   0   0   0   3   0   0   0  2.78 0.99
  404 G    -1  -3  -3  -3  -3  -2  -2   2  -2   1   2  -3   3   3  -3   0  -1   1   1  -1    5   1   1   1   0   1   3  17   0   9  18   1   9  14   1   8   4   2   5   2  0.23 0.18
  405 R     0   1  -3  -4   0  -3  -2  -4  -4   5  -1  -3   0  -3  -4  -3   1  -4  -3   3    7   8   1   1   2   1   3   1   0  42   3   1   2   0   0   1  11   0   0  17  0.60 0.32
  406 V    -3  -4  -4  -2   8  -4   0  -4  -4   2  -1  -4  -1  -4  -4  -2  -1  -4  -4   3    1   0   0   2  38   0   8   1   0  11   5   1   1   0   0   3   3   0   0  24  1.12 0.45
  407 P    -1  -3   6   1  -2  -2  -1  -2  -3  -4  -3  -3  -4  -5   5   0  -3  -5  -4  -4    6   0  37   7   1   1   4   2   0   0   3   1   0   0  30   5   1   0   0   1  1.00 0.44
  408 V    -1  -2  -4  -5  -2  -4  -4  -4   2   0   1  -4   2   3  -5  -2   0   7   4   1    4   3   0   0   1   0   0   1   6   4  12   0   7  13   0   2   6  18  15  10  0.70 0.35
  409 I    -1  -4  -4  -5  -3  -2  -4  -4  -4   4   4  -3   2  -2  -3  -1   2  -4  -2   1    4   0   0   0   0   2   0   1   0  23  37   1   6   0   1   3  14   0   1   6  0.59 0.33
  410 S     1  -4  -2  -2   3  -2  -4   5  -1  -4  -2  -2   1  -5  -4   2  -1  -5  -4  -3    9   0   1   2   7   2   0  49   1   0   3   1   4   0   0  14   4   0   0   1  0.79 0.39
  411 S    -2  -3   5   1  -4   0  -1  -2  -3  -2  -4   0  -4  -5  -4   0   4  -5  -4  -3    3   1  32   6   0   4   4   3   0   2   1   4   0   0   0   7  33   0   0   1  0.77 0.43
  412 R    -3   3  -1  -1  -5   3   4  -3   0  -4  -1   2   2  -4  -4  -1  -2   2   0  -4    0  14   2   2   0  13  26   2   2   0   7  11   7   0   0   4   2   3   3   0  0.47 0.31
  413 Y     3   1  -1  -2  -4   1   0  -2   0  -3  -3   1   1  -1  -2  -1   0   1   4  -3   30   9   2   1   0   7   7   1   2   0   1   7   3   2   1   3   5   2  16   0  0.34 0.28
  414 C    -2  -5  -5  -6  -1  -5  -5   0  -5  -3   0  -2   2   2  -6   1  -2  10  -1   0    3   0   0   0   1   0   0   8   0   1   7   2   5   7   0  10   2  46   1   6  1.64 0.64
  415 V    -1  -4   0  -4  -3  -2  -4  -2  -4   4   1  -4   0  -3  -4   0   3  -5  -4   3    3   0   6   0   0   1   0   3   0  25  12   0   2   0   0   8  20   0   0  21  0.49 0.32
  416 E    -2   1   1   2  -4   1   3   1   1  -2  -3   2  -1  -4  -3   0  -2  -4  -1  -3    1   9   8  10   0   4  21  12   4   2   1  14   2   0   0   5   1   0   2   1  0.34 0.23
  417 A     3  -1   0  -1  -3   0   0   1  -1  -3  -3   2  -1  -4  -3   2  -1   1  -3  -3   29   1   5   3   0   4   6   8   2   1   1  16   2   0   0  17   3   2   0   1  0.34 0.27
  418 L    -4  -3  -2  -5  -4  -4  -3  -6  -1  -1   5  -1   5  -1  -5  -2   0  -4  -1  -1    0   0   2   0   0   0   1   0   1   1  61   5  14   2   0   2   5   0   2   2  0.91 0.47
  419 G    -2  -1   3   1  -5   0   3   4  -3  -4  -3   1  -4  -5  -4  -1  -2  -5  -4  -5    2   2  16   7   0   3  20  34   0   1   2   9   0   0   0   2   1   0   0   0  0.65 0.36
  420 L    -3  -2  -6  -6  -5  -2  -5  -6  -4  -1   2  -3   1   4  -5  -5  -2   9   4  -3    1   2   0   0   0   2   0   0   0   3  24   1   3  19   1   0   3  29  12   0  1.33 0.53
  421 P    -1  -1   1  -2  -4   0   1  -2  -3  -3  -3   2  -3  -2   4   2   1  -5  -4  -3    4   3   8   1   0   4  11   3   0   2   3  11   0   2  21  20   9   0   0   0  0.45 0.29
  422 I    -1  -2   0  -2  -3  -1  -1   3   0   2   0  -2   1   0  -2   0   0  -1  -2   1    3   2   4   1   0   2   5  23   2  13   8   1   4   4   1   5   8   1   1  12  0.13 0.13
  423 K    -1   0   1  -1  -4   2   0  -1   2   0  -2   3  -2  -4  -2   1   1  -4  -3   0    4   3   7   2   0  11   4   3   6   6   2  24   0   0   2   8  11   0   0   6  0.26 0.22
  424 T     0  -1  -1   1  -3   0   0  -2  -1   0  -1   2  -1  -1   1   0   2  -4  -1   0    8   2   2  11   0   3   4   1   1   4   6  17   1   3   7   5  19   0   1   6  0.16 0.17
  425 D    -1   0   1   3  -4   1   2   1  -2  -2  -4   1  -3  -4   1   0   1  -5  -4  -2    3   3   6  20   0   5  16  10   0   3   1  11   0   0   7   4   8   0   0   2  0.33 0.22
  426 W    -4   0  -1  -6  -6  -1  -3  -4  -4  -5  -3  -1  -4   4  -6  -4  -2  11   4  -3    1   5   3   0   0   3   1   2   0   0   2   4   0  14   0   1   3  48  11   2  1.98 0.71
  427 Q     0   4   1  -1  -4   2   0  -1   1  -2  -2   2   0  -2  -3  -1   0  -3   2  -2    6  24   7   4   0   9   5   3   3   3   3  12   2   1   0   3   4   0   9   2  0.29 0.22
  428 S     1  -2   0   3  -4  -1  -1  -1  -2   0  -4   0  -3  -5   5   1   0  -5  -3  -1   12   1   4  15   0   2   3   4   1   6   0   4   0   0  29   9   6   0   1   4  0.54 0.30
  429 W     0  -3  -5  -7  -6  -6  -4  -6  -6  -6  -1  -5  -5   3  -4  -3  -3  12   0  -4    8   2   0   0   0   0   1   0   0   0   6   0   0  10   1   2   2  65   2   1  2.74 0.90
  430 Y    -3  -2  -2  -3  -4  -1   1  -3   0   0  -1   1   3   3  -3  -1   1  -2   5  -1    0   1   1   0   0   2   9   1   2   6   4   9   9  15   1   3  12   0  20   5  0.37 0.28
  431 L    -1  -3  -3   0  -1  -3  -2  -2   3   1   0  -3   2   3  -3   1   1  -3   2   2    3   1   0   5   1   0   2   2   8   8   7   0   5  13   1  12   8   0   7  16  0.19 0.19
  432 D    -3  -2   3   5  -5   1   3   0  -2  -5  -4   1  -4  -2  -4   0  -3  -6  -4  -5    0   1  13  34   0   4  20   7   0   0   2  10   0   2   0   5   1   0   0   0  0.76 0.40
  433 K    -2  -1   2   3  -4  -1   1   4  -1  -3  -3   0  -3  -5  -1   0  -1  -5  -4  -3    1   3  12  17   0   2   7  33   1   1   2   6   0   0   3   6   4   0   0   2  0.48 0.28
  434 Q    -2  -1  -1  -1  -5   5   4  -4  -1  -3  -3   3  -3  -5  -1  -2  -1  -1  -4  -1    3   1   2   2   0  32  26   1   1   1   2  16   0   0   2   1   4   1   0   5  0.74 0.44
  435 V    -1  -3  -2  -2  -3  -1   1  -4  -2   2  -1  -1  -2  -3   1   1   0  -5  -2   4    5   0   1   1   0   2   9   0   1  12   4   4   0   0   8  10   6   0   1  35  0.36 0.28
  436 A     5  -2  -4  -4  -3  -3  -3   2  -4   0  -4  -1  -3  -2  -1   0  -1  -5  -3   1   49   1   0   0   0   0   0  15   0   6   0   4   0   1   3   7   3   0   1   8  0.63 0.39
  437 G    -1  -6  -4  -5  -6  -5  -6   7  -6  -7  -7  -5  -6  -7  -2  -2  -5  -6  -7  -7    3   0   0   0   0   0   0  92   0   0   0   0   0   0   2   3   0   0   0   0  2.28 0.80
  438 R    -2  -2  -2  -4  -4   1  -1  -1  -2  -1  -1  -1  -3   3  -4  -1  -1   5   6  -2    3   2   2   0   0   9   4   5   0   4   5   4   0  15   0   4   5   9  28   2  0.61 0.35
  439 F    -2  -4  -3  -5  -2  -3  -3  -3  -4   1   0  -1  -1   2  -4  -1   2   6   2   3    2   0   0   0   0   1   1   2   0   6   6   3   1  10   0   4  16  10   9  28  0.51 0.32
  440 V    -3   3  -3  -3  -5   4   1  -4  -2  -1  -2   4   0  -5  -4  -2   0  -5  -4   1    0  13   0   0   0  23   8   0   1   4   2  28   2   0   0   1   6   0   0  12  0.65 0.40
  441 E    -2   1   0  -1  -4   3   2  -2  -1  -4  -3   1  -2  -3  -1   2   2   0  -1  -2    0   8   3   1   0  12  16   2   1   0   1   7   1   1   2  21  15   1   3   3  0.36 0.28
  442 Y     2  -3  -4  -2  -3  -3   0  -3   2  -4  -4  -3  -4   1  -5   0  -1   2   7   0   17   1   0   2   1   1   7   1   4   0   0   1   0   3   0   9   3   3  41   8  0.85 0.46
  443 H    -2   4   2   0  -5  -2   1   3   2  -5  -5   2  -4  -5  -4  -1  -3  -5  -1  -5    3  25  12   5   0   0   8  26   5   0   0  11   0   0   0   3   0   0   2   0  0.64 0.36
  444 G    -3  -2   7   0  -6  -2  -3   3   1  -6  -6   2  -5  -6  -2  -1  -3  -6  -5  -6    1   1  51   4   0   1   1  22   3   0   0  12   0   0   2   2   0   0   0   0  1.21 0.56
  445 M    -4  -2  -4  -6  -4  -5  -6  -6  -5   1   5  -5   3   5  -6  -5  -4  -4  -2  -1    0   2   1   0   0   0   0   0   0   5  59   0   8  21   0   0   0   0   0   3  1.19 0.52
  446 T    -1  -3  -2  -2   0  -2  -4  -4   2  -5  -5  -4  -3  -6  -5   2   7  -6  -5  -4    5   1   1   2   2   1   0   1   6   0   0   0   0   0   0  11  69   0   0   0  1.44 0.68
  447 M    -5  -5  -6  -6  -6   0  -3  -6   0  -3   0  -5  -1   7  -6  -5  -5  -2   6  -2    0   0   0   0   0   6   2   0   2   0  10   0   1  53   0   0   0   0  24   2  1.62 0.64
  448 V     2  -4  -5  -5  -3  -3  -4  -4  -4   2   1  -4   4  -3  -4  -1  -1  -4   1   4   20   0   0   0   0   1   0   0   0   8  12   0  11   0   0   4   3   0   4  38  0.65 0.38
  449 T    -2   2   0  -4  -4  -1  -3  -3  -4   0   1   1  -2  -4  -4   0   4   3  -3   0    2  14   5   0   0   2   0   1   0   4  15   9   0   0   0   6  34   4   0   5  0.47 0.34
  450 V    -3  -5  -6  -6  -4  -5  -6  -6  -6   5   1  -5  -2   3  -4  -3  -3  -5  -3   5    1   0   0   0   0   0   0   0   0  30  10   0   0  11   1   2   0   0   0  44  1.09 0.49
  451 R    -3   4  -1  -4  -5  -2  -3  -5   3  -3  -1   2  -3   3  -5  -2  -1  -3   5  -3    1  24   2   0   0   0   1   0   6   1   6  15   0  12   0   3   3   0  25   1  0.75 0.41
  452 G    -1  -4   5   1  -6  -1  -1   5  -4  -6  -6  -1  -5  -6  -5  -1  -4  -6  -6  -6    3   0  26   6   0   2   3  52   0   0   0   4   0   0   0   2   0   0   0   0  1.22 0.53
  453 A     6  -5  -4  -5  -4  -4  -4   3  -5  -5  -5  -4  -4  -6  -4   2  -3  -6  -5  -2   62   0   0   0   0   0   0  20   0   0   0   0   0   0   0  15   0   0   0   2  1.25 0.60
  454 G    -1  -5  -3  -4  -5  -5  -5   6  -5  -7  -7  -4  -6  -6  -5   4  -4  -6  -6  -6    3   0   0   0   0   0   0  67   0   0   0   0   0   0   0  30   0   0   0   0  1.72 0.70
  455 H    -6  -5  -4  -6  -8  -4  -5  -7  11  -8  -7  -5  -6  -6  -7  -6  -6  -7  -3  -3    0   0   0   0   0   0   0   0  98   0   0   0   0   0   0   0   0   0   0   2  3.88 1.19
  456 L    -3  -5  -5  -4  -5  -2   1  -6  -5   0  -1  -5   9   1  -6  -3   1  -5  -4  -3    1   0   0   0   0   1  10   0   0   5   4   0  62   5   0   1  10   0   0   0  1.75 0.75
  457 V     1  -6  -6  -6  -4  -5  -6  -6  -6  -1   0  -5  -3  -4  -5  -4  -2  -6  -2   7   12   0   0   0   0   0   0   0   0   1   6   0   0   0   0   1   1   0   1  77  1.53 0.65
  458 P    -3  -6  -6  -4  -7  -5   0  -4  -6  -7  -7  -5  -7  -8   8  -4  -5  -8  -7  -6    1   0   0   1   0   0   8   1   0   0   0   0   0   0  88   1   0   0   0   0  2.79 0.94
  459 L    -3  -2  -3  -5  -3  -3  -2  -5  -3  -3   1  -4   4   5  -5   0   0  -2   6  -1    2   2   1   0   0   1   3   0   0   0  13   0  10  21   0   7   5   0  30   3  0.80 0.42
  460 N    -3  -4   1   7  -5  -3  -1  -4   1  -3  -4  -1  -4   0  -4  -1  -2  -1   1  -4    2   0   6  63   0   0   1   1   4   1   2   3   0   4   0   3   2   1   6   1  1.23 0.51
  461 K    -2   1  -1  -1  -5   5   0  -4   0  -4  -1   3  -1  -1  -4  -3  -2  -1   1  -1    2   6   2   3   0  36   3   0   2   0   8  23   1   2   0   0   1   1   5   4  0.68 0.41
  462 P    -1  -6  -6  -6  -7  -5  -5  -2  -6  -7  -7  -5  -6  -8   8  -3  -5  -8  -7  -6    6   0   0   0   0   0   0   4   0   0   0   0   0   0  89   2   0   0   0   0  2.80 0.93
  463 A    -1   3  -1   1  -1   1   3  -2  -1  -2  -1   2  -1  -4  -2   0  -2  -4  -2  -1    5  18   2   9   1   4  24   1   1   3   7  10   1   0   1   7   0   0   1   4  0.30 0.22
  464 E     2   4   0  -3  -4   2   2  -3   0  -2  -3  -1   1  -4  -1  -1   0   1  -2   0   19  25   4   0   0   8  16   0   2   1   1   0   3   0   2   3   4   2   1   9  0.37 0.28
  465 G     4  -4  -1  -4  -1  -3  -3  -1  -4  -4  -5  -3   0  -5  -4   5   2  -6  -5  -4   39   0   2   0   1   0   0   3   0   0   0   0   3   0   0  42  10   0   0   0  1.00 0.52
  466 L    -3   3  -3  -5  -4  -2  -3  -5  -1  -1   4  -2  -1   4  -5  -1  -3  -4   0  -2    1  21   1   0   0   1   1   0   1   1  46   1   0  17   0   6   0   0   2   1  0.74 0.40
  467 M     0  -2  -1   4  -4   1   2  -2   1   1  -2   0   0  -3  -3  -1   0  -4  -1  -1    8   0   2  31   0   6  13   3   3   9   2   6   3   1   0   3   6   0   2   3  0.36 0.24
  468 L    -3  -5  -6  -3  -5  -4  -6  -6  -5   0   3  -5   9   3  -6  -5  -4  -4  -3  -1    2   0   0   2   0   0   0   0   0   5  23   0  53  13   0   0   0   0   0   2  1.65 0.65
  469 I    -3  -5  -6  -6  -4  -5  -5  -6  -5   4   2  -5   2   6  -6  -5  -4  -3   0   2    1   0   0   0   0   0   0   0   0  23  22   0   5  33   0   0   0   0   2  15  0.99 0.42
  470 N    -3   1   4   4  -5   2   0  -2   1  -4  -4   2  -1  -3  -4   1   1  -5  -4  -3    0   8  21  22   0  10   3   1   4   0   0  11   1   1   0   9   8   0   0   1  0.54 0.31
  471 A    -1   6   0  -3  -5   0  -1  -3   1  -2  -2  -1  -3  -5  -4   1  -2  -5  -2  -4    5  53   5   1   0   4   2   2   4   3   5   1   0   0   0  13   1   0   1   0  0.85 0.42
  472 F    -4  -6  -7  -7  -6  -6  -7  -7  -5  -1  -2  -7  -4   8  -7  -6  -6   9   1  -1    1   0   0   0   0   0   0   0   0   2   2   0   0  57   0   0   0  30   2   4  2.35 0.75
  473 L    -4  -5  -5  -6  -4  -4  -5  -6  -5   4   4  -5   4   0  -5  -4   1  -4  -3   0    0   0   0   0   0   0   0   0   0  30  41   0  13   3   0   0  10   0   0   4  0.95 0.42
  474 H     0   1   3   1  -4   2  -1   1   2  -4  -3   1  -3  -2  -3   1   0  -3   1  -3    7   7  18   8   0  10   2   9   5   0   3   9   0   2   0  14   4   0   5   0  0.27 0.19
  475 G    -2  -4   3  -1  -5   0  -4   6  -4  -6  -6  -1  -5  -6  -5  -1  -4  -5  -5  -6    1   0  17   3   0   5   0  69   0   0   0   3   0   0   0   3   0   0   0   0  1.42 0.50
  476 E    -3   1  -1   0  -5   3   4  -4   1  -4  -4   3  -3  -5  -1  -1  -1  -5  -3  -1    0   5   2   5   0  12  35   0   4   0   0  23   0   0   2   3   4   0   0   4  0.65 0.32
  477 K    -2   1  -2   1  -5   0   0  -1  -3  -4  -4   3  -4  -5   6   0  -2  -5  -4  -4    2   7   0   9   0   4   3   3   0   0   1  23   0   0  43   6   0   0   0   0  0.95 0.31
  478 L    -3  -4  -5  -5  -3  -4  -5  -5  -4   2   5  -4   3   1  -2  -4  -2  -3  -1  -1    0   0   0   0   0   0   0   0   0   8  74   0   6   6   2   0   2   0   2   0  0.95 0.33
  479 P    -1  -2  -4  -4  -5  -3  -3  -4  -4  -5  -5  -3  -5  -6   8   1  -3  -6  -5  -4    5   3   0   0   0   0   0   0   0   0   0   0   0   0  80  12   0   0   0   0  2.11 0.46
  480 T    -1   1  -1  -1  -3   3   1  -2  -2  -2  -1   0   0  -3  -1   2   3  -3  -3  -1    0   6   0   2   0  24   7   0   0   0   5   2   2   0   2  21  26   0   0   3  0.35 0.15
  481 S     0  -2  -1  -2   1  -2  -2   0  -3  -2  -3  -1  -2  -3  -2   3   5  -4  -3  -2    3   0   0   0   3   0   0   5   0   0   0   3   0   0   0  28  58   0   0   0  0.67 0.20
  482 R    -2   6  -1  -2  -4   1   0  -3  -1  -3  -3   3  -2  -3  -2  -1  -1  -3  -2  -3    0  87   0   0   0   0   0   0   0   0   0  13   0   0   0   0   0   0   0   0  0.84 0.06

                      K         Lambda
Standard Ungapped    0.1354     0.3193
Standard Gapped      0.0410     0.2670
PSI Ungapped         0.1354     0.3193
PSI Gapped           0.0410     0.2670
