
Last position-specific scoring matrix computed, weighted observed percentages rounded down, information per position, and relative weight of gapless real matches to pseudocounts
            A   R   N   D   C   Q   E   G   H   I   L   K   M   F   P   S   T   W   Y   V   A   R   N   D   C   Q   E   G   H   I   L   K   M   F   P   S   T   W   Y   V
    1 M    -1  -1  -2  -3  -2   0  -2  -3  -2   1   2  -1   6   0  -3  -2  -1  -2  -1   1    0   0   0   0   0   0   0   0   0   0   0   0 100   0   0   0   0   0   0   0  0.33 0.00
    2 E    -1   0   0   2  -4   2   5  -2   0  -3  -3   1  -2  -3  -1   0  -1  -3  -2  -3    0   0   0   0   0   0 100   0   0   0   0   0   0   0   0   0   0   0   0   0  0.73 0.00
    3 F    -2  -3  -3  -4  -3  -3  -3  -3  -1   0   0  -3   0   6  -4  -3  -2   1   3  -1    0   0   0   0   0   0   0   0   0   0   0   0   0 100   0   0   0   0   0   0  0.73 0.00
    4 A     4  -2  -2  -2   0  -1  -1   0  -2  -1  -2  -1  -1  -2  -1   1   0  -3  -2   0  100   0   0   0   0   0   0   0   0   0   0   0   0   0   0   0   0   0   0   0  0.40 0.00
    5 H    -2   0   1  -1  -3   0   0  -2   8  -3  -3  -1  -2  -1  -2  -1  -2  -3   2  -3    0   0   0   0   0   0   0   0 100   0   0   0   0   0   0   0   0   0   0   0  0.84 0.00
    6 L    -2  -2  -4  -4  -1  -2  -3  -4  -3   2   4  -3   2   0  -3  -3  -1  -2  -1   1    0   0   0   0   0   0   0   0   0   0 100   0   0   0   0   0   0   0   0   0  0.45 0.00
    7 T     0  -1   0  -1  -1  -1  -1  -2  -2  -1  -1  -1  -1  -2  -1   1   5  -3  -2   0    0   0   0   0   0   0   0   0   0   0   0   0   0   0   0   0 100   0   0   0  0.46 0.00
    8 V     0  -3  -3  -3  -1  -2  -3  -3  -3   3   1  -2   1  -1  -3  -2   0  -3  -1   4    0   0   0   0   0   0   0   0   0   0   0   0   0   0   0   0   0   0   0 100  0.34 0.00
    9 L    -2  -2  -4  -4  -1  -2  -3  -4  -3   2   4  -3   2   0  -3  -3  -1  -2  -1   1    0   0   0   0   0   0   0   0   0   0 100   0   0   0   0   0   0   0   0   0  0.45 0.00
   10 S     1  -1   1   0  -1   0   0   0  -1  -3  -3   0  -2  -3  -1   4   1  -3  -2  -2    0   0   0   0   0   0   0   0   0   0   0   0   0   0   0 100   0   0   0   0  0.45 0.00
   11 L    -2  -3  -3  -4  -2  -3  -3  -4  -2   1   3  -3   1   4  -3  -3  -2   0   1   0    0   0   0   0   0   0   0   0   0   0  56   0   0  44   0   0   0   0   0   0  0.42 0.00
   12 F    -2  -3  -3  -4  -3  -3  -3  -3  -1   0   0  -3   0   7  -4  -3  -2   1   3  -1    0   0   0   0   0   0   0   0   0   0   0   0   0 100   0   0   0   0   0   0  0.75 0.01
   13 C     0  -4  -3  -4   9  -3  -4  -3  -3  -1  -1  -3  -2  -3  -3  -1  -1  -3  -3  -1    0   0   0   0 100   0   0   0   0   0   0   0   0   0   0   0   0   0   0   0  1.23 0.01
   14 L    -2  -3  -4  -4  -1  -3  -3  -4  -3   3   3  -3   2   0  -3  -3  -1  -2  -1   2    0   0   0   0   0   0   0   0   0  57  43   0   0   0   0   0   0   0   0   0  0.37 0.01
   15 A     4  -2  -2  -2   0  -1  -1   0  -2  -1  -2  -1  -1  -2  -1   1   0  -3  -2   0  100   0   0   0   0   0   0   0   0   0   0   0   0   0   0   0   0   0   0   0  0.43 0.01
   16 F     2  -2  -1  -2  -1  -1  -1  -1  -1  -1  -1  -1  -1   4  -2   2   0  -1   1  -1   27   0   0   0   0   0   0   0   0   0   0   0   0  43   0  30   0   0   0   0  0.24 0.01
   17 V     0  -3  -3  -3  -1  -2  -3  -3  -3   3   1  -2   1  -1  -3  -2   0  -3  -1   4    0   0   0   0   0   0   0   0   0   0   0   0   0   0   0   0   0   0   0 100  0.37 0.01
   18 G     0  -2   0  -1  -2  -2  -2   5  -2  -4  -4  -1  -3  -3  -2   1  -1  -3  -3  -3    0   0   0   0   0   0   0  80   0   0   0   0   0   0   0  20   0   0   0   0  0.80 0.01
   19 I     0  -1   0  -1  -1  -1  -1  -1   3   1  -1  -1  -1  -2  -2   3   1  -3  -1   0    0   0   0   0   0   0   0   0  16  29   0   0   0   0   0  55   0   0   0   0  0.18 0.01
   20 T     1  -1   0  -1  -2   0  -1  -2   7  -2  -2  -1  -1  -2  -2   0   2  -3   1  -2   16   0   0   0   0   0   0   0  55   0   0   0   0   0   0   0  29   0   0   0  0.44 0.02
   21 A     4  -2  -2  -2  -1  -1  -1   0  -2  -2  -2  -1  -1  -2  -1   1   0  -3  -2   0  100   0   0   0   0   0   0   0   0   0   0   0   0   0   0   0   0   0   0   0  0.45 0.02
   22 T     3  -2  -1   2  -1  -1   0  -1  -2  -1  -2  -1  -1  -3  -1   1   2  -3  -2  -1   55   0   0  16   0   0   0   0   0   0   0   0   0   0   0   0  29   0   0   0  0.28 0.01
   23 S     0   2   0  -1  -2   0  -1  -1  -1  -1   1   0   2  -2  -2   3   0  -3  -2  -1    0  18   0   0   0   0   0   0   0   0  16   0  15   0   0  51   0   0   0   0  0.18 0.01
   24 S     1  -1   0  -1  -1  -1  -1  -1  -1  -2  -2  -1  -2  -3   4   3   2  -3  -2  -2    0   0   0   0   0   0   0   0   0   0   0   0   0   0  22  60  18   0   0   0  0.51 0.01
   25 G     1  -2  -2  -2  -2  -1  -1   3  -2  -3  -3  -1  -2  -3   6   0  -1  -3  -3  -2   22   0   0   0   0   0   0  29   0   0   0   0   0   0  49   0   0   0   0   0  0.92 0.01
   26 E    -1   0   0   2  -4   2   5  -2   0  -4  -3   1  -2  -4  -1   0  -1  -3  -2  -3    0   0   0   0   0   0 100   0   0   0   0   0   0   0   0   0   0   0   0   0  0.79 0.02
   27 D    -1   0   0   3  -3   3   1  -2  -1  -1   1   0   3  -2  -2  -1  -1  -2  -2  -1    0   0   0  25   0  37   0   0   0   0  10   0  28   0   0   0   0   0   0   0  0.25 0.01
   28 Y    -2  -2  -2  -3  -3  -2  -2  -3   2  -2  -1  -2  -1   3  -3  -2  -2   2   7  -2    0   0   0   0   0   0   0   0   0   0   0   0   0   0   0   0   0   0 100   0  1.02 0.04
   29 W    -3  -3  -4  -5  -3  -2  -3  -3  -3  -3  -2  -3  -2   1  -4  -3  -3  12   2  -3    0   0   0   0   0   0   0   0   0   0   0   0   0   0   0   0   0 100   0   0  2.56 0.05
   30 Q    -1   4   0  -1  -3   4   1  -2   0  -3  -3   3  -1  -3  -2  -1  -1  -3  -2  -3    0  32   0   0   0  32   0   0   0   0   0  36   0   0   0   0   0   0   0   0  0.54 0.03
   31 S     0  -1   0  -1  -1   0  -1  -1  -2   1  -1   1  -1  -2  -1   3   1  -3  -2   0    0   0   0   0   0   0   0   0   0  26   0  13   0   0   0  61   0   0   0   0  0.22 0.03
   32 I     2  -2  -3  -3  -1  -2  -2  -2  -3   3   1  -2   2  -1  -2  -1   0  -3  -2   2   36   0   0   0   0   0   0   0   0  36   0   0  13   0   0   0   0   0   0  15  0.20 0.02
   33 W     0  -2  -3  -4  -2  -2  -3  -3  -3   1   3  -3   1   0  -3  -2  -1   6   0   0   15   0   0   0   0   0   0   0   0   0  66   0   0   0   0   0   0  19   0   0  0.47 0.03
   34 P    -1  -3  -2  -2  -3  -2  -1  -3  -3  -3  -3  -1  -3  -4   8  -1  -1  -4  -3  -3    0   0   0   0   0   0   0   0   0   0   0   0   0   0 100   0   0   0   0   0  2.17 0.06
   35 N    -1  -1   4   2  -2   0   0  -1   3  -3  -3  -1  -2  -3   3   0   2  -4  -1  -2    0   0  37   9   0   0   0   0  13   0   0   0   0   0  15   0  26   0   0   0  0.42 0.03
   36 T     0  -1   0  -1  -1  -1  -1  -1  -2  -2  -2  -1  -1  -3  -1   3   4  -3  -2  -1    0   0   0   0   0   0   0   0   0   0   0   0   0   0   0  50  50   0   0   0  0.45 0.04
   37 P    -1  -3  -2  -2  -3  -2  -1  -3  -3  -3  -3  -1  -3  -4   8  -1  -1  -4  -3  -3    0   0   0   0   0   0   0   0   0   0   0   0   0   0 100   0   0   0   0   0  2.17 0.06
   38 L    -1  -2  -3  -3  -1  -1  -2  -3  -2   2   3  -2   5   0  -2  -2  -1  -2  -1   1    1   1   1   1   0   1   1   1   0  12  34   1  43   0   1   1   1   0   0   1  0.33 0.05
   39 P    -1   2  -2  -2  -3  -1  -1  -3  -2  -3  -3   0  -3  -4   7  -1  -2  -4  -3  -3    0  19   0   0   0   0   0   0   0   0   0   0   0   0  81   0   0   0   0   0  1.68 0.09
   40 K     1  -1  -1  -1  -2  -1  -1   4  -2  -1  -2   1  -2  -3  -2   1   1  -3  -2  -1   12   0   0   0   0   0   0  40   0   8   0  14   0   0   0  17   9   0   0   0  0.32 0.03
   41 T     4  -2  -1  -2  -1  -1  -1   0  -2  -2  -2  -1  -1  -3  -1   2   2  -3  -2  -1   60   0   0   0   0   0   0   0   0   0   0   0   0   0   0  25  14   0   0   0  0.40 0.06
   42 F    -1  -3  -3  -3  -2  -3  -3  -3  -3   3   2  -3   1   2  -3  -1   1  -2   0   1    0   0   0   0   0   0   0   0   0  44  23   0   0  14   0   0  19   0   0   0  0.28 0.04
   43 S     0   2   0   2  -2   0   0  -1  -1  -2  -1   0  -1  -3  -2   3   0  -3  -2  -2    0  20   0  18   0   0   0   0   0   0   9   0   0   0   0  53   0   0   0   0  0.31 0.06
   44 D    -1   0   0   4  -3   4   3  -2  -1  -3  -3   0  -2  -4  -2   1  -1  -3  -2  -3    0   0   0  29   0  33  27   0   0   0   0   0   0   0   0  11   0   0   0   0  0.55 0.06
   45 L    -2  -3  -3  -4  -2  -2  -3  -4  -2   1   4  -3   1   1  -3  -3  -1  -1   3   1    0   0   0   0   0   0   0   0   0   0  68   0   0   0   0   0   0   0  18  15  0.41 0.06
   46 L     0  -1  -3  -3  -2  -1  -2  -3  -3   2   3   1   1  -1  -2  -2  -1  -2  -2   1   11   0   0   0   0   0   0   0   0  20  51  18   0   0   0   0   0   0   0   0  0.21 0.04
   47 I     2  -1   3  -1  -2  -1  -1  -1   3  -1  -2  -1  -1  -2  -2   1   0  -2   1  -1   32   0  26   0   0   0   0   0  11   8   0   0   0   0   0  16   0   0   6   0  0.22 0.04
   48 P    -1  -2  -2  -2  -3  -1  -1  -2  -2  -3  -3  -1  -3  -4   7   1   1  -4  -3  -3    0   0   0   0   0   0   0   0   0   0   0   0   0   0  77  15   8   0   0   0  1.57 0.09
   49 S     1  -2  -2  -2  -2  -2  -2  -2  -1   0   1  -2   0   0   3   1  -1  -1   3   1   17   0   0   0   0   0   0   0   0   0  17   0   0   0  17  17   0   0  17  17  0.23 0.06
   50 G     1   0   1  -1  -2  -1  -1   2  -2  -2  -1  -1   0  -3  -2   3   1  -3  -2  -2    8   6   7   0   0   0   0  17   0   0   6   0   5   0   0  40  10   0   0   0  0.27 0.09
   51 K     0  -1   1   1  -2   0   1   1  -1  -1  -3   0  -2  -3   3   2   1  -4  -3  -2    0   0   7  10   0   0  11   8   0   5   0   5   0   0  15  32   7   0   0   0  0.32 0.07
   52 T     3  -3  -3  -3  -1  -2  -2  -2  -3   1   1  -2   0  -2  -2  -1   1  -3  -2   3   39   0   0   0   0   0   0   0   0   8   9   0   0   0   0   0   9   0   0  36  0.30 0.11
   53 N     2  -2   3  -1  -2  -1  -1   1   2  -2  -2  -1  -2  -3  -2   2   0  -4  -2   0   25   0  27   0   0   0   0   9   7   0   0   0   0   0   0  18   0   0   0  13  0.29 0.11
   54 S     1   0   0  -1  -2   2  -1   3  -1  -3  -3  -1  -2  -3  -2   3   0  -3  -2  -2    5   6   0   1   0  15   1  26   0   1   1   1   0   0   1  41   1   0   0   1  0.39 0.11
   55 L     0  -1   1  -1  -1  -1   0   2  -1  -1   1  -1   0  -1  -1   1   1  -2  -1  -1    5   1  11   1   0   1   7  18   1   1  24   1   1   1   1  10  12   0   1   2  0.09 0.03
   56 P     0  -1  -1   0  -2  -1   0   3   2  -2  -2   1  -2  -3   4   0   0  -2  -2  -2    5   1   1   6   0   1   6  25   7   1   2  10   0   1  23   1   7   0   1   1  0.37 0.06
   57 I     1   1  -1  -1  -2   1  -1  -1  -1   0  -1   2  -1   1  -1   0   1  -2  -1   0   20   5   1   1   0   6   1   1   0   8   1  22   0   8   1   4   9   0   1   9  0.09 0.05
   58 K     0   4  -1   0  -3   1  -1  -2   5  -2  -2   2  -2  -3  -2  -1   0  -3  -1   0    9  32   0   5   0   4   1   1  20   0   1  11   0   0   0   1   6   0   0   8  0.34 0.11
   59 S     0  -2   1   0  -2  -1   0   3  -2  -2   0  -1   0  -2  -2   1   0  -3  -2  -1    0   0   8   3   0   0   8  34   0   0  10   0   4   0   0  18   5   0   0   6  0.25 0.08
   60 E    -2   0   4   3  -3   1   1   0   1  -3  -3   2  -2  -3  -2  -1  -1  -3  -2  -1    0   0  28  16   0   8   8   8   4   0   1  19   0   0   0   0   0   0   0   5  0.35 0.10
   61 E    -1   2  -1   0  -4   0   4   1  -1  -4  -3   3  -2  -3  -2  -1  -2   3  -2  -3    0  15   0   4   0   0  36  13   0   0   1  22   0   0   0   0   0   5   0   0  0.47 0.13
   62 L     0  -2  -1   3  -2  -2  -1  -2  -2  -1   1  -2   1  -1  -2   0   0   6   2   1    7   0   0  26   0   0   0   0   0   0  15   0   6   0   0   6   5  13   8  12  0.27 0.10
   63 K    -1  -1  -1   1  -3   2   1  -1  -2   0  -2   2  -1  -3   3   0   2  -4  -3   0    0   0   0   7   0  12   6   4   0   9   0  18   0   0  15   3  17   0   0   8  0.25 0.10
   64 Q     1  -1   0   0  -3   3   3  -2  -1  -2  -2   1  -2  -3  -2  -1   1  -3  -3   0   11   0   3   3   0  24  28   0   0   0   0   5   0   0   0   0  14   0   0  12  0.36 0.15
   65 Y     0   0  -1  -1  -2  -1  -1   1  -1  -1   0  -1   2  -1   2  -1   1  -2   2  -1    7   5   2   3   0   0   5  16   0   0  11   0  13   0  11   0  10   0  14   3  0.14 0.09
   66 S     1  -2   3  -1  -2  -1  -2   2  -1  -3  -1  -1  -2  -2  -2   2   1  -3   0  -2   15   0  21   0   0   0   0  21   0   0   5   0   0   0   0  23  10   0   4   0  0.33 0.13
   67 T    -1  -1   1   0  -2   1  -1  -3  -2   1   0   1   2  -2  -3  -1   1  -3  -2   3    0   0   7   5   0   7   0   0   0   5   6  16   9   0   0   0  11   0   0  33  0.17 0.12
   68 L    -2   0  -3  -4  -3   0  -3  -1  -2  -1   1  -3  -1   6  -4  -3  -2  -1   3   1    0   5   0   0   0   6   0   7   0   0  10   0   0  47   0   0   0   0  10  14  0.54 0.19
   69 F    -4   0  -4  -5  -4  -4  -5  -5  -2  -2  -1  -4  -2   8  -5  -4  -4  -1   3  -3    0   6   0   0   0   0   0   0   0   0   0   0   0  88   0   0   0   0   7   0  1.61 0.36
   70 F    -2   2   0  -3  -3  -1  -2  -3   1  -1   2   0   1   4  -3  -1  -2  -1   1  -1    0  19   5   0   0   0   0   0   5   0  23   4   6  26   0   7   0   0   5   0  0.28 0.14
   71 E     0  -1   1   0  -4   0   5  -3  -1  -1  -3   0   1   0   1  -1  -2  -3  -2  -2    6   0   7   0   0   0  59   0   0   4   1   5   5   5   6   0   0   0   0   0  0.56 0.20
   72 H    -1   1   1   2  -3   0   2   0   2  -4  -3   3  -2  -4  -2   0   0  -4  -2  -3    4   8   5  11   0   0  14   7   6   0   0  35   0   0   0   7   4   0   0   0  0.36 0.13
   73 D     0  -2   2   5  -3  -1   0  -2  -2  -1  -2   0   2  -2  -3   0  -2  -3   1  -2    9   0   8  49   0   0   4   0   0   6   0   4  10   0   0   3   0   0   7   0  0.52 0.19
   74 L    -1  -3  -4  -4  -2  -3  -4  -1  -4   0   4  -3   1   1   0  -3  -2  -3  -2   1    6   0   0   0   0   0   0   5   0   0  67   0   0   7   6   0   0   0   0   9  0.50 0.19
   75 H    -1   2   1  -2  -3   1  -1  -3   5  -2  -2   2  -2   2  -3  -1   0  -2   1  -1    6  13   6   0   0   8   0   0  19   0   0  16   0  14   0   0   6   0   5   7  0.27 0.13
   76 P    -1  -1  -2  -2  -3   0   1  -1  -2  -2  -1   1   1  -3   5   0  -1  -4  -3   0    3   0   0   0   0   3  13   5   0   0   4  11   6   0  36   9   0   0   0   9  0.56 0.15
   77 G     0  -3  -2  -3  -3  -3  -3   6  -3  -4  -2  -3  -3  -4  -3  -1  -3  -3  -4  -3    7   0   0   0   0   0   0  83   0   0   6   0   0   0   0   0   0   0   0   0  1.23 0.26
   78 K     0   0   2  -1  -2   0   0  -2  -1  -2  -1   2  -2  -3  -2   2   3  -3  -2  -2    5   3  14   0   0   0   4   0   0   0   7  19   0   0   0  24  22   0   0   0  0.29 0.13
   79 N    -1   2   0  -2  -2  -1  -1  -3  -2   1   0   2  -1   0  -2  -1   2  -3  -1   1    0  13   6   0   0   0   0   0   0   6  11  20   0   6   0   0  17   0   0  18  0.14 0.10
   80 F     0  -3  -3  -3  -2  -2  -3  -3   2   2   2  -3   5   3  -3  -2  -2  -2   0   0   11   0   0   0   0   0   0   0   7  13  24   0  25  16   0   0   0   0   0   0  0.36 0.15
   81 I    -1   0  -1  -3  -3   0  -2  -3  -2   0   0  -2  -1   2   5  -1   2  -3  -1  -1    5   6   3   0   0   4   0   0   0   8  11   0   0  12  33   0  18   0   0   0  0.48 0.15
   82 L    -1  -2  -3  -3  -2  -2   0  -3  -3   1   3  -2   4   1   0  -1   0  -3  -2   0    4   0   0   0   0   0  11   0   0   8  35   0  19   5   5   6   6   0   0   2  0.25 0.13
   83 G    -1   1  -1  -2  -3  -1   0   1   5  -4  -4  -1  -3  -3   5   0   0  -3   0  -3    4   8   0   0   0   0   7  10  22   0   0   0   0   0  34   6   6   0   4   0  0.68 0.18
   84 N    -2  -3   1   3  -3  -2   0  -3   0   0  -1  -2  -1   5   0  -2   0  -2   0  -2    0   0   9  21   0   0   5   0   3   6   5   0   0  39   4   0   8   0   0   0  0.39 0.17
   85 T     0  -2  -2  -3  -2  -2  -2  -3  -3   1   2  -1   0  -2   1  -1   4  -3  -2   0   10   0   0   0   0   0   0   0   0  10  31   4   0   0   5   0  39   0   0   0  0.34 0.17
   86 N    -1   2   1  -2  -3   1  -1  -2  -2  -2   0   1  -1  -1   3   1   1  -3  -2  -1    2  17   9   0   0   6   0   0   0   0  11   7   0   4  17   9  13   0   0   5  0.23 0.09
   87 S     2   2  -1   0  -2  -1  -1  -1  -2  -2  -1   1  -2  -3   1   2   0  -3  -3  -2   30  20   0   7   0   0   0   3   0   0   7   7   0   0   5  16   6   0   0   0  0.24 0.12
   88 V     0   0  -2  -2  -2   1  -1  -2  -2  -1   1   0  -1   1   3   1   1  -3  -1   0    8   6   0   0   0   8   0   0   0   0  15   4   0   8  17  12  14   0   0   8  0.20 0.09
   89 G     1   0  -2  -2  -3   1   0   3  -2   0  -2   0   0  -3   3  -1  -2  -3  -3  -2   14   7   0   0   0  10   4  26   0  11   0   6   4   0  17   0   0   0   0   0  0.32 0.12
   90 S     4  -2   0  -2  -2  -2  -2   0  -2  -3  -3  -2  -2  -1  -2   4   0  -4  -3  -2   41   0   4   0   0   0   0   4   0   0   0   0   0   4   0  47   0   0   0   0  0.59 0.23
   91 I     1  -2  -1   2  -3  -1   2  -2  -2   2  -1   0  -1   0  -2   0  -1  -3  -2   0   16   0   0  19   0   0  17   0   0  26   4   6   0   4   0   8   0   0   0   0  0.18 0.12
   92 I    -1   1  -2  -2  -3  -1  -1  -3  -2   2   2   3   0  -2  -1  -2  -2  -3  -2   0    4   6   0   0   0   0   3   0   0  20  23  37   0   0   3   0   0   0   0   4  0.27 0.14
   93 R    -2   0  -3  -4  -2  -2  -3  -4  -3   2   3  -2   1   2   0  -2   0  -2  -1   1    0   9   0   0   0   0   0   0   0  17  42   0   0  11   5   0   5   0   0  12  0.32 0.13
   94 P    -2  -4  -3  -3  -4  -3  -3  -4   2  -5  -5  -3  -4  -5   8  -1  -3  -5  -4  -4    0   0   0   0   0   0   0   0   6   0   0   0   0   0  89   5   0   0   0   0  2.30 0.39
   95 F    -3  -3  -3  -2  -4  -2   2  -4  -2  -2  -1  -3  -2   7  -4  -3  -3  -1   3  -2    1   0   0   0   0   0  21   0   0   0   1   0   0  68   0   0   0   0   5   0  1.02 0.26
   96 T     0  -2  -1  -2  -2  -2  -2  -2  -2   3  -1  -2  -1  -2  -2   3   3  -3  -2   1    6   0   0   0   0   0   0   0   0  25   1   0   0   0   0  31  22   0   0  11  0.30 0.15
   97 K     0  -1   0  -2  -2  -1   0  -2  -2  -1   2   1   1  -2  -2   1   2  -3  -2  -1    8   0   6   0   0   0   4   0   0   0  25  13   6   0   0  11  23   0   0   0  0.16 0.10
   98 S     2  -1  -1   1  -2  -1   0   0  -2  -2  -2   1   1  -3  -2   3   0  -3  -2  -2   16   0   0   8   0   0   4   6   0   0   1  12   6   0   0  42   4   0   0   0  0.31 0.14
   99 R     0   3   1  -2  -3   2  -1  -2  -1  -2   0   2   2  -2  -2  -1   0  -3  -2  -1    8  26  10   0   0  11   0   0   0   0   8  16  10   0   0   0   4   0   0   4  0.25 0.11
  100 Q    -3   2  -3  -4  -3   0  -3  -4  -2   2   1  -2   0   5  -4  -3  -2  -1   0  -1    0  18   0   0   0   6   0   0   0  20  13   0   0  44   0   0   0   0   0   0  0.55 0.20
  101 G     1  -3  -1   1  -3  -2  -2   5  -3  -4  -4  -2  -3  -4  -2   2   0  -4  -3  -3   11   0   0   9   0   0   0  50   0   0   0   0   0   0   0  24   6   0   0   0  0.68 0.19
  102 V     0   0  -2  -2  -2  -1   2  -3  -2   3   0  -1  -1  -2  -3   0  -1  -4  -2   3    8   7   0   0   0   0  22   0   0  23   4   0   0   0   0   6   0   0   0  30  0.24 0.14
  103 T     2  -1  -2  -2  -2  -1   0  -2  -2   1   0  -1  -1  -3   4   0   1  -4  -3  -1   29   3   0   0   0   0   9   0   0  10  10   2   0   0  25   3   9   0   0   0  0.37 0.13
  104 D     1  -1  -1   3  -3  -1  -1  -2  -2  -2  -2   2  -2  -3   4   0  -1   2  -3  -1   20   0   0  23   0   0   0   0   0   0   3  19   0   0  19   5   0   4   0   6  0.39 0.14
  105 S     0   1   1   2  -3  -1  -1   3  -2  -3  -3   0  -3  -4  -2   2  -1  -4  -3  -2    6  10   4  17   0   0   0  25   0   0   0   6   0   0   0  29   0   0   0   3  0.38 0.14
  106 I     0  -2  -2  -2  -2  -2  -2  -2  -3   2   0  -2  -1  -2  -2   3   2  -4  -2   2    6   0   0   0   0   0   0   0   0  20   5   0   0   0   0  36  13   0   0  20  0.31 0.16
  107 W     1  -1  -2   0  -3  -2   0  -3  -2  -2  -2  -2  -2   2   5  -1   1   3  -1  -1   17   4   0   7   0   0   5   0   0   0   0   0   0  16  31   0  13   6   0   2  0.52 0.16
  108 L     0  -1  -2  -1  -2   1   1  -1   3  -1   1   0   3   1  -3  -1   1  -2  -1   0    5   0   0   3   0   6  10   4  13   0  16   4  18   6   0   0  10   0   0   5  0.13 0.10
  109 A     5  -1  -2  -3  -2  -2  -2   1  -3  -2  -3  -2  -2  -3  -2   1  -1  -4  -3   0   71   4   0   0   0   0   0  10   0   0   0   0   0   0   0  11   0   0   0   5  0.64 0.23
  110 N     1   0   1   2  -2   1   1   0  -1  -2  -3   1  -2  -3   0   1   1  -3  -3  -1   18   5  10  13   0   4  12   6   0   0   0  10   0   0   3   6  12   0   0   3  0.21 0.07
  111 K     2  -1   0   1  -3   1   3   1  -1  -2  -2   2   0  -3  -2   0  -1  -3  -2  -1   21   0   4   6   0   4  23   9   0   0   0  17   5   0   0   5   0   0   0   4  0.23 0.10
  112 E    -2  -2   2   2  -3  -1   1  -3  -2   2   0   0   5  -2  -3  -2  -1  -3  -2   2    0   0  12  13   0   0   8   0   0  14   0   7  32   0   0   0   0   0   0  15  0.32 0.18
  113 K     1   2   0   0  -2   0   0  -2  -2  -1   0   2  -1  -2  -2   1   0   1  -2  -1   13  15   4   4   0   0   5   0   0   5  12  17   0   0   0  19   3   3   0   0  0.15 0.09
  114 Q     1  -1  -1   0  -3   4   2  -2  -1  -3  -3   0  -2  -3  -2   3   1   3  -2  -2   14   0   0   4   0  25  13   0   0   0   0   5   0   0   0  28   6   5   0   0  0.41 0.16
  115 S     0  -2  -1  -1  -2   1   0  -2  -2  -2  -3  -1  -2  -3  -2   2   5  -4  -3  -1    7   0   0   3   0   7   6   0   0   0   0   0   0   0   0  15  60   0   0   3  0.60 0.22
  116 L     1  -3  -4  -4  -2  -3  -3  -4  -4   2   4  -3   2  -1  -3  -2  -2  -3  -2   2   15   0   0   0   0   0   0   0   0  11  60   0   4   0   0   0   0   0   0  11  0.51 0.17
  117 E     2   2  -1   0  -2   2   2  -2  -1  -1   0   0  -1  -3  -2   1  -1  -3  -2   0   21  14   0   5   0  13  15   0   0   0  11   4   0   0   0   9   0   0   0   7  0.18 0.09
  118 D     1   0  -1   2  -2   1   2   0  -1  -2  -2  -1   0  -3  -2   0   1  -3  -2   0   17   4   0  17   0   4  22   7   0   0   1   0   4   0   0   4  11   0   0   7  0.21 0.09
  119 F     0  -1  -1  -1   4  -1   1  -1   0   0  -1  -1  -1   1   1   0   0  -1  -1   0    8   2   2   2  16   2  15   3   4   9   3   2   1   7   9   3   7   0   1   5  0.12 0.04
  120 C     0  -4  -4  -4  10  -4  -1  -1  -4  -3  -3  -4  -3  -4  -4  -1  -2  -4  -4  -3    7   0   0   0  78   0   6   5   0   0   0   0   0   0   0   4   0   0   0   0  1.87 0.37
  121 Y    -1  -1  -1   1  -4   2   5   0   2  -4  -4  -1  -3  -3  -2  -1  -2  -3   1  -4    4   0   0   6   0   9  63   7   6   0   0   0   0   0   0   0   0   0   6   0  0.76 0.23
  122 S     2   3  -1  -2  -2  -1  -1  -2   1  -2   0   0  -1  -1  -2   2   0   1  -2  -2   21  28   0   0   0   0   0   0   5   0  13   0   0   3   0  21   6   3   0   0  0.25 0.14
  123 P     2   0  -2  -2  -3  -2  -2   0   1  -3  -3   0  -3  -4   6   0   0  -4  -3  -3   24   5   0   0   0   0   0   6   5   0   0   6   0   0  45   4   4   0   0   0  0.86 0.20
  124 T     3   0  -2  -3  -2  -2  -2  -1  -3  -3  -2   0   1  -3   5  -1   1  -4  -3  -2   34   5   0   0   0   0   0   4   0   0   0   5   6   0  33   0  14   0   0   0  0.64 0.19
  125 A     2  -2   1  -2  -2  -1  -2  -2  -2   2   0  -2  -1  -2  -2   2   0  -3  -2   1   27   0   9   0   0   2   0   0   0  19   5   0   0   0   0  23   4   0   0  11  0.21 0.12
  126 I     1   1  -1   0  -3   0   1  -1   3  -1  -2   2  -2  -3   1   0  -1  -3  -2   0   17  10   0   7   0   2   6   4  10   6   0  18   0   0   8   5   0   0   0   7  0.17 0.08
  127 A     1  -3  -2  -1  -3  -3  -3   6  -3  -5  -5  -3  -4  -4  -3   0  -2  -4  -4  -4   12   0   0   4   0   0   0  78   0   0   0   0   0   0   0   6   0   0   0   0  1.17 0.26
  128 E    -2  -1  -2   0  -5   1   7  -4  -1  -5  -4   0  -3  -5  -3  -1  -2  -4  -3  -4    0   0   0   0   0   3  97   0   0   0   0   0   0   0   0   0   0   0   0   0  1.41 0.27
  129 H     0   0  -1  -1  -3   0   2  -2   4  -3  -3   2  -2  -2  -2   1   3  -3   1  -2    6   3   0   0   0   0  15   0  16   0   0  18   0   0   0   9  28   0   5   0  0.33 0.11
  130 K     1   2  -1  -2  -4   0  -1  -2  -2  -4  -4   6  -2  -4   1  -1  -2  -4  -3  -3   13   5   0   0   0   0   0   0   0   0   0  77   0   0   5   0   0   0   0   0  0.83 0.20
  131 H     1   3  -2  -3  -3   0  -1  -1   4  -3  -2   1  -2   3  -3  -1  -2  -2   2  -2   16  29   0   0   0   3   0   5  14   0   0   6   0  19   0   0   0   0   8   0  0.34 0.11
  132 C    -2  -5  -5  -5  11  -5  -6  -4  -5  -3  -3  -5  -3  -4  -5  -3  -3  -4  -4  -3    0   0   0   0 100   0   0   0   0   0   0   0   0   0   0   0   0   0   0   0  2.72 0.36
  133 V     4  -3  -3  -3  -2  -2  -2   1  -3   0  -2  -2  -1  -3  -2   0  -1  -4  -3   3   60   0   0   0   0   0   0  10   0   0   0   0   0   0   0   0   0   0   0  30  0.51 0.16
  134 S    -1  -2   1  -2  -2  -2  -2   0  -3  -2  -3  -2  -2  -3  -2   1   6  -4  -3  -2    0   0   6   0   0   0   0   9   0   0   0   0   0   0   0   8  77   0   0   0  0.83 0.22
  135 S     0  -2  -1  -2  -2  -1  -1  -2  -2  -4  -4  -2  -3  -4  -2   6   0  -4  -3  -3    0   0   0   0   0   0   0   0   0   0   0   0   0   0   0 100   0   0   0   0  1.16 0.28
  136 L     2  -1  -3  -4  -2  -2  -3  -3  -3   2   4  -2   1  -1  -3  -2  -2  -3  -2   0   25   5   0   0   0   0   0   0   0  11  59   0   0   0   0   0   0   0   0   0  0.42 0.13
  137 K    -2  -1  -2   0  -5   1   7  -3  -1  -5  -4   1  -3  -5  -2  -1  -2  -4  -3  -4    0   0   0   0   0   0  92   0   0   0   0   8   0   0   0   0   0   0   0   0  1.30 0.26
  138 S     2  -2   0   3  -2  -1  -1  -1  -2  -3  -4  -1  -3  -4  -2   5   0  -4  -3  -3   14   0   0  25   0   0   0   0   0   0   0   0   0   0   0  61   0   0   0   0  0.67 0.18
  139 M    -2  -3  -4  -4  -2  -2  -4  -4  -3   2   3  -3   7  -1  -4  -3  -2  -3  -2   2    0   0   0   0   0   0   0   0   0   7  24   0  56   0   0   0   0   0   0  13  0.82 0.20
  140 I    -1  -3  -4  -4  -2  -3  -4  -4  -4   4   2  -3   0  -1  -3  -3  -1  -3  -2   4    5   0   0   0   0   0   0   0   0  32  16   0   0   0   0   0   0   0   0  48  0.56 0.14
  141 D    -3  -2   0   7  -5  -1   3  -3  -2  -4  -5  -1  -4  -5  -3  -1  -2  -5  -4  -4    0   0   0  74   0   0  26   0   0   0   0   0   0   0   0   0   0   0   0   0  1.29 0.23
  142 Q    -3   0  -3  -4  -3   0  -3  -2  -2  -1   1  -3   0   6  -4  -3  -3  -1   1   0    0   6   0   0   0   8   0   3   0   0  18   0   0  60   0   0   0   0   0   6  0.68 0.17
  143 V     4  -3  -3  -3  -2  -2  -2  -2  -3   0  -2  -2  -1  -3  -2   0  -1  -4  -3   3   63   0   0   0   0   0   0   0   0   0   0   0   0   0   0   5   0   0   0  32  0.56 0.17
  144 I     2  -2  -2  -3  -2  -1  -2  -2  -3   1  -1   1   3  -2  -2   0   2  -3  -2   2   25   0   0   0   0   0   0   0   0   8   0  10  14   0   0   0  22   0   0  21  0.24 0.11
  145 S     1  -1  -1  -1  -2  -1   1   0  -2  -3  -3   1  -3  -4  -2   5   0  -4  -3  -3   10   0   0   0   0   0   9   3   0   0   0  10   0   0   0  67   0   0   0   0  0.60 0.18
  146 H     1  -2  -1  -2  -2  -1  -2  -2   2   0   0   0   2  -2  -2   2   1  -3  -2   2    8   0   0   0   0   0   0   0   8   0   5   5  11   0   0  28  10   0   0  26  0.20 0.10
  147 F    -2  -3  -4  -5  -2  -3  -4  -5  -4   1   5  -4   2   2  -4  -3  -2  -2  -1   0    0   0   0   0   0   0   0   0   0   5  78   0   5  11   0   0   0   0   0   0  0.75 0.17
  148 G     0  -4  -2  -3  -4  -3  -3   7  -3  -5  -5  -3  -4  -4  -3  -1  -3  -4  -4  -4    5   0   0   0   0   0   0  95   0   0   0   0   0   0   0   0   0   0   0   0  1.53 0.23
  149 S     0   2   0   1  -2  -1  -1  -2  -2  -2  -3   0  -2  -3  -2   1   5  -4  -3  -2    4  15   3   7   0   0   0   0   0   0   0   5   0   0   0   8  58   0   0   0  0.53 0.16
  150 T    -1   4   2   1  -3   0  -1  -1  -1  -3  -3   1  -2  -3  -2   2   2  -3   0  -2    0  35   9   7   0   0   0   3   0   0   0   6   0   0   0  17  18   0   5   0  0.37 0.11
  151 K    -1  -1  -1   4  -3  -1   0  -3   2   0  -1   2  -1  -3  -2  -1  -1  -4  -2   1    5   0   0  38   0   0   0   0   8   7   6  18   0   0   0   0   0   0   0  18  0.31 0.11
  152 I    -1  -4  -4  -4  -2  -3  -4  -4  -4   4   1  -3   0  -2   0  -3  -1  -4  -2   5    0   0   0   0   0   0   0   0   0  25   5   0   0   0   5   0   0   0   0  65  0.67 0.17
  153 K     0   4  -1  -1  -3   0  -1  -3   2  -1   0   2   2  -2  -3  -1  -1  -3  -2   1    7  37   0   4   0   0   0   0   8   0   6  12  10   0   0   0   0   0   0  16  0.31 0.11
  154 A     4   3  -2  -3  -2  -1  -2  -2  -2  -2  -2  -1  -2  -3   1   0  -1  -4  -3   1   59  25   0   0   0   0   0   0   0   0   0   0   0   0   6   0   0   0   0  10  0.50 0.16
  155 I     1  -2  -2  -3  -2  -2  -2  -2  -3   1   0  -2   0   1   2   0   1  -3  -1   2   14   0   0   0   0   0   0   0   0   8   9   0   0  10  10   7  15   0   0  27  0.20 0.07
  156 S     1  -2  -1   0  -2  -1  -1  -2  -2  -3  -3  -1  -2  -3  -2   4   4  -4  -3  -2    8   0   0   5   0   0   0   0   0   0   0   0   0   0   0  45  42   0   0   0  0.62 0.18
  157 S     0  -1  -1  -1  -2   2   2  -2  -2  -2  -3  -1  -2  -3   2   2   3  -3  -3  -1    8   0   0   0   0  10  18   0   0   0   0   0   0   0  11  17  32   0   0   4  0.38 0.11
  158 N     0  -1   3   1  -3   0   2   1  -1  -2  -2  -1  -2  -1  -2   1   1  -3  -2  -2    5   0  27   8   0   0  20  10   0   0   4   0   0   5   0  10   9   0   0   3  0.27 0.08
  159 F    -1   1  -2  -1  -2  -2  -2  -3  -2   1   1  -1   0   1   0  -1   1  -2   1   2    0  10   0   5   0   0   0   0   0   0  14   0   0   8   4   4  13   0   5  34  0.12 0.07
  160 A     3  -2   0  -2  -2  -1   0   0  -2   1  -1  -1  -1  -2   1   0  -1  -3  -2   1   44   0   7   0   0   0   5   5   0  11   5   3   0   0   5   4   0   0   0  10  0.20 0.09
  161 P    -1  -3   0  -2  -3  -2  -2   3  -3  -3  -2  -1  -3  -4   6   1  -2  -4  -4  -3    0   0   3   0   0   0   0  28   0   0   6   4   0   0  47  12   0   0   0   0  0.96 0.16
  162 Y    -1   1  -1  -2  -3  -1   0  -1   2  -2   0   0   2  -1   2   1   0  -2   2  -2    0  11   0   0   0   0   9   3   6   0  11   4   9   0  11  15   8   0  12   0  0.15 0.07
  163 Q     1   2   1   0  -3   3   1   2  -1  -3  -1   1  -1  -3  -1  -1  -1  -3  -2  -2   12  11   8   4   0  20   5  20   0   0   7  10   0   0   2   0   0   0   0   0  0.24 0.07
  164 D    -1   1   1   1  -3   2   1   3   2  -3  -3   0  -2  -1  -2  -1  -2  -2   3  -3    1  10   5   8   0  14   8  28   5   0   1   3   0   0   0   1   0   0  16   0  0.30 0.08
  165 Q     0   1   1   1  -2   2   1  -2  -1  -1  -1   1   0  -3  -2   0   1  -3  -2  -1    9   8  10   7   0  12  10   0   0   0   7  12   5   0   0   3  11   0   0   5  0.16 0.05
  166 Y    -3  -3  -4  -4  -3  -3  -4  -4   0   2  -1  -3  -1   2  -4  -3  -2   0   7   2    0   0   0   0   0   0   0   0   0  16   0   0   0   6   0   0   0   0  63  14  1.02 0.21
  167 V     1   2   0  -2  -2  -1  -2  -2  -2   0  -1   0   2  -2  -2   0   3  -3  -2   2   12  15   4   0   0   0   0   0   0   5   0   5  11   0   0   0  31   0   0  18  0.23 0.10
  168 V     0  -3  -3  -3  -2  -3  -1  -4  -3   3   1  -3   0   0  -3  -2  -1  -3  -2   4    9   0   0   0   0   0   6   0   0  16   6   0   0   5   0   0   0   0   0  58  0.43 0.14
  169 E     2   1  -1   0  -2   0   2   2  -2  -2  -3  -1  -2  -3  -2   0   1  -3  -3   0   20  12   0   5   0   0  19  22   0   0   0   0   0   0   0   4  12   0   0   7  0.24 0.08
  170 D     2   0   0   1  -2  -1   0   2  -2  -3  -3   1  -2  -3   1   2  -1  -3  -3  -2   25   3   3   7   0   0   5  17   0   0   0  10   0   0   6  23   0   0   0   0  0.30 0.08
  171 V     0  -3  -4  -4  -2  -3  -3  -4  -4   2   0  -1   0  -2  -3  -2  -1  -4  -2   5    9   0   0   0   0   0   0   0   0   3   0   6   0   0   0   0   0   0   0  82  0.70 0.20
  172 K     0   4   1  -1  -3   1   1  -2  -1  -3  -2   3  -2  -3   0  -1   0  -4  -3  -3    8  35   7   0   0   3   6   0   0   0   3  27   0   0   5   0   7   0   0   0  0.44 0.11
  173 K     0   2  -1  -2  -3  -1   0   2  -2  -3  -1   2  -2  -3   4  -1   0  -4  -3  -2    7  16   0   0   0   0   4  22   0   0   6  17   0   0  23   0   5   0   0   0  0.43 0.10
  174 V    -1  -3  -4  -3  -2  -3  -1  -4  -4   4   1  -3   2  -1  -3  -2  -1  -3  -2   4    4   0   0   0   0   0   5   0   0  28   8   0   8   0   0   0   0   0   0  47  0.47 0.13
  175 G     1  -2   2   0  -3  -1   1   4  -2  -4  -4  -1  -3  -4   1   1  -1  -4  -3  -3   17   0  16   3   0   0  12  37   0   0   0   0   0   0   8   8   0   0   0   0  0.46 0.10
  176 D     1  -3   0   2  -3  -2  -2   5  -3   0  -3  -2  -3  -3  -3  -1  -2  -4  -4  -2   13   0   5  12   0   0   0  60   0  11   0   0   0   0   0   0   0   0   0   0  0.68 0.14
  177 N    -1  -1   2   3  -3   0   0   3  -2  -3  -3   1  -1  -4  -2   1   0  -4  -3  -3    0   0  10  23   0   4   0  33   0   0   0  11   4   0   0  12   4   0   0   0  0.43 0.10
  178 A     1  -2  -2  -2  -2  -1  -2   0  -2  -1   0  -2   4   1  -2   2   0  -3  -1   0   17   0   0   0   0   0   0   8   0   0   4   0  22   7   0  29   5   0   0   8  0.22 0.11
  179 V    -1  -4  -4  -4  -2  -3  -4  -4  -4   2   2  -3   0  -2  -4  -3  -1  -4  -2   5    0   0   0   0   0   0   0   0   0   8  15   0   0   0   0   0   0   0   0  76  0.75 0.19
  180 M     3  -2  -2  -2  -2  -1  -2   1  -2  -1  -2  -2   1  -3  -2   2   1  -3  -2   1   41   0   0   0   0   0   0  11   0   0   0   0   7   0   0  22   7   0   0  12  0.32 0.11
  181 C    -2  -5  -5  -5  11  -5  -6  -4  -5  -3  -3  -5  -3  -4  -5  -3  -3  -4  -4  -3    0   0   0   0 100   0   0   0   0   0   0   0   0   0   0   0   0   0   0   0  2.72 0.37
  182 H    -3   1  -1  -3  -5  -1  -2  -4  10  -5  -4  -2  -3  -3  -4  -2  -3  -4   0  -5    0   7   0   0   0   0   0   0  93   0   0   0   0   0   0   0   0   0   0   0  2.04 0.33
  183 R    -1   3  -1   2  -3   3   0   1  -1  -4  -3   1  -2  -4   2  -1   0  -4  -3  -3    4  21   0  16   0  18   3  15   0   0   0   5   0   0  13   0   5   0   0   0  0.39 0.10
  184 L    -1  -2  -2  -2  -3   1   3  -3  -2  -1   1  -1   5  -2  -3   1   0  -3   0  -1    0   0   0   0   0   7  24   0   0   0  11   0  36   0   0  13   6   0   3   0  0.37 0.15
  185 N     0   0   1  -2  -2  -1  -2  -2  -2  -1   1   0  -1  -2   4   0   1  -3  -2  -1   10   5   7   0   0   0   0   0   0   0  26   5   0   0  28   8  11   0   0   0  0.39 0.10
  186 F    -3  -3  -3  -4  -4  -3  -4  -4   0  -2  -2  -3  -2   5  -4  -3   0   1   8  -2    0   0   0   0   0   0   0   0   0   0   0   0   0  21   0   0   7   0  72   0  1.39 0.25
  187 E     2  -3  -3  -2  -3  -2   0  -3  -3  -3  -2  -2  -3  -4   7  -1  -2  -4  -4  -3   22   0   0   0   0   0   7   0   0   0   5   0   0   0  66   0   0   0   0   0  1.42 0.21
  188 K    -3  -2  -3  -4  -4  -2  -3   0   0  -3  -2   0  -2   3  -4  -1  -3   1   8  -3    0   0   0   0   0   0   0   7   0   0   0   7   0  10   0   3   0   0  72   0  1.17 0.24
  189 V     3  -2  -2  -3  -2  -1  -1  -2  -3   0   1   0   1  -2  -2   0   1  -3  -2   1   50   0   0   0   0   0   5   0   0   0  18   5   3   0   0   0   7   0   0  12  0.27 0.11
  190 V    -1  -4  -4  -5  -2  -3  -4  -5  -4   2   1  -4   0  -2  -4  -3  -1  -4  -2   6    0   0   0   0   0   0   0   0   0   0  13   0   0   0   0   0   0   0   0  87  0.87 0.22
  191 F    -3  -4  -4  -5  -4  -4  -4  -5  -1  -2  -1  -4  -2   6  -5  -3  -3   1   7  -2    0   0   0   0   0   0   0   0   0   0   0   0   0  48   0   0   0   0  52   0  1.43 0.25
  192 N    -1   0   1  -3  -3  -2  -3   2   0  -2  -2  -2   2   2  -4  -2  -2   0   6  -2    4   7   7   0   0   0   0  19   0   0   0   0   8   5   0   0   0   0  50   0  0.64 0.17
  193 C    -2  -5  -4  -5  11  -5  -5  -4  -5  -2  -2  -5  -3  -4  -5  -3  -2  -4  -4  -1    0   0   0   0  93   0   0   0   0   0   3   0   0   0   0   0   0   0   0   3  2.40 0.34
  194 H    -3   1  -1  -3  -5  -1  -2  -4  10  -5  -4  -2  -3  -3  -4  -2  -3  -4   0  -5    0   7   0   0   0   0   0   0  93   0   0   0   0   0   0   0   0   0   0   0  2.04 0.33
  195 Q     1   0  -1  -2  -2   1  -1   2  -2  -2   0   0  -1  -3  -2   2   2  -3  -2  -2   12   5   0   0   0   7   0  17   0   0  12   5   0   0   0  25  17   0   0   0  0.22 0.08
  196 V     0  -2  -2  -3  -2  -2  -2  -3   3   1   0  -2  -1  -2   2  -1   3  -3  -2   3    5   0   0   0   0   0   0   0  11   8   3   0   0   0   9   0  35   0   0  29  0.33 0.12
  197 R     0   2   0  -1  -3   0   1   1  -2  -3  -3   3   0  -4   4  -1   0  -4  -3  -3    5  11   5   0   0   0   8  15   0   0   0  26   5   0  22   0   5   0   0   0  0.41 0.10
  198 D     1   0  -1   2  -3   1   0   1  -2  -3  -3   2   0  -3   4   0   0  -4  -3  -2   14   3   0  14   0   6   0  14   0   0   0  17   4   0  23   0   6   0   0   0  0.39 0.08
  199 T     2  -2  -1  -2  -1  -2  -2  -2  -3   0  -1  -2  -1  -3  -2   1   4  -3  -2   2   23   0   0   0   0   0   0   0   0   4   0   0   0   0   0  10  44   0   0  19  0.39 0.12
  200 T     0   6  -1  -2  -3   0  -1  -2  -1  -2  -2   1  -2  -3  -2  -1   1  -3  -2  -1   12  62   0   0   0   0   0   0   0   0   0   5   0   0   0   0  12   0   0   6  0.62 0.14
  201 A     3  -3  -3  -3  -1  -2  -2  -2  -2   0   0  -2  -1  -1  -2  -1  -1  -3   1   3   46   0   0   0   0   0   0   0   0   0   6   0   0   0   0   0   0   0   8  40  0.38 0.13
  202 Y    -3  -3  -3  -4  -3  -2  -3  -4   0  -2   0  -3  -2   3  -4  -3  -2   1   8  -2    1   0   0   0   0   0   0   1   0   0   7   0   0   9   0   1   0   0  77   0  1.24 0.20
  203 V     2   1  -1  -1  -2   1   3  -2  -1  -2  -2   1   1  -3  -2   0   1  -3  -2   0   26   6   0   0   0   6  32   0   0   0   0   6   6   0   0   0  11   0   0   8  0.26 0.09
  204 V     2  -3  -3  -4  -2  -3  -3  -3  -4   1   0  -3   0  -2  -3  -1   0  -4  -2   5   23   0   0   0   0   0   0   0   0   0   0   0   0   0   0   3   3   0   0  71  0.54 0.16
  205 S    -1  -2   2   4  -3  -1   1  -2  -2  -2  -3  -1  -2  -3   0   2   2  -4  -3  -1    0   0   9  36   0   0   7   0   0   0   0   0   0   0   4  23  16   0   0   5  0.45 0.10
  206 L    -1  -3  -4  -4  -2  -3  -3  -4  -3   2   4  -3   3   0  -3  -3  -2  -3  -2   0    6   0   0   0   0   0   0   0   0  14  68   0  12   0   0   0   0   0   0   0  0.59 0.13
  207 V     2  -2  -3  -2  -2  -1   1  -3  -3   1   2  -2   2  -2  -2  -1  -1  -3  -2   3   21   0   0   0   0   0  17   0   0   0  20   0   7   0   0   0   0   0   0  34  0.22 0.09
  208 A     2  -2  -1   1  -2  -1  -1   4  -2  -3  -3  -1  -3  -3  -2   2   0  -3  -3  -2   23   0   0  11   0   0   3  40   0   0   0   0   0   0   0  19   5   0   0   0  0.49 0.10
  209 S     2  -1  -1   2  -2  -1   1   1  -2  -2  -2   0  -2  -3   2   1  -1  -3  -3  -1   24   3   0  19   0   0   9  12   0   0   3   6   0   0  11   8   0   0   0   7  0.23 0.06
  210 D    -2   0   2   5  -4   0   2   1  -1  -3  -4   0  -3  -4  -2  -1  -1  -4  -3  -1    0   5  12  47   0   4  11   9   0   0   0   6   0   0   0   0   0   0   0   6  0.54 0.11
  211 G     0  -3  -1   0  -3  -2  -2   5  -3  -4  -4  -2  -3  -4  -3   2   0  -4  -4  -3    0   0   0   5   0   0   0  67   0   0   0   0   0   0   0  25   4   0   0   0  0.89 0.15
  212 T     1   0   0  -1  -2  -1  -1   3  -2  -1  -1   1   0  -3  -2   0   2  -3  -3  -1   10   5   3   3   0   0   0  29   0   4   3  14   4   0   0   0  26   0   0   0  0.24 0.08
  213 K     1   3  -1   1  -3   2   1   1  -1  -2  -2   2   0  -3  -2  -1  -1  -3  -2  -2   15  19   0  11   0  10   7   9   0   2   0  22   4   0   0   0   0   0   0   0  0.26 0.07
  214 T     2  -2   3   0  -2  -1  -1  -1  -2   0  -1  -2   2  -2  -2   0   1  -3  -2   2   33   0  22   6   0   0   0   0   0   0   0   0   9   0   0   0   8   0   0  22  0.24 0.10
  215 K    -1  -1  -1  -1  -3   0   3   0   4  -1  -2   1  -2  -3  -2   0   1  -3  -1   1    0   0   0   0   0   0  30   6  19   0   0  12   0   0   0   4   9   0   0  20  0.27 0.10
  216 A     3  -3  -2  -2  -2  -2  -2   3  -3   0  -1  -2  -1  -3  -2   0   0  -3  -3   0   48   0   0   0   0   0   0  32   0   6   6   0   0   0   0   0   5   0   0   3  0.42 0.11
  217 L     0  -3  -4  -4  -2  -3  -3  -3  -3   2   2  -3   0  -1   1  -2  -1  -3  -2   3    9   0   0   0   0   0   0   0   0  11  30   0   0   0   9   0   0   0   0  41  0.37 0.10
  218 T     5  -2  -2  -3  -1  -2  -2  -1  -3  -2  -2  -2  -2  -3  -2   0   1  -4  -3  -1   89   0   0   0   0   0   0   0   0   0   0   0   0   0   0   0  11   0   0   0  0.80 0.19
  219 V     0  -3  -4  -4  -2  -3  -3  -4  -4   3   0  -3   0  -2  -3  -2   0  -4  -2   5    8   0   0   0   0   0   0   0   0  22   0   0   0   0   0   0   4   0   0  65  0.57 0.14
  220 C    -2  -5  -4  -5  11  -5  -5  -4  -5  -3  -3  -5  -3  -4  -4  -2  -2  -4  -4  -2    0   0   0   0 100   0   0   0   0   0   0   0   0   0   0   0   0   0   0   0  2.56 0.32
  221 H    -3  -2  -1  -3  -5  -1  -2  -4  10  -5  -4  -2  -3  -3  -4  -2  -3  -4   0  -5    0   0   0   0   0   0   0   0 100   0   0   0   0   0   0   0   0   0   0   0  2.15 0.31
  222 H     0  -2  -2  -2  -2   0  -2   0   2   1   1  -1   3  -1  -2  -1   2  -3  -1   1    9   0   0   0   0   6   0   9   8   7  14   4  14   0   0   0  18   0   0  11  0.11 0.06
  223 D    -3  -2   3   7  -5  -1   0  -2  -2  -4  -5  -2  -4  -5  -3  -1  -2  -5  -4  -4    0   0  19  81   0   0   0   0   0   0   0   0   0   0   0   0   0   0   0   0  1.30 0.21
  224 T     0  -2  -1  -2  -2  -2  -2  -3  -3  -2  -2  -2  -2  -3  -2   0   6  -4  -3   0    8   0   0   0   0   0   0   0   0   0   0   0   0   0   0   0  88   0   0   4  0.93 0.21
  225 R     1   1   0   0  -2  -1  -1  -1  -2  -3  -3  -1  -2  -1  -2   5   1  -3  -2  -2   10   8   0   4   0   0   0   0   0   0   0   0   0   4   0  68   6   0   0   0  0.52 0.15
  226 G     1   2  -1   2  -2  -1   0   1  -2  -2  -1   0   0  -3   1   1   1  -3  -2  -2   13  18   0  14   0   0   3  15   0   0   5   0   4   0   8   8  11   0   0   0  0.18 0.05
  227 M    -4  -1  -4  -5  -4  -3  -4  -1   1  -3  -2  -4   2   1  -5  -4  -4  11   1  -4    0   3   0   0   0   0   0   4   4   0   0   0   8   5   0   0   0  75   0   0  2.35 0.28
  228 N    -2   0   4   4  -3  -1  -1   2  -1  -3  -4  -1  -3  -4  -3   1  -1  -4  -3  -1    0   4  38  28   0   0   0  15   0   0   0   0   0   0   0   8   0   0   0   8  0.52 0.12
  229 P     2  -3  -2  -2  -2  -2  -2  -2  -3  -2  -3  -2  -2  -3   7  -1   0  -4  -3  -1   27   0   0   0   0   0   0   0   0   0   1   0   0   0  57   0   6   0   0   5  1.13 0.15
  230 E    -1  -1  -1   0  -4   0   2  -3   8  -4  -4   0  -3  -3  -3   0  -2  -4   0  -4    4   0   0   4   0   0  15   0  65   0   0   5   0   0   0   6   0   0   0   0  1.05 0.20
  231 L     1  -2  -2  -2  -2  -2  -2   2  -3   0   0  -2  -1  -2   3  -1  -1  -3  -2   2   19   0   0   0   0   0   0  19   0   0  12   0   0   0  19   1   0   0   0  26  0.29 0.07
  232 L     4  -2  -2  -3  -2  -2  -2  -1  -2  -1   0  -2  -1   2  -2   1  -1  -2   1  -1   63   0   0   0   0   0   0   0   0   0  13   0   0  10   0   9   0   0   6   0  0.39 0.13
  233 Y    -3  -4  -4  -5  -4  -4  -4  -4  -1  -1  -1  -4  -1   7  -5  -3  -3   0   5  -2    0   0   0   0   0   0   0   0   0   0   0   0   0  80   0   0   0   0  20   0  1.39 0.22
  234 E    -1   1  -1  -1  -3   1   2  -3   2   0  -1   3   0  -2  -2  -1  -1  -3  -2   1    0   6   0   0   0   6  18   0   9   5   5  29   3   0   0   0   0   0   0  18  0.22 0.08
  235 A     2   1  -3  -3  -2  -1  -1  -2  -2   0   2  -1   0   0  -2  -1  -1  -3  -1   2   31  12   0   0   0   0   5   0   0   0  23   0   0   6   0   0   0   0   0  22  0.17 0.08
  236 L    -2  -3  -4  -4  -2  -3  -3  -4   2   1   5  -3   2  -1  -4  -3  -2  -3  -2   1    0   0   0   0   0   0   0   0   9   0  81   0   6   0   0   0   0   0   0   4  0.67 0.15
  237 E    -1  -1   1   0  -4  -1   0   5  -2  -4  -4   2  -3  -4  -3  -1  -2  -4  -3  -4    0   0   5   6   0   0   8  59   0   0   0  22   0   0   0   0   0   0   0   0  0.72 0.13
  238 V     0  -3  -2  -3  -2  -2  -2   0  -3   1   0  -2   1  -2  -3   1   1  -3  -2   3    6   0   0   0   0   0   0   9   0   4   5   0   5   0   0  13   9   0   0  49  0.24 0.09
  239 T     1   2  -1  -1  -3   0   1   0  -1  -3  -3   4  -2  -4  -2   0   0  -3  -3  -2   12  14   0   0   0   0   9   8   0   0   0  43   0   0   0   6   8   0   0   0  0.38 0.10
  240 P    -1   0  -3  -3  -4  -2  -2  -3  -3  -4  -4  -2  -4  -5   8  -2  -2  -5  -4  -4    4   6   0   0   0   0   0   0   0   0   0   0   0   0  90   0   0   0   0   0  2.15 0.24
  241 G    -1   1  -1  -2  -4  -2  -3   6  -3  -5  -5  -2  -4  -4  -3  -1  -3  -4  -4  -4    0   9   0   0   0   0   0  91   0   0   0   0   0   0   0   0   0   0   0   0  1.34 0.20
  242 T    -1   0   0   2  -3   2   2   1  -1  -3  -3   1  -2  -3  -2   2   2  -3  -3  -2    0   3   0  11   0   9  15  15   0   0   0  10   0   0   0  17  21   0   0   0  0.30 0.07
  243 V     2  -3  -1  -3  -1  -2  -2  -2  -3   2   0  -2   1  -2  -2   0   1  -3  -2   3   26   0   4   0   0   0   0   0   0  13   0   0   3   0   0   3  11   0   0  39  0.27 0.09
  244 P     1  -2  -2  -1  -3  -1   2  -2  -2  -3  -3   0  -2  -4   6   1   0  -4  -3  -2   11   0   0   0   0   0  19   0   0   0   1   4   0   0  47   9   6   0   0   0  0.87 0.12
  245 V     0  -4  -4  -4  -2  -3  -3  -4  -4   2   0  -3   0  -2  -3  -2  -1  -4  -2   6    6   0   0   0   0   0   0   0   0   6   0   0   0   0   0   0   0   0   0  88  0.79 0.19
  246 C    -2  -5  -4  -5  11  -5  -5  -4  -5  -3  -3  -5  -3  -4  -4  -2  -2  -4  -4  -2    0   0   0   0 100   0   0   0   0   0   0   0   0   0   0   0   0   0   0   0  2.56 0.32
  247 H    -3   1  -1  -3  -5  -1  -1  -4  10  -5  -4  -2  -3  -3  -4  -2  -3  -4   0  -5    0   6   0   0   0   0   0   0  94   0   0   0   0   0   0   0   0   0   0   0  1.93 0.29
  248 F    -1  -4  -4  -5  -3  -3  -4  -4  -2   0   0  -4  -1   6  -4  -3  -3   7   3  -2    6   0   0   0   0   0   0   0   0   4   9   0   0  52   0   0   0  22   6   0  1.02 0.17
  249 I    -2  -3  -4  -4  -2  -3  -3  -4  -3   3   2  -3   4   3  -4  -3  -1  -2  -1   2    0   0   0   0   0   0   0   0   0  30  18   0  22  15   0   0   0   0   0  14  0.45 0.11
  250 G     0  -3  -2  -2  -3   0  -2   1  -2  -3  -2  -2  -2   3   6   0  -1  -2  -1  -2    6   0   0   0   0   6   0  13   0   0   0   0   0  22  43   5   4   0   0   0  0.76 0.13
  251 N    -2   1   2   1  -3   3   2  -3  -1  -2   0   1  -1  -2   1  -1  -1  -2   1  -2    0  11  11   6   0  20  20   0   0   0  13   4   0   0   6   0   0   0   9   0  0.26 0.08
  252 K     0  -2   2   4  -3  -1  -1   3  -2  -3  -2   0  -3  -4  -2  -1  -1  -4  -3  -3    6   0  13  31   0   0   0  34   0   0   4   8   0   0   0   0   4   0   0   0  0.49 0.10
  253 A     0  -2   2   4  -3  -1   0  -2   5  -3  -3  -1  -2  -2  -2   2  -1  -3   1  -2   11   0   9  31   0   0   0   0  21   0   0   0   0   0   0  18   0   0   6   3  0.43 0.11
  254 A     0  -3  -4  -4  -2  -2  -3  -4  -3   4   1  -3   5  -1  -3  -2  -1  -3  -2   3    8   0   0   0   0   0   0   0   0  33   0   0  35   0   0   0   0   0   0  24  0.54 0.15
  255 A     0  -3   0  -3  -2  -2  -3  -3  -3   2   2  -2   0  -1  -3  -1   2  -3  -2   3    8   0   5   0   0   0   0   0   0  16  24   0   0   0   0   0  17   0   0  29  0.25 0.08
  256 W    -4  -5  -6  -6  -4  -4  -5  -4  -4  -4  -3  -5  -3  -1  -6  -5  -4  12   1  -5    0   0   0   0   0   0   0   0   0   0   0   0   0   0   0   0   0 100   0   0  3.68 0.38
  257 V     2  -3  -2  -3  -1  -2  -2  -2  -3   1   0  -2   0  -2  -2  -1   2  -3  -2   4   29   0   0   0   0   0   0   0   0   0   6   0   0   0   0   0  18   0   0  46  0.34 0.11
  258 P     0   4  -1  -2  -3   0  -1  -2  -1  -3  -3   2  -2  -3   5  -1  -1  -3  -2  -2    9  32   0   1   0   0   1   1   0   1   1  16   0   0  35   1   1   0   0   1  0.69 0.08
  259 N    -1   3   5   0  -3   0  -1  -1   0  -3  -3   0  -2  -3  -2   1  -1  -3  -2  -3    1  23  60   1   0   1   1   1   0   1   1   1   0   0   1   7   1   0   0   1  0.57 0.08
  260 H    -1   0   0  -1  -2   0   0  -1   7  -2  -2  -1  -1  -1  -1  -1  -1  -1   1  -2    3   2   1   2   1   1   2   2  68   2   3   2   1   1   2   2   2   0   1   2  0.49 0.01
  261 T     0  -1   0  -1  -1  -1  -1  -2  -2  -1  -1  -1  -1  -2  -1   1   5  -3  -2   0    0   0   0   0   0   0   0   0   0   0   0   0   0   0   0   0 100   0   0   0  0.48 0.01
  262 A     4  -2  -2  -2   0  -1  -1   0  -2  -1  -2  -1  -1  -2  -1   1   0  -3  -2   0  100   0   0   0   0   0   0   0   0   0   0   0   0   0   0   0   0   0   0   0  0.41 0.00
  263 D    -2  -2   1   6  -4   0   2  -1  -1  -3  -4  -1  -3  -4  -2   0  -1  -5  -3  -3    0   0   0 100   0   0   0   0   0   0   0   0   0   0   0   0   0   0   0   0  0.94 0.01
  264 N    -2   0   6   1  -3   0   0   0   1  -3  -4   0  -2  -3  -2   1   0  -4  -2  -3    0   0 100   0   0   0   0   0   0   0   0   0   0   0   0   0   0   0   0   0  0.72 0.00
  265 L    -2  -2  -4  -4  -1  -2  -3  -4  -3   2   4  -3   2   0  -3  -3  -1  -2  -1   1    0   0   0   0   0   0   0   0   0   0 100   0   0   0   0   0   0   0   0   0  0.45 0.00
  266 C     0  -4  -3  -4   9  -3  -4  -3  -3  -1  -1  -3  -2  -3  -3  -1  -1  -2  -3  -1    0   0   0   0 100   0   0   0   0   0   0   0   0   0   0   0   0   0   0   0  1.19 0.00
  267 V     0  -3  -3  -3  -1  -2  -3  -3  -3   3   1  -2   1  -1  -3  -2   0  -3  -1   4    0   0   0   0   0   0   0   0   0   0   0   0   0   0   0   0   0   0   0 100  0.34 0.00
  268 M    -1  -1  -2  -3  -2   0  -2  -3  -2   1   2  -1   6   0  -3  -2  -1  -2  -1   1    0   0   0   0   0   0   0   0   0   0   0   0 100   0   0   0   0   0   0   0  0.33 0.00

                      K         Lambda
Standard Ungapped    0.1325     0.3191
Standard Gapped      0.0388     0.2670
PSI Ungapped         0.1269     0.3174
PSI Gapped           0.0388     0.2670
