
Last position-specific scoring matrix computed, weighted observed percentages rounded down, information per position, and relative weight of gapless real matches to pseudocounts
            A   R   N   D   C   Q   E   G   H   I   L   K   M   F   P   S   T   W   Y   V   A   R   N   D   C   Q   E   G   H   I   L   K   M   F   P   S   T   W   Y   V
    1 M    -1  -1  -2  -3  -1   0  -2  -3  -2   1   2  -1   5   0  -2  -1  -1  -1  -1   1    0   0   0   0   0   0   0   0   0   0   0   0   0   0   0   0   0   0   0   0  0.00     0.00
    2 E    -1   0   0   1  -4   2   5  -2   0  -3  -3   1  -2  -3  -1   0  -1  -3  -2  -2    0   0   0   0   0   0   0   0   0   0   0   0   0   0   0   0   0   0   0   0  0.00     0.00
    3 K    -1   2   0  -1  -3   1   1  -2  -1  -3  -2   4  -1  -3  -1   0  -1  -3  -2  -2    0   0   0   0   0   0   0   0   0   0   0   0   0   0   0   0   0   0   0   0  0.00     0.00
    4 V     0  -2  -3  -3  -1  -2  -2  -3  -3   3   1  -2   1  -1  -2  -2   0  -3  -1   4    0   0   0   0   0   0   0   0   0   0   0   0   0   0   0   0   0   0   0   0  0.00     0.00
    5 S     1  -1   1   0  -1   0   0   0  -1  -3  -3   0  -2  -3  -1   4   1  -3  -2  -2    0   0   0   0   0   0   0   0   0   0   0   0   0   0   0 100   0   0   0   0  0.48 0.01
    6 L    -1  -3  -3  -4  -1  -2  -3  -4  -3   2   2  -3   1   0  -3  -2   0  -3  -1   3    0   0   0   0   0   0   0   0   0   0  34   0   0   0   0   0   0   0   0  66  0.32 0.01
    7 Y    -1  -2  -1  -2  -2  -1  -2  -3   0  -1  -1  -1  -1   1  -2   0   3   1   5  -1    0   0   0   0   0   0   0   0   0   0   0   0   0   0   0   0  48   0  52   0  0.47 0.03
    8 A     3  -2  -2  -2  -1  -1  -1  -1  -2   0   1  -1   0  -1  -2   1   2  -2  -2   0   47   0   0   0   0   0   0   0   0   0  29   0   0   0   0   0  24   0   0   0  0.20 0.01
    9 C    -1  -3   3  -2   9  -2  -3  -2  -2  -2  -2  -2  -2  -3  -3  -1  -1  -3  -3  -2    0   0  25   0  75   0   0   0   0   0   0   0   0   0   0   0   0   0   0   0  0.99 0.05
   10 L    -2  -3  -4  -4  -1  -3  -3  -4  -3   2   4  -3   2   0  -3  -3  -1  -2  -1   1    0   0   0   0   0   0   0   0   0  19  81   0   0   0   0   0   0   0   0   0  0.46 0.03
   11 I    -1  -2  -2  -2  -1  -2  -2  -2  -2   2   1  -2   0   3  -2  -2  -1  -1   0   3    2   1   1   1   0   1   1   1   0  19   2   1   0  20   1   1   1   0   1  45  0.18 0.01
   12 L    -2  -2  -3  -3  -2  -2  -3  -3  -2   1   3  -2   1   4  -3  -2  -2  -1   1   0    1   1   1   1   0   1   1   1   0   1  54   1   0  34   1   1   1   0   0   1  0.36 0.04
   13 N    -1  -1   1  -1  -2   0   1   1   4  -1  -1  -1  -1   2  -2  -1  -1  -2   0   0    1   1  12   1   0   1  17  13  19   1   1   1   0  14   1   1   1   0   0  16  0.12 0.02
   14 L     0  -2  -3  -3  -1  -2  -2  -2  -2   1   4  -2   1   0  -2  -2  -1  -2  -1   0   13   1   1   1   0   1   1   1   0   1  76   1   0   1   1   1   1   0   0   1  0.31 0.04
   15 S     0  -1   0  -1  -2   2   0   1  -1  -1   0   0   0  -2  -1   3   0  -2  -2  -1    1   1   1   1   0  16   1  13   0   1  20   1   0   1   1  41   1   0   0   1  0.17 0.03
   16 L    -1  -2  -2   1  -2  -2  -2  -3  -3   1   3  -2   1  -1   2  -2  -1  -3  -2   1    0   0   0  16   0   0   0   0   0   0  53   0   0   0  12   0   0   0   0  19  0.27 0.04
   17 L     0  -2  -3  -3  -1  -2  -2  -2  -2   1   4  -2   1   0  -2  -2  -1  -2  -1   0   13   1   1   1   0   1   1   1   0   1  75   1   0   1   1   1   1   0   0   1  0.31 0.04
   18 V     1  -2  -2  -2  -1  -2  -2  -2  -2   3   1  -2   1  -1  -2  -1   1  -2  -1   2   13   1   1   1   0   1   1   1   0  35  14   1   0   1   1   1  16   0   0  12  0.15 0.02
   19 I     2  -1  -1  -1  -1   2   0  -1  -1   1   0  -1   0  -1  -1   1   0  -2  -1   0   32   1   1   1   0  16   1   1   0  12  14   1   0   1   1  16   1   0   0   1  0.12 0.02
   20 F     0  -2  -3  -3  -2  -2  -2  -2  -2   1   0  -2   0   6  -2  -2  -1   0   2   0   13   1   1   1   0   1   1   1   0  16   1   1   0  59   1   1   1   0   0   1  0.39 0.05
   21 P     1   0  -1  -1  -2   2   0  -1  -1  -2  -2   2  -1  -3   2   0   2  -2  -2  -1   17   1   1   1   0  14   1   1   0   1   1  29   0   1  12   1  19   0   0   1  0.26 0.03
   22 Y     1  -2  -2  -3   4  -2  -2  -2   0  -1  -1  -2  -1   3  -2  -1  -1   0   5  -1   23   1   1   1  16   0   1   1   0   1   1   1   0  15   1   1   1   0  37   1  0.38 0.05
   23 S     1   1  -1  -1  -1  -1  -1  -1  -1  -1   0   0  -1   0  -1   2   0  -1   3  -1   14  11   1   1   0   0   1   1   0   1  14   1   0   0   1  36   1   0  16   1  0.15 0.04
   24 K     0   2   0   0  -2   2   2  -2  -1  -2  -2   2  -1  -3  -1   1   1  -2  -2  -2    1  11   1   1   0  12  14   1   0   1   1  25   0   0   1  14  16   0   0   1  0.27 0.03
   25 A     1   1  -1  -2   4  -1  -2  -2  -2  -1  -1  -1   2   1  -2   1   2  -2  -1  -1   19  13   0   0  15   0   0   0   0   0   0   0  13  12   0   9  19   0   0   0  0.17 0.05
   26 S     0   1   0  -1  -2   0  -1   1  -1  -2   0   1  -1  -2  -2   3   0  -3  -2  -2    0   9   0   0   0   0   0  12   0   0  13  13   0   0   0  52   0   0   0   0  0.25 0.06
   27 Q    -2   2   0   2  -4   5   1  -2   0  -3  -3   2  -1  -4  -2  -1  -1  -3  -2  -3    0  12   0  15   0  60   0   0   0   0   0  13   0   0   0   0   0   0   0   0  0.64 0.09
   28 A     3  -2  -1  -2  -1  -1  -1   1  -2  -1  -1  -1  -1  -2  -1   1   2  -3  -2   0   50   1   0   1   0   0   1  10   0   1   1   1   0   0   1   1  24   0   0   9  0.26 0.05
   29 D    -1  -1   0   4  -3   0   2  -2   4  -2  -2  -1  -2   1  -2   0   1  -2   0  -2    1   1   0  32   0   0  13   1  19   1   1   1   0  13   1   1  16   0   0   1  0.31 0.05
   30 K     1  -1  -1  -1  -1  -1  -1   1  -1   0   1   0   0   0  -1   1   0  -1   1   0   11   1   1   1   0   1   1  15   1   1  17  10   1   1   1  14   1   0  10  11  0.05 0.01
   31 L    -1  -2  -2  -3  -1  -2  -2  -2  -2   2   3  -2   1   0  -2  -2  -1   6   0   0    2   1   1   1   0   1   1   2   1  14  51   1   1   1   1   2   1  15   1   2  0.34 0.04
   32 N    -1  -1   4   2  -2   0   0  -1   0  -2  -2  -1  -2   1  -1   1   0  -2  -1  -2    2   1  44  14   0   1   1   2   1   1   2   1   1  13   1  10   1   0   1   2  0.30 0.04
   33 E    -1   2  -1   0  -2   0   2  -1  -1  -2  -2   0  -1  -2   5   0  -1  -2  -2  -2    3  20   1   2   1   1  23   2   1   2   3   2   1   1  30   2   2   0   1   2  0.46 0.03
   34 F    -1  -1  -1   1  -1  -1  -1  -1   0   0   1  -1   2   2  -1  -1  -1   0   3   0    3   2   2  15   1   2   3   3   1   2  13   2  14  10   2   3   2   1  16   3  0.08 0.01
   35 I    -1  -1  -1   1  -1   0   0  -2  -1   1   0   1   0   0  -1   0   1  -1   1   1    2   1   1  12   1   1   2   2   1   9  11  15   1   1   2   2  13   0   9  14  0.04 0.01
   36 L     0  -2  -2  -2  -1  -2  -2  -2  -2   2   3  -2   1   0  -2  -1   1  -2  -1   1   11   1   1   1   0   1   1   1   0  20  45   1   0   1   1   1  11   0   1   1  0.18 0.04
   37 S    -1  -1  -1  -2  -2  -1  -1  -2   2  -1  -1  -1   2   2   2   1   1   0   3  -1    1   1   1   1   0   1   1   1   9   1   2   1  12  11  11  15  11   0  19   1  0.20 0.04
   38 R    -2   6  -1  -2   3   0  -1  -3  -1  -3  -3   3  -2  -4  -3  -1  -2  -4  -2  -3    0  64   0   0   8   0   0   0   0   0   0  28   0   0   0   0   0   0   0   0  0.79 0.12
   39 K    -1   2  -1   1  -3   2   0   2  -1  -2   0   2  -1  -3  -2   1  -1  -3  -2  -2    0  13   0   9   0  14   0  19   0   0  15  15   0   0   0  16   0   0   0   0  0.19 0.06
   40 S     1   1  -1  -1  -2   1  -1   0  -2  -2  -2   1  -2  -3   3   2   0  -3  -2   0   14   6   0   0   0   9   0   6   0   0   0   7   0   0  18  31   0   0   0   9  0.31 0.07
   41 Q     0   1   1  -1  -2   3   0   0   2  -2  -1   0  -1  -3  -2   1  -1  -3  -2  -1    9   7   9   0   0  28   0   6   7   0   9   0   0   0   0  17   0   0   0   6  0.19 0.07
   42 N    -1  -2   2   1  -3  -1  -1   1   2  -1  -1  -1   1   2   2   1  -1  -2  -1  -2    0   0  14   9   0   0   0  13   9   7   0   0   9  14   9  16   0   0   0   0  0.15 0.06
   43 P     0  -3  -2  -2  -3  -2  -2   0  -3  -3  -3  -2  -3   0   7   1   1  -3  -2  -2    9   0   0   0   0   0   0   6   0   0   0   0   0   7  60   9   8   0   0   0  1.13 0.13
   44 P     0   1  -2  -2  -3   1  -1   0  -2  -3  -3  -1  -3  -4   6   1  -1  -4  -3  -3    9   9   0   0   0   8   0   7   0   0   0   0   0   0  54  13   0   0   0   0  1.01 0.12
   45 K    -1   4  -1  -1  -3   2   0  -2  -1  -3  -3   4  -2  -4  -2   2  -1  -4  -2  -3    0  24   0   0   0   8   0   0   0   0   0  50   0   0   0  18   0   0   0   0  0.59 0.12
   46 T     0   1  -1  -2  -2  -1  -1  -2  -2  -2  -1  -1  -1  -3   5   1   3  -3  -2  -1    9  13   0   0   0   0   1   1   0   0   8   0   0   0  31   7  28   0   0   1  0.49 0.08
   47 L     0  -1  -1  -2  -1  -1  -1   0  -1   1   2  -1   1   0  -1   0  -1  -1   1   1    8   1   1   2   1   1   2   8   1   8  30   2   6   1   1   9   2   0   9   8  0.06 0.02
   48 S     0   0   2   2  -2   0   1  -1  -1  -1  -2   1  -1  -2  -1   2   1  -2  -2   0    2   1  16  13   1   1   8   2   1   1   3   9   1   1   1  21   9   0   1   8  0.16 0.03
   49 W     0  -1  -1  -1  -1  -1  -1  -1  -1  -1   1   0   0  -1  -1   0   1   7   0  -1   10   2   2   2   1   1   2   3   1   2  17  10   1   1   2   9  13  19   1   2  0.26 0.04
   50 E    -1   1   1   1  -2   2   3  -2  -1  -2  -1   0  -1  -2  -1   2   0  -3  -2  -2    1   7   7   8   0   8  32   1   0   1   9   1   0   1   1  21   1   0   1   1  0.27 0.06
   51 E    -1   1  -1   0  -3   1   1   1   2  -2  -1   1  -1  -2   2   0  -1  -2   1  -2    1   6   1   5   0   6  11  12   9   1   8   9   0   0  12  10   1   0   7   1  0.17 0.04
   52 G     0  -3  -2  -3  -2  -3  -3   4  -2   0   1  -3  -1   2  -3  -2  -2  -2   1   0    6   0   0   0   0   0   0  45   0   6  15   0   0  11   0   0   0   0   7  11  0.38 0.10
   53 D    -1   1   2   4   2   0   1  -2  -1  -3  -3   2  -3  -4  -2   0   1  -4  -3  -3    5   6  15  35   7   0   7   0   0   0   0  15   0   0   0   0  11   0   0   0  0.43 0.11
   54 A     2  -2   0  -2  -2  -1  -2   0   1  -1  -2  -2  -1   0   1   2   0  -3  -2   1   29   0   6   0   0   0   0   6   5   0   0   0   0   5   5  25   4   0   0  16  0.21 0.10
   55 L    -1  -1  -2  -1  -2  -2  -2   2  -3   1   3  -2   2  -1  -3   0  -1  -3  -2   1    0   5   0   4   0   0   0  18   0   4  44   0   5   0   0   7   0   0   0  11  0.23 0.12
   56 K     1   3   1   1   1   2   2  -2   1  -3  -3   3  -2  -4  -2  -1  -1  -4  -3  -3   18  17   5   7   4   9  16   0   3   0   0  20   0   0   0   0   0   0   0   0  0.36 0.13
   57 T     0  -2  -1  -1  -2  -2  -1   1   0  -1  -3  -2  -2  -1   3   2   3  -3   0  -2    4   0   0   3   0   0   3  14   3   5   0   0   0   3  18  18  23   0   4   0  0.33 0.13
   58 L    -1  -2  -1  -4  -3  -1  -3  -4  -3   0   4   0   0  -1  -4   0  -2  -3  -2   1    4   0   3   0   0   3   0   0   0   0  67   7   0   0   0   8   0   0   0   8  0.50 0.21
   59 F    -1  -3  -3  -4  -3  -3  -3   0  -3   0   1  -1   1   6  -4  -2  -1   5   1  -1    4   0   0   0   0   0   0   7   0   3  13   6   5  45   0   3   3   8   0   3  0.58 0.21
   60 S     1  -3  -1  -3  -2  -2  -2   0  -3   1   2  -2   0  -2  -1   1   1  -3  -2   1   17   0   3   0   0   0   0   7   0   7  31   0   0   0   2  18  10   0   0   7  0.19 0.13
   61 S     0  -2  -1  -2  -2   0   0  -1  -2   0   1  -1  -1  -1  -2   3   2  -3  -2  -1    7   0   0   0   0   5   4   3   0   4  15   3   0   3   0  34  19   0   0   2  0.25 0.17
   62 A     2   0   1  -1  -2   0   0   0  -2  -1  -2   0  -1  -1   2   0   0  -3  -2   0   25   6   8   0   0   4   7   6   0   5   2   6   0   3  11   5   7   0   0   6  0.15 0.09
   63 A     1  -1   0  -2  -3   1   1   2   1  -1  -1  -1  -2   1  -1   1  -1  -2   1  -2   19   2   3   0   0   9   9  16   5   3   6   0   0   7   3  10   0   0   8   0  0.14 0.10
   64 Y    -1   1  -1   0  -2   0   0  -2   0   1   0   0  -1   0  -2   1   1   4   1   1    0   9   0   7   0   3   4   0   3   8   7   4   0   4   0  12  10   7   7  14  0.09 0.07
   65 V     0  -1  -2   0   0   0   0  -2  -2   1   1   0   0  -2   0   0  -1  -3  -2   3    5   3   0   7   2   4   6   1   0   4  14   9   0   0   5   8   1   0   0  31  0.11 0.09
   66 A     3  -2  -1  -1   1   1  -1   1   1  -2  -2   0  -2   0   2   0  -1  -3  -2  -1   35   0   3   4   3   8   0  12   4   0   3   4   0   5  10   3   3   0   0   3  0.22 0.13
   67 P     1  -2   0  -1  -3  -2  -1   1  -2  -1  -1   0  -2  -1   6   0  -1  -3  -3  -1   10   0   4   3   0   0   3  11   0   4   5   5   0   3  39   5   4   0   0   3  0.58 0.17
   68 P     0   0   0  -1  -3  -1  -1   1  -2  -3  -3   1  -2  -3   5   1   1  -3  -3  -2    6   5   4   3   0   0   1  12   0   1   1  10   0   0  29  12  13   0   0   3  0.48 0.16
   69 Q    -1  -1   0   0  -3   4   1   0  -1   0  -1   1  -1  -3   0   1  -1  -3  -2  -1    1   1   3   5   0  34   7   6   0   9   4  11   0   0   4  10   1   0   0   5  0.27 0.13
   70 E     0  -1   0   1  -3   3   3  -2   4  -2  -2   1  -2  -3  -2  -1  -1  -3   0  -2    8   1   4   5   0  16  28   1  16   3   3   9   0   1   1   1   1   0   2   2  0.37 0.13
   71 E     1  -1  -1   2  -2   0   3   0   3  -2  -2   1  -2  -1  -1   0  -1  -2  -1  -2   11   1   1  12   0   1  28   6   9   1   5   8   0   3   1   7   3   0   1   1  0.23 0.09
   72 L     0  -1  -1  -2  -1   0  -1   1  -1   1   1  -1   0   0  -1   0   0  -1   1   1   11   2   1   1   0   8   3  11   1   7  15   1   2   2   3   5   4   0   8  14  0.04 0.03
   73 R    -1   4   0   1  -3   2   0  -2   0  -2  -2   2  -2  -3   1   1   0  -3  -2  -2    1  29   3   8   0   9   3   1   2   3   2  13   0   1   6   9   7   0   1   1  0.30 0.10
   74 L     0   0   0   0   0  -1   1  -2  -1   1   1   0   0  -1  -2   1   0  -2  -1   1    9   6   4   5   3   1  10   1   0  14  14   3   1   1   1  15   1   0   2   8  0.04 0.05
   75 A     2   1  -1  -1  -2   0   0   0   0  -2  -1   2  -1  -3  -1   1   0  -3  -2  -1   26   8   1   3   0   4   5   6   3   1   5  14   0   1   1  15   5   0   0   2  0.17 0.08
   76 D    -1  -2  -1   6  -4  -1   1  -2  -2  -3  -4  -1  -1  -3  -3   1  -1  -3   2  -2    4   0   0  52   0   0   9   1   0   0   1   3   2   0   0  15   1   0   8   3  0.73 0.23
   77 K    -2   3  -1   0  -3   1   1  -3   1   0   0   2   1  -1  -1  -1  -1  -2   0  -1    1  24   0   4   0   4   8   1   4   8  12  14   4   2   3   2   1   0   4   3  0.18 0.10
   78 I    -1  -1  -4  -4  -2  -3  -1  -4  -4   4   1  -3  -1   0  -3  -3  -2  -3  -2   4    4   3   0   1   0   0   4   1   0  29   7   1   0   3   0   1   1   0   0  45  0.59 0.22
   79 V    -1   1  -1  -1  -2   0   0  -2   1   0  -2   3  -1  -2   1   0   1  -3  -2   1    3   9   1   2   0   3   4   1   4   5   2  23   0   2   7   7  14   0   0  12  0.17 0.10
   80 T     0   1   2   1  -1  -1   0   0   0  -3  -3   0  -2   0  -1   3   1  -3   0  -2    7   8   9   8   1   1   2   7   2   0   1   4   0   5   3  29   7   0   4   1  0.21 0.12
   81 L    -3  -4  -5  -5  -3  -4  -4  -5  -4   1   6  -4   0   1  -4  -4  -3  -3  -2   0    1   0   0   0   0   0   0   0   0   6  81   0   0   4   0   0   0   0   0   5  1.07 0.33
   82 P    -3  -4  -4   0   1  -4  -3  -4  -4  -5  -5  -3  -5  -6   8  -3  -3  -6  -5  -3    0   0   0   5   3   0   0   0   0   0   0   0   0   0  86   0   0   0   0   2  2.43 0.53
   83 G    -2  -4   0  -3  -4  -3  -1   7  -4  -5  -5  -3  -4  -5  -1  -2  -3  -4  -5  -5    0   0   4   0   0   0   4  83   0   0   1   0   0   0   3   2   0   0   0   0  1.55 0.40
   84 Q     0  -2  -1   0  -3   4   0  -3   0  -2   1  -1   0   3  -2   0  -1  -3  -1  -1   10   0   2   4   0  26   5   1   2   0  20   1   1  14   1   5   3   0   0   5  0.24 0.18
   85 P    -2  -3  -2   1  -4  -2   1  -4  -1  -3  -3  -1  -4   0   7   0  -1  -5  -2  -4    3   0   1   7   0   1  11   0   2   2   1   3   0   4  54   5   4   0   1   0  1.14 0.32
   86 Y     0   0   0   1  -1   0   2   2  -1  -2  -1   1  -1   0   0   1  -1  -2  -1  -2    5   2   4   7   2   1  15  17   0   2   6  11   2   7   4  11   1   0   1   2  0.12 0.07
   87 G     0  -2   1   1  -3   0  -1   4  -2  -2  -2   0  -3  -4   3   0  -1  -4  -3  -1    4   1   9   9   0   3   3  33   0   2   3   5   0   0  14   5   3   0   0   6  0.37 0.15
   88 V     0  -3  -3  -2  -3  -2  -3  -4  -3   2   2  -2   0  -1   3   0  -2  -3  -1   3    5   0   0   2   0   1   0   0   0   9  18   3   1   1  17   8   0   0   3  32  0.38 0.18
   89 N    -1  -1   3   2  -3   0  -1   0   0  -3   0   0  -2  -2   3   1  -1  -4  -3  -2    4   2  18  16   0   4   1   6   3   0  11   6   0   1  15   9   3   0   0   1  0.27 0.13
   90 F    -3  -4  -4  -2  -3  -3  -4  -2  -3   1   2  -4   0   6  -1  -1  -2  -2   1   2    0   0   0   3   0   0   0   3   0   5  17   0   1  42   4   5   1   0   2  15  0.59 0.23
   91 D    -1   2  -1   2  -4   0   2   0  -1  -3  -3   3  -3  -2  -1   0   0  -4  -3  -3    3  12   0  13   0   2  17   8   1   1   0  26   0   3   1   5   6   0   0   1  0.34 0.16
   92 Q    -3  -2  -3  -3  -4   5  -1  -4   4  -1   1  -2   5  -3  -4   1  -2  -4  -3  -3    0   0   0   0   0  33   1   0  11   2  17   1  21   0   0  12   2   0   0   0  0.74 0.34
   93 Y    -4  -4  -4  -4  -5  -2   1  -3   6  -4  -3  -4  -4   3  -5  -4  -4   0   8  -4    0   0   0   0   0   1  11   2  23   0   1   0   0  10   0   0   0   1  52   0  1.57 0.47
   94 S     4  -3  -2  -3  -3  -3  -2   0  -3  -4  -4  -3  -3  -5  -3   4   3  -5  -4  -3   43   0   0   0   0   0   1   5   0   0   0   0   0   0   0  35  16   0   0   0  0.84 0.36
   95 G    -3  -5  -3  -4  -6  -5  -5   7  -5  -7  -7  -5  -6  -6  -5  -2  -5  -6  -6  -6    0   0   0   0   0   0   0  99   0   0   0   0   0   0   0   1   0   0   0   0  2.32 0.58
   96 Y    -5  -2  -2  -5  -5   0  -4  -6   5  -4  -2  -4  -4   2  -6  -4  -4   1   8  -4    0   2   2   0   0   5   0   0  16   0   3   0   0   5   0   0   0   1  67   0  1.89 0.55
   97 V    -2  -4  -5  -5  -3  -4  -5  -5  -4   4   3  -4   1   0  -5  -4  -3  -4   1   4    1   0   0   0   0   0   0   0   0  28  32   0   2   3   0   0   0   0   4  29  0.78 0.28
   98 T     0  -1   1   2  -4  -1   2   1   1  -4  -3  -1  -3  -4   1   0   2  -4  -3  -3    5   3   8  15   0   1  19  11   3   0   2   2   0   0   8   5  19   0   0   0  0.35 0.18
   99 V     0  -3  -2  -4  -2  -2  -3  -3  -3   3   2  -3   0  -1  -3  -2  -1  -3  -2   4    9   1   2   1   0   1   1   1   0  15  20   1   0   2   1   1   3   0   0  42  0.49 0.21
  100 D    -2   0   3   4  -4  -2   0   2   0  -4  -4  -1  -2  -2   2  -1   0  -4   0  -3    0   4  20  27   0   0   4  14   2   0   0   1   1   2  11   2   7   0   3   1  0.49 0.22
  101 P     0  -1   1   1  -4   0   4  -2   0  -4  -4   1  -3  -4   4   0  -2  -4  -3  -3    7   3   7   7   0   3  29   1   2   1   1   8   0   0  25   4   1   0   1   1  0.60 0.23
  102 E     0  -1   2   2  -4   1   4   0  -1  -3  -3   1  -3  -4  -1   1   1  -2  -3  -3    7   1   8  11   0   4  30   6   0   1   1   9   0   0   2  10   9   1   0   0  0.39 0.19
  103 T     1  -1   3   2  -3  -1   1   0   3  -3  -2   0  -2  -3  -2   0   1  -3   0  -2   11   3  16  10   0   1  11   6  11   0   3   6   0   0   1   7   9   0   4   2  0.23 0.13
  104 G    -2  -1   4   3  -3  -1   1   2   0  -3  -2   0  -1  -3  -3   1   0  -4  -2  -3    1   1  23  17   0   2   7  19   2   0   4   5   2   0   0   9   5   0   1   0  0.39 0.18
  105 R     0   3   0  -1  -3   0  -1   1   0  -2  -3   2   0  -4  -3   1   0  -1  -3   0    7  24   3   3   0   2   0  13   2   1   0  17   4   0   0   9   6   1   0   7  0.28 0.17
  106 E     0   0   3   1  -4   2   0  -3   5  -4  -4   0  -1   0  -3   1  -2  -4   0  -3    8   5  19   6   0  10   5   0  18   0   0   5   2   5   0  13   0   0   2   1  0.43 0.22
  107 L    -4  -4  -5  -6  -4  -4  -5  -4  -4   0   5  -5   4   1  -5  -4  -2   2   1  -1    0   0   0   0   0   0   0   1   0   3  67   0  13   6   0   0   1   3   6   0  1.05 0.37
  108 F    -5  -6  -6  -4  -6  -6  -4  -6   1  -3  -3  -6  -3   9  -7  -5  -5   4   3  -4    0   0   0   1   0   0   1   0   4   0   0   0   0  81   0   0   0   4   9   0  2.22 0.58
  109 Y    -5  -5  -5  -6  -5  -5  -6  -6   0  -4  -2  -5  -3   7  -6  -5  -5   1   8  -4    0   0   0   0   0   0   0   0   2   0   3   0   0  44   0   0   0   1  50   0  2.06 0.56
  110 Y    -4  -6  -6  -7  -5  -5  -6  -6  -4  -5  -2  -6  -2   3  -7  -5  -2  11   5  -3    1   0   0   0   0   0   0   0   0   0   3   0   1   9   0   0   3  60  21   2  2.71 0.65
  111 F    -4  -2  -5  -5  -5  -3  -5  -6   4  -3   1  -2   0   7  -6  -4  -4  -2   4  -3    0   2   0   0   0   1   0   0  12   0  12   2   3  57   0   0   0   0  11   0  1.37 0.43
  112 V     0  -4  -3  -4  -4  -2  -4  -4  -3   1  -1  -4  -1   6  -5  -2  -1   1   2   2    7   0   1   1   0   2   0   0   0   9   3   0   1  47   0   2   4   2   6  14  0.81 0.30
  113 E    -3  -1  -2   0  -5   3   5  -2  -1  -5  -5   3  -4  -5   1  -2  -1  -5  -4  -5    1   1   1   2   0  12  52   2   1   0   0  16   0   0   8   1   4   0   0   0  0.94 0.37
  114 S     4  -3   3  -1  -3  -2  -2  -2  -3  -4  -4  -3  -4  -3  -2   5  -1  -5  -4  -3   32   0  14   2   0   1   1   0   0   0   0   0   0   1   1  45   1   0   0   0  0.84 0.37
  115 P    -2   5  -1  -1  -4   3   3  -4  -2  -2  -3   0  -1  -4   1  -1  -1  -4  -3  -1    2  33   1   2   0  14  18   0   0   2   1   4   2   0   8   3   3   0   0   6  0.54 0.25
  116 C    -2   2   4   0   1   0   0  -2   4  -1  -3   2  -2  -3  -2   0   0  -4  -1  -1    1  10  24   3   4   3   5   1  13   4   1  12   1   0   2   6   4   0   2   5  0.32 0.17
  117 N    -2  -2   4   4  -4   0   0   0  -1   1  -3   0  -3  -4   1  -1  -2  -5  -4  -2    2   1  26  25   0   3   5   7   1  10   1   5   0   0   7   2   1   0   0   2  0.46 0.22
  118 S     2  -3  -2  -1  -4  -2   0  -3  -4  -4  -4   0  -4  -2   6   1  -1  -5  -4  -3   16   1   2   4   0   1   6   1   0   1   0   6   0   3  47  12   2   0   0   1  1.01 0.34
  119 S     0   0   1   1  -4   1   2  -1   0  -3  -3   3  -2  -3  -1   1   0  -4  -1  -2    9   1   9   7   0   4  18   2   2   1   0  24   1   1   2  11   4   0   2   2  0.29 0.16
  120 T    -1   1   3   1  -4   1   2  -2  -2  -3  -3   2  -3  -4  -1   1   2  -4  -3  -2    2   7  20   6   0   4  15   1   0   0   1  13   0   0   2  11  14   0   1   2  0.37 0.18
  121 K     1   0   1   5  -4   2   0  -2  -1  -4  -3   1  -3  -4  -1   0  -1   0  -3  -3   15   4   5  38   0   8   2   1   1   0   3  11   0   0   2   4   3   1   0   0  0.51 0.22
  122 P    -2   3  -2  -4  -5  -3   0  -5  -4  -5  -5  -2  -5  -6   8  -3  -2  -6  -5  -4    2  16   1   0   0   0   5   0   0   0   0   1   0   0  70   0   1   0   0   1  1.88 0.49
  123 L    -3  -4  -4  -5  -3  -4  -4  -5  -5   2   4  -4   0   0  -4  -2   2  -4  -3   3    0   0   0   0   0   0   0   0   0   7  53   0   0   3   0   2  13   0   0  22  0.76 0.30
  124 V    -1  -4  -4  -5  -3  -4  -4  -3  -5   4   2  -4   0  -2  -4  -1   0  -4  -3   5    3   0   0   0   0   0   0   2   0  24  15   0   1   0   0   4   6   0   0  44  0.69 0.28
  125 L    -3  -5  -5  -5  -3  -4  -5  -6  -5   5   4  -5   1   2  -5  -4  -3  -4  -2   2    1   0   0   0   0   0   0   0   0  37  41   0   3   8   0   0   0   0   0  10  0.89 0.30
  126 W    -7  -7  -8  -8  -6  -6  -7  -7  -6  -7  -6  -7  -5  -1  -8  -7  -6  13   0  -7    0   0   0   0   0   0   0   0   0   0   0   0   0   1   0   0   0  97   2   0  4.64 0.92
  127 L    -4  -5  -6  -6  -4  -5  -5  -6  -5   0   6  -5   2   2  -6  -5  -3  -4  -3  -2    0   0   0   0   0   0   0   0   0   2  84   0   4   8   0   0   1   0   0   0  1.39 0.43
  128 N    -4  -3   8  -1  -5   2  -3  -3  -2  -6  -6  -3  -5  -6  -5   0   1  -6  -5  -5    0   0  72   1   0  11   0   0   0   0   0   0   0   0   0   7   9   0   0   0  1.63 0.51
  129 G    -3  -5  -3  -4  -6  -5  -5   7  -5  -7  -7  -5  -6  -6  -5  -3  -5  -6  -6  -6    0   0   0   0   0   0   0 100   0   0   0   0   0   0   0   0   0   0   0   0  2.39 0.59
  130 G    -3  -5  -3  -4  -6  -5  -5   7  -5  -7  -7  -5  -6  -6  -5  -3  -5  -6  -6  -6    0   0   0   0   0   0   0 100   0   0   0   0   0   0   0   0   0   0   0   0  2.39 0.59
  131 P    -4  -6  -6  -5  -6  -5  -5  -6  -6  -6  -6  -4  -6  -7   9  -4  -5  -7  -7  -6    0   0   0   0   0   0   0   0   0   0   0   0   0   0 100   0   0   0   0   0  3.23 0.73
  132 G    -2  -5  -3  -4  -6  -5  -5   7  -5  -7  -7  -5  -6  -4  -5  -3  -5  -6  -6  -6    2   0   0   0   0   0   0  98   0   0   0   0   0   1   0   0   0   0   0   0  2.27 0.57
  133 C    -1  -6  -6  -6  11  -6  -6  -1  -6  -5  -5  -6  -5  -4  -6   0  -4  -6  -3  -4    4   0   0   0  84   0   0   5   0   0   0   0   0   1   0   6   0   0   1   0  2.91 0.67
  134 S     0  -4  -2  -3  -4  -3  -3  -2  -4  -5  -5  -3  -4  -5  -4   7   0  -6  -5  -5    4   0   0   0   0   0   0   2   0   0   0   0   0   0   0  91   3   0   0   0  1.71 0.57
  135 S    -1  -4  -2  -3  -1  -3  -3  -2  -4  -5  -5  -3  -4  -5  -4   7   0  -6  -5  -5    3   0   0   0   1   0   0   2   0   0   0   0   0   0   0  92   3   0   0   0  1.72 0.58
  136 L    -3  -3  -4  -4  -3  -3   0  -4  -4   2   3  -3   6   1  -4  -3  -1  -3  -2   1    0   0   0   0   0   0   7   0   0  11  30   0  31   7   0   0   4   0   0   6  0.70 0.28
  137 G     0  -2   0   4  -1  -1   0   2  -2  -2  -2  -1  -2  -2  -1   1   1  -2  -2  -2    7   2   1  30   2   1   5  20   1   2   3   2   1   1   2   9  10   0   1   2  0.35 0.12
  138 Y    -1  -1  -1  -1  -1   0  -1   0  -1   1   0  -1   0   3  -1  -1   0   0   2   0    5   3   2   3   1   4   4   6   1   9   9   3   2  15   3   4   9   1  10   7  0.06 0.03
  139 G     0  -5  -3  -4  -5  -4  -4   7  -4  -5  -4  -4  -5  -5  -4  -1  -4  -5  -5  -5    7   0   0   0   0   0   0  85   0   0   2   0   0   0   0   3   0   0   0   0  1.79 0.50
  140 A     4  -3   0  -4  -3  -3  -2  -3  -3  -1   3  -3   2   0  -3  -1  -2  -4  -3   0   37   0   4   0   0   0   1   0   0   1  36   0   6   4   0   4   0   0   0   5  0.50 0.27
  141 F    -2  -4  -5  -5  -4  -4  -5  -4  -4   0   3  -5   3   6  -5  -2  -2  -2  -1  -1    4   0   0   0   0   0   0   1   0   2  34   0   9  43   0   3   1   0   0   3  1.00 0.37
  142 Q    -3  -3  -2  -3  -4   3   1  -4  -2  -1   1  -2   5   2  -4  -1   0  -3   3   0    0   0   1   0   0  14  12   0   0   1  12   1  23   8   0   5   7   0  10   6  0.43 0.26
  143 E    -3  -3  -2  -2  -7  -1   8  -3  -3  -6  -6  -2  -5  -6  -4  -3  -4  -6  -5  -6    1   0   1   0   0   1  94   2   0   0   0   0   0   0   0   0   0   0   0   0  2.11 0.66
  144 L    -2  -3   5  -2  -3  -3  -3  -3   2   2   2  -3  -1  -2  -4  -1   0  -1  -3   1    2   0  31   0   0   0   0   0   5  14  24   0   1   1   0   3   6   1   0  11  0.46 0.25
  145 G    -3  -5  -3  -4  -5  -5  -5   7  -5  -7  -6  -4  -6  -6  -5  -2  -4  -5  -6  -6    0   0   0   0   0   0   0  96   0   0   0   0   0   0   0   2   0   0   0   0  2.28 0.61
  146 P    -2  -3  -5  -5  -6  -5  -4  -5  -5  -6  -5  -4  -6  -7   9  -3  -4  -7  -6  -5    4   1   0   0   0   0   0   0   0   0   1   0   0   0  92   1   0   0   0   0  2.82 0.72
  147 F    -1  -4  -4  -5   4  -4  -4  -4  -3  -1   1  -4  -2   6  -5  -1  -3   3   4  -2    5   0   0   0   9   0   0   1   0   3  16   0   0  40   0   6   0   3  14   1  0.89 0.33
  148 R    -1   5  -1  -3  -3  -1   0  -3   1  -2  -1   0  -1   0  -3   0   0   1   0  -1    5  40   3   0   0   0   5   0   3   2   7   3   1   4   1   9   6   2   4   4  0.39 0.21
  149 V    -2  -4  -4  -4  -3  -3  -4  -4  -4   4   2  -3   2   1  -2  -3  -2   3  -1   4    2   0   0   0   0   1   0   0   0  27  14   1   5   6   2   0   1   5   1  33  0.61 0.25
  150 N    -1  -1   4   2  -3   1  -1  -1   2  -2  -3   1   0  -3  -2   0   1  -3  -2  -1    2   1  29  12   0   6   2   3   5   2   1  12   3   0   1   6   8   0   1   6  0.36 0.18
  151 S     0  -1   0   1  -3   0   1   2  -2  -3  -2   2  -2  -2   2   2   0  -3  -2  -3    7   1   4  10   0   4   8  14   0   1   3  14   0   2  10  16   4   0   1   0  0.23 0.13
  152 D    -3  -2   3   6  -5  -1   0   0  -3  -5  -5   0  -5  -4  -4   0  -1  -6  -2  -5    1   2  17  47   0   2   3   8   0   0   0   7   0   1   0   8   4   0   1   0  0.89 0.34
  153 G     0  -2   1  -1  -3   0  -1   3  -1   0   0  -1  -1  -3  -2   1   0  -3  -2  -1    4   0   7   2   0   5   4  30   2   5   9   4   2   0   1  12   7   0   1   4  0.22 0.12
  154 K    -1   1   1   0  -3   0   1  -2   1  -3  -2   3   0  -2   3   0   0  -4   0  -2    3   5   8   4   0   4   7   1   3   0   4  27   3   2  13   7   6   0   3   1  0.28 0.16
  155 T     0  -2   0  -2  -2  -1  -2   0  -2  -1   0  -1   0  -3   0   3   3  -3   0   0    3   1   4   1   0   2   1   6   1   3   8   3   2   0   4  26  23   0   3   9  0.23 0.17
  156 L    -3  -4  -3  -4  -3  -3  -3  -5  -3   2   4  -2  -1   0   1  -3   1  -4  -3   2    0   0   1   0   0   0   2   0   0  11  51   3   0   3   9   0   9   0   0  11  0.59 0.28
  157 Y    -1   1  -1  -2  -3  -1   0  -2   1  -1  -2   0  -1   1  -1   0   0   0   4   2    2   7   2   1   0   1   8   2   4   2   2   7   1   4   3   6   6   1  20  20  0.19 0.15
  158 R    -2   1   2  -2  -3  -1   0  -2   0  -1   1   0   0   0   0   0  -1   2   2  -1    1  11  11   1   0   2   6   2   2   2  21   5   1   2   5  10   2   3  10   3  0.12 0.11
  159 N    -4  -1   8  -1  -5  -3  -3  -4  -3  -5  -6  -2  -2  -6  -5  -2   2  -6  -5  -4    0   4  78   2   0   0   0   0   0   0   0   1   1   0   0   0  11   0   0   1  1.84 0.58
  160 P    -2  -2  -1   1  -4   0   3  -1  -2  -4  -4   0  -4  -5   5   0   1  -5  -4  -2    1   1   3   6   0   2  20   6   1   0   1   5   0   0  35   7  10   0   0   2  0.72 0.28
  161 Y    -2  -3  -1  -3  -4  -3  -1   2   3  -3  -3  -3  -1   3  -4  -3  -2   3   7  -3    3   0   2   1   0   0   4  18   9   1   1   1   1  12   0   1   1   4  38   1  0.85 0.31
  162 A     2  -2  -2  -3  -4  -3  -3   0  -4  -5  -5  -3  -4  -5  -2   6   1  -6  -5  -4   14   2   0   0   0   0   0   6   0   0   0   0   0   0   2  71   6   0   0   0  1.22 0.50
  163 W    -7  -7  -8  -9  -7  -6  -7  -7  -7  -7  -6  -7  -6  -3  -8  -7  -7  13   0  -7    0   0   0   0   0   0   0   0   0   0   0   0   0   0   0   0   0  98   2   0  4.81 1.04
  164 N    -2  -3   6   2  -4  -2  -1  -3   4  -3  -1  -3  -4  -4  -4  -1   2  -5  -2  -2    1   0  44  10   0   0   2   0  13   1   6   0   0   0   0   3  16   0   1   3  0.85 0.37
  165 E    -1   0   3  -2  -5   1   2  -3   0  -5  -4   4  -2  -3  -3   0   0  -5  -4  -4    3   3  18   0   0   6  17   1   1   0   1  36   1   1   0   8   4   0   0   0  0.63 0.30
  166 V     0   0   2  -2  -2  -1   1  -3  -2   0   0   0   0   3  -3  -1   0   0   1   1    8   5  12   0   1   0  11   0   0   6   8   7   3  16   0   2   4   1   4  11  0.12 0.12
  167 A     5  -4  -3  -4  -3  -3  -3   1  -1  -3  -3  -3  -3  -2  -3   2   0  -5  -4   0   59   0   0   0   0   0   0  11   1   0   2   0   0   2   0  14   5   0   0   5  0.80 0.36
  168 N    -3  -3   7   2  -5  -3  -3  -2   1  -5  -6  -3  -5  -5  -4   3   0  -6  -5  -5    1   0  59  10   0   0   0   1   3   0   0   0   0   0   0  22   4   0   0   0  1.37 0.48
  169 V    -3  -4  -5  -5  -3  -4  -5  -5  -5   4   3  -4   6  -2  -5  -4  -3  -4  -3   4    0   0   0   0   0   0   0   0   0  23  25   0  25   0   0   0   0   0   0  26  1.00 0.37
  170 L    -4  -5  -6  -6  -4  -5  -5  -6  -5   4   5  -5   0  -2  -5  -5  -3  -4  -3   2    0   0   0   0   0   0   0   0   0  28  59   0   1   0   0   0   0   0   0  10  1.12 0.39
  171 F    -5  -5  -6  -6  -5  -5  -6  -6  -3  -4  -3  -6  -3   8  -6  -5  -4   4   6  -4    0   0   0   0   0   0   0   0   0   0   0   0   0  61   0   0   1   5  31   0  2.13 0.59
  172 L    -2  -5  -5  -5  -3  -4  -5  -5  -5   3   4  -5  -1  -1  -5  -4  -3  -4  -3   4    1   0   0   0   0   0   0   0   0  17  41   0   0   1   0   0   0   0   0  38  0.95 0.35
  173 E    -5  -4  -2   8  -7  -3   3  -5  -4  -7  -7  -3  -6  -7  -5  -3  -4  -7  -6  -6    0   0   0  80   0   0  20   0   0   0   0   0   0   0   0   0   0   0   0   0  2.13 0.63
  174 S    -2  -2   2  -3  -5   7  -2  -3  -3  -6  -5  -2  -4  -6  -3   2  -2  -5  -5  -5    3   0  11   0   0  64   0   1   0   0   0   0   0   0   1  18   1   0   0   0  1.49 0.57
  175 P    -3  -6  -6  -5  -7  -5  -5  -6  -6  -7  -7  -5  -6  -8   9  -5  -5  -8  -7  -6    1   0   0   0   0   0   0   0   0   0   0   0   0   0  99   0   0   0   0   0  3.24 0.81
  176 A     2  -4  -1  -5  -3  -4  -4  -3  -5   2  -1  -4  -1   0  -2  -3  -1  -5  -2   5   20   0   3   0   0   0   0   1   0  11   2   0   1   3   2   0   4   0   1  54  0.75 0.34
  177 G    -3  -2   2  -4  -5   1  -4   7  -4  -6  -6  -4  -5  -6  -5  -2  -3  -5  -5  -5    0   2   8   0   0   7   0  78   0   0   0   0   0   0   0   1   1   0   0   0  1.63 0.49
  178 I    -1  -4  -3  -4  -3  -4  -4  -4  -5  -1  -3  -4  -3  -4  -4  -1   6  -5  -4   4    4   0   0   0   0   0   0   0   0   0   0   0   0   0   0   3  54   0   0  36  1.18 0.47
  179 G    -3  -5  -3  -4  -5  -5  -5   7  -5  -6  -6  -4  -5  -6  -5  -3  -5  -5  -6  -4    0   0   0   0   0   0   0  96   0   0   0   0   0   0   0   0   0   0   0   2  2.27 0.61
  180 F    -5  -5  -6  -6  -5  -5  -6  -6  -3  -3  -1  -5   0   8  -6  -5  -5   1   5  -4    0   0   0   0   0   0   0   0   0   0   6   0   2  71   0   0   0   2  18   0  2.00 0.56
  181 S    -1  -4   0  -4  -4  -3  -3  -4  -4  -6  -6  -4  -5  -6  -4   7  -2  -6  -5  -5    1   0   3   0   0   0   0   0   0   0   0   0   0   0   0  96   0   0   0   0  1.99 0.69
  182 Y    -5  -3  -4  -6  -5  -1  -5  -6  -2  -3  -3  -5  -4   3  -2  -4  -3  -1   9  -1    0   1   1   0   0   3   0   0   0   1   2   0   0   9   2   0   1   0  74   4  2.00 0.59
  183 S     1  -3  -2   0  -3  -2  -2   2  -3  -2  -3  -2  -3  -4  -2   4   2  -4  -3   1   10   0   0   4   0   0   2  14   0   0   1   0   0   0   1  36  16   0   0  13  0.46 0.26
  184 N    -1   1   4   3  -3   0  -1   0  -1  -3  -3   1  -3  -3  -1   1   0  -3  -1  -2    3   8  28  15   0   4   2   7   0   1   1   7   0   0   2  11   4   0   3   4  0.37 0.18
  185 T     0   0   1   1  -3   0   0  -1  -1  -2  -2  -1  -2  -3   0   2   4  -3  -3  -2    5   4   7   8   0   3   4   4   1   1   2   1   0   0   4  16  37   0   0   1  0.40 0.21
  186 T    -1  -1   1   1  -3   0  -1  -1  -2  -1  -2   0  -2  -2   2   2   3  -3  -1  -1    3   1   7   9   0   5   2   4   0   4   3   5   0   1   9  20  20   0   3   3  0.22 0.15
  187 S     0   0   1   1  -2   0   0  -1   0  -1  -1  -1   0   0   0   2   1  -3  -2   0    8   4   7   8   0   3   4   3   2   1   7   1   2   4   3  26   7   0   0   9  0.12 0.12
  188 D     0  -1   1   4  -3   0   0   0   0  -1  -2   0  -2  -2  -2  -1  -1  -2   1  -2    8   3   8  34   0   3   4   8   2   5   4   4   1   2   1   3   2   0   6   2  0.32 0.15
  189 Y    -2  -2  -1  -3  -3  -2  -1  -2   0   1   1  -2  -1   3  -3  -2   0   0   5   0    2   1   4   1   0   1   6   3   2   8  17   2   1  10   1   2   5   1  30   5  0.41 0.19
  190 D     0  -1   1   2  -2   0   1  -1   0   0  -1   0  -1  -1  -1   0   0  -2   0   0    6   3   6  18   0   2  12   3   2   6   7   5   0   2   2   7   7   0   3   6  0.10 0.06
  191 K     0   1   1  -1  -2   1   1  -1   2  -1  -2   2  -1  -3  -1   0   1  -3  -2  -1    8   8   6   2   0   6   8   3   8   4   2  17   2   1   3   6  10   0   0   5  0.14 0.09
  192 S    -1  -1   1   1  -3  -1   1  -2  -1  -1   0  -1  -1  -2   2   2   2  -3  -3   0    3   1   6   6   0   2   9   2   1   2  10   3   1   1  10  20  16   0   0   7  0.19 0.14
  193 G    -1  -2   3   2  -3  -2   0   3  -2  -3   0  -1  -2  -3  -2   2  -1  -4  -3  -3    4   0  16  14   0   0   4  22   0   0  11   3   1   1   1  18   3   0   0   1  0.34 0.20
  194 D    -3  -3   1   6  -5  -1   2  -4  -3  -4  -2  -3  -4  -5  -2  -2   2   0  -4  -4    1   0   4  57   0   3  10   1   0   0   4   0   0   0   2   2  12   2   0   0  1.09 0.40
  195 K    -1   0  -1   1  -3   1   2  -2  -1   0   0   1   0   0  -1   0   1  -2  -1   0    2   5   2   8   0   5  16   1   1   4   7   9   2   6   3   5  13   0   2  10  0.10 0.09
  196 S     0   0   0   0  -2   1   1   1   1  -1  -1   0   0  -1  -1   1   0  -3  -2   0   10   4   3   5   0   7   8  11   4   2   5   7   4   4   1  10   7   0   0   6  0.06 0.05
  197 T     2  -3   0  -1  -3  -2   1  -3  -3   1  -1  -2   2  -3  -3   1   2  -4  -3   2   21   0   4   2   0   1   9   0   0   7   2   0   7   0   0   9  15   0   0  21  0.30 0.22
  198 A     5  -4  -2  -4  -3  -3  -2   1  -1  -2  -3  -3   0  -4  -3   1  -1  -5  -4   0   64   0   1   0   0   0   2   8   1   2   2   1   2   0   0   8   3   0   0   7  0.82 0.38
  199 K     0   1   1  -1  -3   2   1  -3   1  -2  -1   3   0  -3  -1   1  -1  -2  -2  -1    6   7   8   2   0  12  10   0   3   1   6  23   2   0   2  10   2   1   1   3  0.25 0.16
  200 D    -2   1   1   6  -4   2   0  -3   3  -3  -4   0  -4  -4  -2   0  -2  -5  -1  -4    3   8   6  45   0   8   4   0   8   1   1   5   0   0   1   5   2   0   2   0  0.74 0.31
  201 S    -1  -3   1  -2  -3  -1  -3  -3  -1   2   1  -3   3   4  -4   0  -1  -3  -1   1    5   0  10   1   0   2   0   1   1  12  11   0  11  22   0   9   3   0   0  10  0.30 0.20
  202 Y    -1  -4  -1  -3  -4  -2  -4  -4   4   0   0  -4   2   3  -4  -2  -2   5   6   0    4   0   4   1   0   1   0   0   9   4  11   0   6  11   0   2   2   9  30   6  0.71 0.30
  203 V     0  -1   0   0  -3   0   2  -2   2   0  -1   0   0  -1  -1   0   1  -3   1   0   11   2   5   5   0   4  16   1   7   8   2   6   2   2   2   4   9   0   5  10  0.10 0.10
  204 F     0  -5  -5  -6  -5  -5  -5  -5  -4  -1   1  -5  -3   8  -5  -3  -4   2   1  -3    7   0   0   0   0   0   0   0   0   2  11   0   0  70   0   2   0   2   3   0  1.65 0.52
  205 L    -1  -4  -5  -5  -4  -4  -5  -5  -5   0   5  -4   3   1  -5  -4  -3   0  -3   1    6   0   0   0   0   0   0   0   0   2  70   0   6   5   0   0   0   1   0   7  1.04 0.40
  206 I    -2   1  -2  -1  -1   4   2  -4   0  -1  -1   1   0  -4  -3  -2   1   0  -3   0    2   6   1   2   1  26  17   0   2   4   5   9   2   0   0   1  11   1   0   9  0.37 0.24
  207 N    -1   1   3   0  -4   1   0  -3  -1  -3   0   4  -2  -4  -3   0  -1  -4  -3   0    4   6  17   4   0   7   4   0   1   0  10  30   0   0   0   6   2   0   0   9  0.35 0.22
  208 W    -5  -6  -6  -6  -5  -5  -6  -6  -4  -4  -1  -6  -4   7  -6  -5  -5  10   3  -5    0   0   0   0   0   0   0   0   0   0   4   0   0  40   0   0   0  43   9   0  2.47 0.66
  209 L    -4  -5  -5  -3  -4  -3  -5  -5  -4  -1   3  -5   1   7  -5  -3  -4  -2   2  -1    0   0   0   2   0   1   0   0   0   1  24   0   4  54   0   2   0   0   6   4  1.25 0.43
  210 E     1  -1   0   1  -3   4   3  -1   1  -3  -3   2  -2  -5  -3   0   0  -4  -3  -2   10   1   4   6   0  23  19   3   3   1   1  14   1   0   0   6   5   0   0   2  0.42 0.24
  211 R    -1   2  -2  -1   0   1   1  -4  -2   0   1   3   0  -3  -3  -2  -1  -4  -3   0    4  15   0   2   3   7  10   0   0   6  16  23   2   0   0   0   4   0   0   7  0.28 0.20
  212 F    -6  -5  -1  -6  -6  -3  -6  -6   6  -4  -3  -6  -4   8  -7  -5  -5  -3   2  -5    0   0   3   0   0   1   0   0  19   0   0   0   0  73   0   0   0   0   4   0  2.23 0.67
  213 P    -4  -4  -2  -1  -6   1  -4  -5  -5  -6  -6  -1  -5  -6   8  -1  -4  -6  -6  -5    0   1   2   3   0   6   0   0   0   0   0   3   0   0  80   4   0   0   0   0  2.31 0.67
  214 Q    -2  -2   0   1  -6   3   6  -1   4  -5  -4   0  -4  -5  -2  -2  -2  -5  -4  -4    1   1   4   5   0  13  52   4   9   0   1   4   0   0   2   2   2   0   0   1  0.94 0.41
  215 Y    -5  -3  -4   1  -5  -4  -2  -6   2  -2   1  -3  -3   4  -6  -4  -4  -2   8  -3    0   1   0   8   0   0   3   0   5   1  12   1   0  17   0   0   0   0  50   1  1.33 0.49
  216 K     1   1   0  -2  -3   1   2  -3   2   0  -1   2   1  -1  -3   1  -1  -4  -2  -1   12   6   5   0   0   7  13   0   6   5   7  18   4   3   0   9   1   0   1   4  0.16 0.14
  217 T    -2   0   2   0  -4   0  -1   1   2  -4  -4   1  -3  -3   1   2   1  -4   0  -4    1   4  12   4   0   4   2  11   7   0   0  11   0   1   7  22  10   0   4   0  0.32 0.21
  218 R    -3   4   5   3  -5   1  -2  -3   1  -4  -3   2  -1  -3  -4  -1  -3  -5  -3  -2    0  23  28  16   0   7   0   0   3   0   2  10   2   1   0   3   0   0   1   3  0.66 0.32
  219 D    -2  -3   1   6  -6  -1   1  -4  -2  -5  -6   2  -5  -6   4  -2  -1  -6  -5  -5    2   0   5  42   0   2  10   0   1   0   0  13   0   0  20   1   4   0   0   0  1.00 0.40
  220 F    -4  -5  -2  -4  -4  -5  -5  -6  -4   3   2  -5  -2   6  -5  -3  -1   1  -1   1    0   0   3   1   0   0   0   0   0  18  22   0   0  44   0   1   3   2   0   8  0.99 0.38
  221 Y    -3  -3  -5  -6  -5  -4  -5  -6   4  -2  -4  -1  -4   3  -6  -2  -3   0   8  -2    1   1   0   0   0   0   0   0  11   3   0   4   0  12   0   3   1   1  61   3  1.70 0.57
  222 I    -2  -5  -6  -6  -4  -5  -6  -6  -5   6   2  -5   0   2  -5  -5  -3  -4  -3   2    2   0   0   0   0   0   0   0   0  55  20   0   2   8   0   0   0   0   0  13  1.14 0.41
  223 S     3  -2  -2  -2   0  -2  -2   1  -2  -1  -1  -2  -1   1  -2   1   1   1  -1   1   39   0   0   0   2   0   0  11   0   0   0   0   2   9   0  12  10   2   0  13  0.20 0.06
  224 G     0  -3  -1  -2  -3  -2  -3   6  -3  -4  -4  -2  -3  -4  -3   0   0  -3  -4  -3    4   0   0   0   0   0   0  81   0   0   0   0   0   0   0   8   7   0   0   0  1.04 0.13
  225 E    -2  -1   1   3  -5   1   6  -3  -1  -4  -4   0  -3  -4  -2  -1  -2  -4  -3  -3    0   0   5  14   0   3  78   0   0   0   0   0   0   0   0   0   0   0   0   0  0.94 0.15
  226 S     0  -2   0  -1  -2  -1  -1  -1  -2  -3  -4  -1  -3  -3  -2   6   1  -4  -3  -3    0   0   0   0   0   0   0   0   0   0   0   0   0   0   0 100   0   0   0   0  0.92 0.19
  227 Y    -3  -3  -3  -4  -3  -2  -3  -4   2  -2  -2  -3  -2   3  -4  -3  -3   3   8  -2    0   0   0   0   0   0   0   0   3   0   0   0   0   5   0   0   0   2  86   0  1.35 0.18
  228 A     3  -2  -1  -2   1  -1  -2   3  -2  -3  -3  -1  -2  -3  -2   2  -1  -3  -3  -2   48   0   0   0   3   0   0  29   0   0   0   0   0   0   0  16   0   0   0   0  0.46 0.09
  229 G    -1  -3  -1  -2  -3  -3  -3   6  -3  -5  -5  -2  -4  -4  -3   0  -2  -3  -4  -4    0   0   0   0   0   0   0  93   0   0   0   0   0   0   0   7   0   0   0   0  1.32 0.16
  230 H    -2   2  -1  -2  -3   3   0  -3   5   1  -1   2   2  -2  -2  -1  -1  -3  -1   0    0  12   0   0   0  19   0   0  24  13   3  14   9   0   0   0   0   0   0   5  0.29 0.08
  231 Y    -2  -3  -3  -4  -3  -2  -3  -4   2   1  -1  -3   1   2  -4  -2  -1   5   6   1    0   0   0   0   0   0   0   0   5   8   0   0   7   6   0   0   2  10  52  10  0.74 0.12
  232 V     0  -3  -3  -3  -2  -3  -3   0  -3   4   0  -3   0  -1  -3   0  -1  -3  -2   3   10   0   0   0   0   0   0   9   0  43   2   0   0   0   0   8   0   0   0  29  0.29 0.08
  233 P     0  -6  -6  -5  -6  -5  -5  -5  -6  -6  -6  -5  -6  -7   8  -4  -4  -7  -6  -2    8   0   0   0   0   0   0   0   0   0   0   0   0   0  89   0   0   0   0   3  2.73 0.71
  234 Q     2  -2  -1  -3  -3   2   0   0   1  -3  -3  -1   0   1  -2   0   0  -2   5   0   18   0   3   0   0  13   4   8   3   0   0   3   2   5   1   4   7   0  23   6  0.32 0.22
  235 L    -2  -5  -5  -6  -4  -5  -5  -6  -5   4   3  -5   0   5  -5  -4  -1  -3  -2  -1    3   0   0   0   0   0   0   0   0  31  33   0   1  26   0   0   4   0   0   1  0.92 0.35
  236 A     5  -3  -3  -4  -3  -3  -3   0  -4  -3  -3  -3  -1  -4  -3   2   0  -4  -4   1   57   0   0   0   0   0   0   6   0   0   2   0   2   0   0  13   6   0   0  12  0.75 0.34
  237 S     0   1  -1   1  -4   3   1  -3   2  -3  -2   2  -2  -3  -3   2  -1  -4   1  -2    9   5   1   9   0  19   7   0   6   0   5  12   0   0   0  18   1   0   6   2  0.32 0.21
  238 T     3   0  -2  -2  -3   0   3  -2   1  -1   0  -1  -2  -1  -1  -1  -1  -3   2   0   28   4   1   0   0   3  22   2   3   2   9   2   0   2   3   3   2   0   9   6  0.23 0.18
  239 I    -3  -5  -5  -5  -4  -4  -2  -6  -5   6   1  -5   1   2  -2  -4  -3  -4  -3   3    0   0   0   0   0   0   4   0   0  58   7   0   3   8   3   0   0   0   0  17  1.03 0.37
  240 L    -2  -3  -3  -3  -3   1  -1  -3   1   1   3  -2   3  -1  -4   0  -2  -3   2   2    0   0   1   0   0   7   3   1   4   8  33   2   8   1   0  11   0   0   8  13  0.30 0.19
  241 H    -1   1   1   3  -4   2   2  -3   3  -3  -3   2  -3  -3  -3   1  -2  -4  -1  -3    5   8   7  18   0   8  14   0   7   1   2  15   0   0   0  10   0   0   3   1  0.35 0.17
  242 N    -1   3   1  -1   0   2   0   2   1  -3  -3   1  -2  -2  -2   0  -1  -3   1  -3    4  20   8   3   3  12   5  19   3   1   1   7   0   1   1   6   2   0   5   1  0.29 0.15
  243 N    -1  -1   7  -1  -4  -1  -1  -1  -1  -2  -2  -1  -3  -4   0  -1  -2  -4  -3  -2    5   2  58   2   0   2   3   3   1   3   4   4   0   0   5   3   1   0   0   4  0.88 0.33
  244 K    -1  -1   1  -1  -1   2   1  -2   0  -1  -2   4  -2  -2  -2   0  -2  -3   1  -2    5   1   8   2   2   9  10   2   2   3   2  34   0   1   1   8   1   0   7   3  0.33 0.18
  245 L     0   0   1   0  -2   1   0   0   0   1   0   1   0  -1   0   0  -1  -2  -2   0    6   5   8   4   0   8   5   6   2  10  13  15   1   1   3   6   2   0   1   4  0.05 0.05
  246 Y     0  -1   1   0   3   1  -1   1   2   0  -1   0  -1   0   0   0  -1  -2   0  -1    5   3   7   4   7  10   2  12   7   9   4   4   1   4   3   8   3   0   4   4  0.06 0.06
  247 K     0   1   1  -1   3   1   1   0  -1  -3  -3   3  -1  -2   1   0  -1  -3   0  -2    5   6   6   2   7   6   8   9   1   0   2  25   1   1   6   7   2   0   3   2  0.22 0.13
  248 N    -1   0   4   1  -3   1   0   1  -1  -3  -3   2  -2  -2  -2   1   1  -3  -3  -3    2   3  24   7   0   6   6  10   1   1   2  17   0   2   1   9   8   0   0   1  0.33 0.16
  249 T    -1   1   0  -1  -3   1   0  -2   2   0  -1   0  -2  -1   4   0   1  -3  -2  -1    5   9   4   2   0   6   3   2   7   7   5   4   0   3  22   7   9   0   0   3  0.27 0.13
  250 I    -1   0   1  -1  -2   1  -1  -2   1   0   0   2  -1   0   2   0   1  -3   0   0    4   2   9   1   0   6   1   1   3   8   7  16   0   5  10   6   8   0   3   9  0.11 0.09
  251 I    -3  -4  -5  -5   2  -3  -3  -5  -4   5   1  -3   0   1  -5  -4  -3   5   1   1    1   1   0   0   5   1   2   0   0  48  13   1   1   7   0   1   0   9   4   7  0.81 0.31
  252 N    -4  -2   8   1  -6  -2  -3  -4   4  -6  -6  -2  -5  -6  -1  -2  -1  -6  -2  -4    1   2  72   5   0   1   0   0   9   0   0   1   0   0   3   2   3   0   1   1  1.65 0.54
  253 L    -4  -4  -6  -6  -4  -2  -3  -6  -5   1   5  -3  -1   4  -5  -5  -4  -4  -2  -1    0   0   0   0   0   2   2   0   0   4  72   2   0  15   0   0   0   0   0   2  1.15 0.41
  254 K    -2   2  -2   1  -5   4   0  -1  -3  -4  -4   5   0  -5  -1  -1  -2  -5  -4  -3    2   7   0   7   0  19   3   4   0   0   0  43   3   0   2   4   1   0   0   2  0.71 0.33
  255 G    -1  -5  -2  -4  -5  -4  -2   7  -4  -6  -6  -4  -3  -6  -4   1   1  -5  -5  -4    2   0   1   0   0   0   2  77   0   0   0   0   1   0   0   8   8   0   0   1  1.49 0.46
  256 I    -1  -4  -4  -4   1  -3  -4  -4  -3   3   3  -4   1   2  -4  -3  -2  -2   3   3    3   0   0   0   4   0   0   0   0  19  26   0   2   7   0   1   0   0  13  22  0.52 0.22
  257 S     2  -3  -3  -4  -3  -2  -1   0  -4   1   3  -1   3  -1  -3  -2  -1  -4  -3   1   21   0   0   0   0   1   4   7   0   8  33   3  12   1   0   1   2   0   0   8  0.32 0.20
  258 L    -1  -5  -5  -5  -3  -4  -5  -6  -5   6   2  -5   2  -2  -5  -4  -1  -5  -3   2    4   0   0   0   0   0   0   0   0  56  20   0   5   0   0   0   2   0   0  14  1.01 0.36
  259 G    -2  -5  -1  -4  -5  -1  -4   7   1  -2  -5  -4   0  -5  -5  -2  -4  -5  -2  -1    2   0   2   0   0   2   0  77   4   3   0   0   3   0   0   2   0   0   1   5  1.43 0.45
  260 N    -4  -3   8   2  -5  -3  -1  -3  -3  -1  -6  -3  -5  -6  -5   0  -2  -7  -5  -3    0   0  72  12   0   0   3   0   0   4   0   0   0   0   0   5   2   0   0   2  1.58 0.52
  261 A     1  -4  -3  -4  -4  -4  -2   6  -4  -5  -2  -3  -4  -5   4   0  -2  -5  -5  -4   10   0   0   0   0   0   2  56   0   0   4   0   0   0  20   8   1   0   0   0  1.11 0.38
  262 W    -1  -4  -1  -4   3  -4  -3  -4  -2  -1   2  -4  -1   0  -5  -2  -2   9   2   1    7   0   4   1   7   0   1   1   1   3  22   0   1   3   0   3   1  31   6  10  0.95 0.33
  263 I    -2  -4  -4  -4   0  -4  -3  -5  -4   5   1  -4   3  -2  -4  -2   4  -4  -2   2    1   0   0   0   1   0   1   0   0  36  10   0   7   0   0   2  28   0   1  13  0.69 0.31
  264 D    -1  -4   2   6  -5  -1   0  -3  -1  -3  -4  -2  -5  -5   0   2  -2  -6  -5  -5    3   0   9  52   0   1   5   1   2   2   1   2   0   0   5  15   1   0   0   0  1.00 0.41
  265 D    -2  -2   1   2  -2   0  -1  -1   0  -4  -2  -1  -3   1   5  -1   0  -4  -1  -2    2   2   8  15   1   4   3   4   3   0   3   3   0   8  31   3   6   0   2   2  0.53 0.25
  266 A     1  -1  -1   1   1   0   1  -2   0   0   1   0  -1  -1  -1  -1   0  -1   1   1   15   2   3   8   3   3   8   1   3   3  14   5   1   1   3   3   4   0   7  14  0.04 0.08
  267 T    -1  -1   0   1  -3   1   1  -1   1   0  -1  -1  -2   0   0   0   2  -3   1  -1    2   3   4   7   0   9  12   5   4   8   5   2   0   5   3   6  15   0   5   4  0.10 0.11
  268 S    -2  -3   0   4  -4   5   1  -1   1  -1  -4  -2  -3  -5  -4   2  -1  -5  -3  -1    1   0   3  22   0  27   6   3   4   5   1   0   0   0   0  19   3   0   1   4  0.59 0.33
  269 L    -2  -1  -2  -2  -1  -1  -2  -2   0   2   1  -3   1   1  -1  -1  -1   4   4   1    2   2   1   1   1   4   3   3   2  12  12   0   4   4   2   5   3   7  21  10  0.28 0.18
  270 K    -1   1   3   0  -4   0   1   0   0  -1  -1   2  -1  -2   2  -1  -1  -4  -2  -2    2   6  17   3   0   3  11   6   1   3   8  17   1   2  10   3   2   0   1   3  0.21 0.14
  271 G     2  -1  -1  -2  -3   0  -1   3  -1  -2  -3  -2  -2  -1  -1   2   0  -3   1  -3   18   3   3   2   0   4   4  28   1   3   1   1   1   3   3  17   4   0   5   0  0.33 0.19
  272 L    -1   0  -1  -3   3  -1  -2  -2  -1   1   2  -2   2   0  -1  -2  -1   3   3   0    4   5   3   0   8   3   2   3   1   8  20   2   8   2   3   1   3   5  15   3  0.22 0.16
  273 Y    -1  -2  -3  -3  -2  -2  -2  -1  -1   3   1  -3  -3   2  -2  -4  -1   0   6   1    5   2   1   1   1   2   2   6   1  15  11   1   0   7   2   0   3   1  27  10  0.53 0.33
  274 D    -1   0   1   4  -5   1   3  -4  -1  -5  -4   0  -2  -4   4  -2  -2  -6  -3  -4    4   5   6  25   0   6  17   1   1   0   2   6   1   1  18   3   3   0   1   1  0.65 0.39
  275 N     0  -3   1  -2  -5  -1   0  -1   1  -1  -1  -1  -2   5   0   0  -2  -3   5  -3    7   1   8   1   0   2   6   5   4   3   4   5   1  21   4   6   2   0  20   1  0.47 0.31
  276 L     2  -2   0  -3  -2  -2  -3   0  -2   0   1  -2   2   0   0  -1  -1   3   2   0   20   2   5   1   1   2   1   7   1   5  15   2   6   4   5   4   3   5   7   6  0.17 0.17
  277 W    -4  -3  -1  -4   0  -5  -1  -3   3  -1   1  -4  -3   2  -6  -1  -2   8   5  -2    1   1   3   1   2   0   4   2   7   3  13   1   1   7   0   5   3  20  23   3  0.97 0.49
  278 T    -1   0  -1   1   0   2   0   1   0  -2  -2  -1  -2  -4   2   2   1  -1  -1  -2    4   4   3   7   2   8   7  11   2   3   3   4   1   0  10  19   9   1   3   2  0.21 0.21
  279 H     0  -1   0  -2  -5  -1   1  -4   6  -1  -2   0   5   0  -3  -1  -1  -5   1  -1    8   3   5   2   0   2   9   1  23   4   3   5  15   5   1   4   3   0   4   5  0.57 0.37
  280 A     3  -3  -1   0  -1  -4  -1   4  -1  -1  -2  -3  -1  -2  -4   1  -3  -1  -2  -2   29   1   3   5   2   0   4  28   2   4   3   1   1   2   0   9   1   1   1   3  0.50 0.34
  281 L    -3  -2  -3  -3   0  -3  -4  -4  -2   1   5  -2   4  -1  -2  -1  -2  -4   1   0    2   3   1   2   2   1   1   2   1   8  48   2   9   1   2   5   1   0   5   5  0.65 0.38
  282 N    -2  -1   1   1   0  -1   0   0   0   4  -1  -2  -1  -2  -2   0  -1  -4  -1   1    1   3   9   9   2   3   5   9   3  27   6   1   1   1   1   8   2   0   3   8  0.22 0.21
  283 S     0  -1   0   0  -5   1   1  -1  -4  -2  -3   1  -3  -1  -2   4   0  -5  -2  -2    7   3   4   6   0   7   8   4   0   2   3   8   1   2   1  37   5   0   1   2  0.44 0.35
  284 D    -1  -2   2   5  -5   0   2   0   0  -3  -2   0  -5  -5  -3   0  -2  -6  -2  -5    6   1   8  35   0   4  14   8   2   1   5   5   0   0   1   7   2   0   1   0  0.62 0.38
  285 Q    -1   0   0   0  -2   3   3   0  -1  -3  -3   2   0   1  -3   0  -1  -4  -2  -3    4   4   5   4   1  15  23   6   1   1   3  12   2   5   1   7   3   0   1   1  0.37 0.28
  286 T    -1  -2  -1  -1   4   1  -1  -2   1   0   1  -1  -1  -3   0   0   2  -1   0   0    5   2   2   4   9   6   3   3   3   6  14   3   1   0   4   7  16   1   3   7  0.14 0.15
  287 H    -2   0   1   0   0   1  -2  -3   5  -3  -2   0  -1   1  -2   0  -2   1   5  -3    3   6   7   5   2   7   2   1  12   1   4   5   1   5   2   8   2   1  23   2  0.49 0.31
  288 E     0   1   1   2   0   0   4  -1   0  -3  -3   1  -4  -5  -1   1  -2  -5  -3  -4    8   6   5  12   2   4  26   4   2   1   3   8   0   0   3  12   2   0   1   1  0.39 0.28
  289 L    -2   0   1   0   2  -1  -1  -2  -1   1   1   0   2  -1  -3   1   0  -1  -1   0    0   5   6   5   4   2   3   2   1   9  17   6   7   2   1  15   5   1   2   7  0.13 0.16
  290 I     0  -3  -2  -3   3  -1  -2  -3  -2   3   2  -2   3   0  -3  -1   0  -4  -1   0   10   1   2   1   6   2   2   2   1  21  22   2   7   4   1   3   5   0   2   5  0.32 0.23
  291 E    -1  -1   1   1  -5   3   3  -3  -1  -1  -2   3  -1  -2  -3   0  -1  -5   0  -2    4   3   7   6   0  16  16   1   1   4   3  18   1   1   1   7   3   0   4   3  0.35 0.28
  292 K     0   3   1  -3  -2   2   1  -1  -2  -3  -3   4  -4  -5  -4   1  -1  -5  -3  -3    9  13   8   1   1   7  10   4   1   1   3  28   0   0   0   9   4   0   1   1  0.49 0.34
  293 Y     0  -2   0  -2   0   1  -1  -1   0   1   0  -1  -2   1  -3   0   0   2   3   0    8   1   6   1   2   6   4   6   2  10   7   3   0   7   0   9   6   3  11   7  0.10 0.12
  294 C    -2  -2  -3  -4  10  -1  -2  -5  -5   0  -1  -1  -5  -5  -4   0   0  -5  -1  -2    3   2   1   1  52   4   3   1   0   5   7   4   0   0   1   6   5   0   2   3  1.68 0.68
  295 D    -1  -2   2   4   0  -1   2  -1   0  -3  -3   0  -4  -4  -1   0  -1  -4   1  -3    5   2  11  28   2   2  13   5   2   1   3   5   0   0   3   7   4   0   5   1  0.44 0.28
  296 F    -1  -2   0  -1   1  -1  -2   1   1   0   0  -2  -2   4  -3   0  -2  -1   3  -1    5   2   4   3   3   3   2  10   3   6  10   2   0  23   1   7   2   0   9   4  0.25 0.18
  297 T     1  -2   0   1   0  -1   0  -1  -1   0  -1   0   1  -3  -2   2   2  -3   0   0   10   2   5   8   2   2   6   4   1   7   4   6   4   0   1  14  15   0   4   5  0.12 0.14
  298 K    -1  -1   1   1   2   1   1  -2   0  -2  -2   3   0  -3  -2   1  -1  -4   1  -2    6   2   6   8   5   5  10   3   2   3   3  23   3   1   1  11   2   0   5   2  0.25 0.21
  299 Q    -1   0   1   1  -4   2   2   1   0  -3  -2   1  -1   0  -2   1  -1  -1  -1  -1    3   5   6   7   0  11  14  10   2   1   3   8   1   4   1  12   3   1   2   5  0.17 0.16
  300 N    -1   0   4   1   0   0   0  -1   1  -1  -2   2   0  -3  -1   0   0  -2   0  -1    4   4  23   6   2   3   6   5   3   3   3  14   2   1   3   6   4   1   3   4  0.24 0.20
  301 Y     0  -1  -2   0   2  -1   0  -2   1  -1   0   0   2   1  -1  -1  -1   4   3   1    7   3   2   5   4   2   7   3   4   3   7   6   5   6   3   2   3   6  12  10  0.13 0.13
  302 S     0  -1   1   1  -2  -1   1  -2   0  -1  -1  -2  -1  -2   0   3   1  -1  -1   0    7   3   6  10   1   2   7   2   2   4   5   1   1   2   4  23  10   1   3   6  0.18 0.18
  303 A     2  -1   0   0   3   0   1  -1  -1  -2  -3   1  -2  -4   1   1   0  -4  -3  -1   21   3   4   5   6   3  10   5   1   3   1   9   1   0   7  10   6   0   0   4  0.22 0.19
  304 I     0  -1  -1  -1   1   0   0  -2   0   2   0   0   0   0  -2  -1  -1  -3   1   2    7   3   2   3   4   4   7   2   2  15  10   6   3   5   1   2   2   0   4  16  0.09 0.10
  305 C    -2  -6  -1  -3  10  -4  -4  -2  -3  -4  -1  -2  -5  -3  -1  -1  -1  -6  -2  -2    3   0   3   1  58   1   1   3   1   1   7   3   0   1   4   4   4   0   2   4  1.94 0.76
  306 T    -1   0   3   0  -1   2   1  -3  -1  -1  -1   0   1   0  -2   0   2  -4  -1  -1    5   5  16   6   1   9  11   1   1   3   5   4   3   4   2   4  13   0   2   5  0.18 0.17
  307 N    -1  -1   5   2   1   0   1  -3  -2  -5  -3   2  -4  -5  -2   1  -1  -2  -3  -3    5   3  26  13   3   3   7   2   1   0   3  15   0   0   2  11   4   1   1   2  0.51 0.33
  308 A     3  -2  -2  -3   0  -1  -1  -2  -4   1   0   0   0  -2  -2  -1   0   1  -1   1   30   1   2   1   2   2   3   2   0   8   9   8   2   1   2   4   7   2   2  11  0.25 0.22
  309 M    -2  -3  -2  -4   0   0  -2  -3  -4   2   3  -1   4   1  -4  -1  -2   2  -1   1    2   1   2   0   2   4   3   2   0  12  33   5  10   4   0   4   1   3   2   9  0.42 0.27
  310 N    -1  -1   4   2   3   0   0  -1   0  -1  -2   1  -1  -3  -2   0  -1  -4  -1  -2    4   3  21  12   6   4   6   5   2   4   3   9   1   1   2   7   3   0   2   3  0.27 0.20
  311 M     0   0  -1   0  -3   0   0   0  -1   1   1   0   2   0  -3  -1   0  -1  -1   1    7   4   3   5   0   4   6   6   1   6  19   7   7   4   0   3   5   1   2   9  0.06 0.08
  312 S     1   0   0  -1   0  -1   0  -1  -3   1  -2   1  -2  -2   1   2   0  -4  -1   0   14   4   5   2   2   1   5   5   0   8   4  12   0   2   6  15   5   0   2   8  0.12 0.14
  313 M    -1   0  -1   0   1   0   0  -2  -1   0   1  -1   3   0   0   0   0  -3   2  -1    4   5   3   4   3   3   6   3   1   6  16   4   9   2   6   7   4   0   8   4  0.07 0.11
  314 I    -1  -1  -1   1   1  -1  -1  -2  -2   2   0  -1   0   0  -1   0   1  -3   1   1    5   3   3   9   4   3   3   2   1  13   8   4   2   3   3   6   9   0   7  13  0.08 0.10
  315 E    -2   1  -2   2   0   2   4   0  -2   0  -3   1  -4  -5  -1  -1  -1  -5  -1  -2    3   6   1  10   2  10  30   7   1   7   3   6   0   0   3   4   3   0   2   2  0.41 0.31
  316 K     0   1   0   0   0   2   1  -3  -1  -2  -3   2  -1  -2   1   0   2  -4   0  -1    6   6   4   6   2   8  11   1   1   2   1  12   2   2   6   7  15   0   4   3  0.20 0.19
  317 G     1  -1   1   0   1  -2  -1   4  -2  -3  -3   0  -4  -1  -1   1   1  -4  -1  -2   10   3   6   5   3   1   4  30   1   1   2   7   0   3   3  10   8   0   2   2  0.33 0.24
  318 K    -3   1   2   0   0   1   0   1   1  -2  -2   3  -3  -4  -1   0  -1  -1  -1  -2    1   8  12   6   2   6   5  11   3   2   4  23   0   0   3   5   3   1   2   4  0.28 0.23
  319 I    -1  -1  -3  -1  -2   1   0  -3  -3   3   1  -1   1   0  -2   0   0  -3   0   1    4   4   0   3   1   7   5   2   0  18  15   4   3   3   1   6   7   0   3  12  0.15 0.14
  320 D    -3  -3   5   5   1   0   0   0   0  -5  -5  -1  -3  -3   0  -2  -2  -1  -3  -4    2   1  24  33   3   4   6   6   2   0   1   3   1   1   4   3   3   1   1   1  0.82 0.44
  321 S     0  -1   0   0   4   0   0   0  -1   0  -1  -1   0  -1   1   1   0  -3   1   0    8   2   4   5  10   5   4   8   1   7   4   2   2   3   8   9   4   0   5   7  0.09 0.10
  322 F    -2  -3  -4  -4   2  -2  -2  -2  -2   1  -1  -5   2   3  -1  -2  -3  -1   7   1    2   1   1   1   4   2   2   3   1   7   7   0   5  11   4   3   1   1  35   9  0.80 0.43
  323 N    -3  -3   6   3  -3  -3   0  -4   3  -6  -3  -3  -2  -6  -2   1   0  -1  -2  -4    2   1  41  18   1   1   5   1   6   0   3   1   1   0   2  11   5   1   1   2  1.00 0.54
  324 I    -3  -3  -4  -6   0  -2  -4  -5  -2   5   0  -1   4   2  -2  -4  -1  -1  -1   2    1   2   1   0   2   2   1   1   1  36   7   4  12   7   2   1   4   1   2  13  0.72 0.40
  325 Y    -1   1  -2  -4   2  -1  -2  -5  -1  -2   1  -4  -2   0  -4  -2  -3   2   7  -1    6   8   2   1   4   3   3   1   1   2  14   1   1   3   1   3   2   2  40   4  0.88 0.49
  326 A     1  -1   1   2  -1   0   0   0   1  -1  -1  -1  -2  -3  -1   1   2  -4  -2  -1   10   2   5  15   1   3   5   6   3   3   7   4   1   0   2  12  14   0   2   5  0.15 0.14
  327 P    -2  -2   0   1  -2  -2   1  -2  -2   1  -3   0  -4  -2   5  -1  -2  -5   0  -1    3   2   5   8   1   1   8   2   1   9   1   7   0   2  33   5   2   0   4   4  0.59 0.34
  328 L    -1   1   0   0   4  -2  -1  -3  -2   1   2  -1   1  -2  -2  -2   0  -3  -1   1    6   8   4   5  10   1   3   1   1  10  19   3   3   1   1   2   7   0   2  11  0.17 0.14
  329 C    -2  -2  -5  -3   9  -3  -1  -5  -5   1   1  -1   1  -1  -5  -2   0  -1   0  -2    3   2   0   1  40   1   5   1   0   7  15   4   3   2   1   3   6   1   3   2  1.14 0.49
  330 H    -1   1   1   2  -3   1   1  -2   3  -1  -1   1  -2  -2  -2  -1   0  -3   3  -1    4   8   7  10   0   5   9   3   7   3   8   9   0   1   1   4   5   0  11   3  0.18 0.15
  331 D    -3   0   2   5  -2   0   0  -2  -2  -2  -3  -1  -2  -5  -1   1   1  -5  -1  -2    1   4   8  37   1   5   6   4   1   2   2   3   1   0   3  10   7   0   2   3  0.59 0.35
  332 S     1  -1   0   0   0   0   0  -1   0  -1  -2  -2  -1   0  -1   2   2   0   1   0   10   2   4   5   2   4   6   5   2   4   2   2   1   3   3  19  15   1   4   6  0.14 0.16
  333 T    -1   1   2   0  -3   0  -1  -3  -2  -1  -1  -1  -2   0  -1   2   3  -1   1  -1    5   8   9   6   0   4   3   1   0   4   5   3   0   3   3  14  21   1   5   5  0.20 0.19
  334 L    -1  -1  -2  -3   1  -2  -2  -3  -2   1   3  -1   1   1   1  -1  -1   0  -1   0    5   4   2   1   3   2   2   2   1   6  35   4   4   5   9   4   3   1   1   6  0.27 0.19
  335 K    -1   2  -1   0   2   1   0  -1  -1  -1  -2   2   0  -1  -1   1   0   0  -1  -1    4  14   1   6   6   5   6   3   2   4   4  15   2   2   3  11   6   1   2   4  0.16 0.14
  336 N    -1   0   2   2   4  -1   0  -1   0  -2  -2   1  -3  -1  -1   1   0  -3   1  -1    4   4  13  13   8   2   5   5   2   2   2   8   0   2   3  10   4   0   6   5  0.19 0.15
  337 G     0  -2   0   0  -2  -1   0   3  -2  -2  -2   0   0  -1   1   1   0  -3  -1  -2    6   1   4   6   1   3   5  28   0   3   3   5   3   3   7  13   6   0   2   2  0.25 0.17
  338 S     0   0   1   1   0   0   0   0  -1  -1  -1   1   1  -1   1   1   0   1   0  -2    9   5   6   7   3   2   6   5   1   3   5   8   6   3   6  15   6   2   3   2  0.08 0.09
  339 T    -1   0   2  -1   2  -1   0  -2  -1   0   0   0   0  -2   1   0   1  -1   0   0    4   6  11   2   5   1   6   2   1   4  12   7   3   1   7   7  11   1   3   7  0.07 0.09
  340 G    -1   0  -1  -1   3  -1   0   3  -2  -2  -2   0  -2   0   1   0  -1   3   0  -1    4   4   3   3   7   3   5  26   0   2   5   5   0   5   6   7   2   5   3   4  0.21 0.15
  341 Y    -2   0   0  -3   3  -1  -2  -3   0  -1   0  -1   0   3  -1  -2  -1   3   6  -2    3   4   6   1   7   3   2   2   2   4   7   4   3  11   3   2   3   3  27   2  0.47 0.27
  342 V    -1  -1   0  -1   1  -1  -2  -1  -2   2   0  -1   2   0   1  -1   0   1   0   1    4   2   5   4   4   3   1   4   1  14  10   3   7   3   8   4   7   2   3  11  0.08 0.09
  343 S     0   0  -1  -1   0   0   0  -1  -2  -1  -1   0   1   0   2   2   1  -1   1  -1    9   5   2   2   2   5   5   3   0   4   5   5   5   4   9  21   7   1   5   3  0.12 0.13
  344 N    -2   0   3   2   3   0   1  -1   2  -3  -2   0   0  -2   1   0  -1   0   2  -2    3   6  14  10   6   4   7   4   5   1   3   5   3   1   7   5   3   1   9   2  0.20 0.16
  345 D    -2  -1   1   4  -3   0   1   1  -1  -3  -2  -1  -3  -2   1   1  -1   0  -1  -2    3   4   6  25   0   5   9  12   1   1   3   2   0   2   7   9   3   1   2   3  0.30 0.18
  346 L    -1  -1  -2  -3   1  -2  -2  -3  -2   1   2  -1   3   0   0  -2  -1  -1   2   2    3   4   1   1   4   1   2   1   0   8  25   3  10   4   5   2   4   1   8  13  0.24 0.17
  347 D    -3   1   3   5   1  -1   1  -2  -1  -2  -4  -1  -3  -2   2   0  -1  -1   0  -3    1   8  13  29   3   1   8   2   2   2   2   2   0   2   9   8   3   1   3   2  0.46 0.27
  348 P    -1  -3   0  -1  -2  -2  -1   0  -2  -3   0  -2  -3  -3   6  -1  -3   2   0  -1    4   1   4   3   1   2   3   8   1   2  10   2   0   1  41   5   1   3   3   5  0.74 0.35
  349 C    -2  -4  -4  -2   9  -2  -2  -3  -4  -2   0  -2  -1   1   1  -1   0  -3   1   0    2   1   1   2  38   2   2   2   0   2   9   3   2   5   8   4   5   0   5   6  0.95 0.40
  350 S     0  -1   0   1  -2   1   0  -1  -1  -2  -1  -1   0   0   1   1   1  -1   0  -1    6   2   4   8   0   7   7   5   1   1   5   2   3   5   8  13  12   1   4   5  0.10 0.10
  351 D    -2   0   2   4  -3   0   1  -2   0  -2  -1   0   0  -2   1   0  -1  -3  -1  -1    2   4  12  22   0   3  10   3   2   2   7   5   3   2   6   8   4   0   2   4  0.25 0.17
  352 Y    -1  -1   0  -1   0  -1  -1  -2   1  -1   0   0   1   2   0   0   0  -1   4   0    3   3   6   3   2   2   4   2   4   3  10   5   4   7   5   8   5   0  18   6  0.12 0.11
  353 Y    -1  -2  -1  -2  -1  -2   0  -3   2  -2   0  -2  -2   2  -2   0  -1   3   6   0    5   2   3   2   2   2   6   2   4   2   7   2   1   9   2   6   3   4  30   8  0.44 0.23
  354 G     1   0   0   0  -1  -1  -1   1   0   0   0  -1   0  -1   0   0   0  -2   0   0   13   4   5   7   1   2   2   9   4   8   8   1   3   3   3   9   6   0   2   8  0.02 0.03
  355 T     0  -1  -1   0   0   0   0  -2  -2   0   0   0   0  -2  -1   1   3   0  -1   0    6   2   2   6   2   4   5   2   0   4   8   6   3   1   2   9  26   1   1   7  0.15 0.14
  356 A     1   0   1   0  -1   1   1   0  -1  -1  -2   1  -1  -1   2   0   0  -2   0  -1   13   3   6   4   2   5   8   7   1   5   2  12   1   3  10   6   5   0   4   4  0.10 0.08
  357 Y    -5  -5  -5  -6  -5  -5  -3  -6  -3  -4  -3  -3  -4   5  -6  -5  -5   6   8  -4    1   0   0   0   0   0   2   0   0   0   3   2   0  20   0   0   0  12  56   0  2.07 0.75
  358 L    -1  -5  -5  -6  -4  -4  -5  -5  -5  -1   5  -5   3   3  -5  -4  -3  -4   0  -2    6   0   0   0   0   0   0   0   0   1  68   0   6  11   0   0   1   0   3   1  1.15 0.52
  359 N    -3   3   7  -1  -5   0  -3  -2  -2  -5  -5  -2  -2  -5  -5   1  -2  -6  -5  -3    2  14  60   2   0   4   0   2   0   0   0   1   1   0   0   8   2   0   0   2  1.38 0.62
  360 R    -3   5   2   1  -5   3  -1  -2  -3  -2   0   2  -3  -3  -4  -1  -1  -1  -3  -4    0  32   9   9   0  16   1   2   0   2   9  10   0   1   0   3   3   1   0   0  0.56 0.35
  361 P     1   1  -2   0  -4   0   2  -3  -2  -4  -3   3  -2  -5   5   0  -1  -5  -3  -3   10   7   1   6   0   3  12   1   1   0   2  17   1   0  28   5   4   0   0   1  0.60 0.34
  362 E    -1  -2   0   5  -5   0   3  -1   1  -5  -4  -1  -4  -3  -3   1  -1  -5  -1  -3    5   2   4  30   0   3  24   5   4   0   2   2   0   1   1  13   2   0   2   1  0.60 0.35
  363 V    -2  -6  -7  -7  -5  -6  -6  -7  -7   1  -2  -5  -3  -5  -6  -5  -2  -7  -5   7    3   0   0   0   0   0   0   0   0   7   1   1   0   0   0   0   2   0   0  86  1.97 0.80
  364 Q    -4   4  -4  -4  -5   5  -3  -5  -2   0  -1   2   4  -5  -5  -4  -2   0  -4   1    0  27   0   0   0  26   0   0   1   5   7  10  12   0   0   0   2   1   0   8  0.81 0.48
  365 K    -1   1   0   1  -5   2   3  -4  -1  -5  -4   5  -2  -5  -4   1  -2  -5  -4  -3    6   7   3   6   0  10  19   0   1   0   1  35   1   0   0   8   2   0   0   1  0.68 0.40
  366 A     6  -4  -4  -1  -4  -3  -2  -2  -5  -2  -5  -1  -2  -6  -4   2  -2  -6  -5  -2   71   0   0   4   0   1   2   1   0   2   0   3   1   0   0  12   1   0   0   3  1.23 0.63
  367 L    -5  -5  -6  -7  -5  -5  -6  -7  -6   3   6  -4   3   0  -6  -6  -4  -5  -4   0    0   0   0   0   0   0   0   0   0  13  72   1   5   3   0   0   0   0   0   5  1.39 0.60
  368 H    -4  -3   3  -4  -6  -1  -2   3   9  -6  -6  -1  -5  -5  -5  -3  -4  -5  -3  -6    0   1  14   0   0   3   2  24  48   0   0   4   0   0   0   2   0   0   0   0  1.66 0.67
  369 A     3  -4  -4  -2  -3  -3  -2   0  -5   3  -1  -2  -2  -4  -4  -2  -2  -5  -4   4   31   0   0   2   0   0   3   8   0  16   4   2   0   0   0   2   2   0   0  30  0.59 0.39
  370 K    -2   0   3   1  -4   0   2   0  -1  -2  -3   3  -2  -4   1   0   0  -5  -4  -2    0   5  17   6   0   3  15   9   1   3   2  18   1   0   6   6   5   0   0   3  0.31 0.24
  371 P    -2  -2   1   0  -4   0   0  -3  -2  -2  -3   1  -3  -5   5  -1  -1  -6  -4   3    2   1   7   5   0   4   5   2   1   1   2  11   0   0  32   4   3   0   0  20  0.63 0.37
  372 T    -1   0   0   0  -3   0   1   0   1   0  -1   0  -1  -2  -1   2   3  -3   1  -1    3   5   3   5   0   4   8   5   3   5   4   4   1   1   2  18  20   0   5   5  0.15 0.17
  373 N    -1   0   2   1  -4   0   1   2   0  -3  -4   1  -3  -4  -1   2   1  -5  -2  -4    3   6  12   8   0   3   8  16   2   1   0   9   0   0   3  20   8   0   1   0  0.34 0.24
  374 W    -7  -7  -8  -9  -7  -7  -7  -5  -6  -6  -6  -7  -6   4  -8  -7  -3  12   5  -4    0   0   0   0   0   0   0   1   0   0   0   0   0  15   0   0   2  63  18   1  3.34 1.10
  375 S    -1   0   0   2  -4   1   2  -1  -1  -1  -2   1  -1  -4  -3   1   2  -4  -3   1    2   4   4  10   0   5  17   3   1   2   2   9   2   0   0  13  15   0   0  10  0.26 0.23
  376 H    -1   1  -1  -1  -4   0   4  -2   2  -1  -1  -2   0  -2  -1   2  -2  -1  -3   0    4   8   2   3   0   4  31   3   5   3   7   0   3   1   2  17   1   1   0   7  0.32 0.29
  377 C    -3  -7  -2  -4  11  -1  -5  -3  -7  -4  -6  -7  -6  -7  -7  -3  -3  -7  -1  -3    2   0   2   1  82   3   1   2   0   1   0   0   0   0   0   2   2   0   2   1  3.18 1.05
  378 S     0  -2   5   0  -5  -3  -3  -3  -2  -5  -6  -1  -5  -2  -3   5   0  -6  -2  -5    6   2  33   5   0   0   1   1   0   0   0   2   0   2   1  41   4   0   2   0  1.00 0.55
  379 D    -2  -1   2   3  -4   0   1   2  -2  -4  -3  -1   1   2  -2   0   0  -1   0  -4    2   2  10  19   0   3   9  16   0   0   2   3   5  10   2   8   5   1   3   0  0.29 0.23
  380 S     2   0   0   2  -3   0   0   0   0  -1  -2   0  -1  -3  -1   0   0  -4  -2   1   18   5   3  15   0   3   5   8   2   1   3   6   1   0   2   7   7   0   1  11  0.13 0.14
  381 I    -3  -3  -4  -5   0  -3  -3  -5  -2   4   0  -5   0  -3  -3  -4  -1  -5  -2   6    0   1   1   0   2   1   2   0   1  25   7   0   2   0   1   0   2   0   1  53  1.04 0.49
  382 N    -2  -1   4  -1  -4  -1  -1   3   0   0  -2  -1  -3   1  -1   1  -1  -4   0  -3    2   3  25   1   0   3   4  20   2   6   3   4   0   7   2  12   2   0   3   0  0.34 0.25
  383 L    -1   3   0   0  -3  -1  -1  -2   1  -1   0   0   0   1  -3   1   0   0   2  -1    4  19   4   5   0   1   2   2   3   4   8   6   3   6   0  11   6   1   9   4  0.13 0.14
  384 N     0  -1   5   2  -4   1  -1  -2   2  -4  -2  -1   0  -2  -2   1  -1  -5   0  -3    8   2  34  11   0   6   1   2   5   0   5   3   2   1   2  11   3   0   3   2  0.48 0.32
  385 W    -2  -2  -5  -3  -5  -1  -4  -3  -1  -3   0  -5   2   5  -5  -3  -4   9   4  -2    3   2   0   2   0   3   1   2   2   1   9   0   6  27   0   2   0  26  13   2  1.24 0.53
  386 K    -1   3   0   0  -3   0   1  -1   2  -1   0   2   3  -1  -3  -1  -1  -3  -1  -1    4  16   3   5   0   3   7   5   5   2   7  17  10   3   0   3   3   0   2   3  0.18 0.17
  387 D     1   0   1   4  -3   0   0  -1   0  -3  -2   1  -1   1  -1   0  -1  -4  -2  -3   11   6   6  27   0   3   3   3   2   0   3  11   1   7   3   8   2   0   1   1  0.30 0.21
  388 S     0   0   1   1  -1   0  -1  -1   0  -1  -1   1  -2  -2   1   1   1   0  -1   0    8   3   8   9   1   4   1   4   2   3   5  10   0   1   7  10  12   2   2   7  0.09 0.10
  389 P     0  -1  -1  -1  -3  -2  -1   1   1  -1  -1  -1   0   0   4   0  -2  -3   2  -1    6   3   3   2   0   0   3  11   4   3   4   4   2   5  25   9   1   0   8   4  0.33 0.21
  390 I    -1   1  -1   1  -3   0   0  -1   2   1  -1   0   1  -1  -2   0  -1  -3   0   1    4   9   2  12   0   5   3   4   7  14   3   5   5   2   1   9   3   0   3  10  0.07 0.10
  391 T    -1   1   1   0  -3   0   0  -2   0  -3  -3   0  -3  -3   0   3   1   4   1   0    2   7   8   5   0   5   5   2   3   1   0   6   0   0   5  25   9   5   5   7  0.26 0.23
  392 I    -1  -4  -3  -4  -3  -3  -3  -3   0   2   2  -3   5   0  -4   1  -1   1   0   2    4   0   1   0   0   0   1   2   2  14  17   1  19   2   0  10   2   2   3  18  0.45 0.30
  393 L    -2   0  -2  -4  -2   0  -1  -3  -3   2   3   2   0   0  -3  -2  -1  -4  -2   1    2   4   2   0   1   3   5   1   0  16  30  14   1   4   1   1   3   0   1  12  0.29 0.23
  394 P    -3  -2  -1  -1  -6  -2  -1  -5  -2  -6  -3  -3  -5  -4   7   1  -3  -7  -4  -2    1   2   3   4   0   2   3   0   1   0   3   1   0   1  62  12   1   0   1   3  1.58 0.68
  395 T    -1  -2  -1   1  -3  -1   0   0  -1   1  -1  -1  -2   0  -2   2   1   2   1  -1    3   1   2   9   0   3   4   9   1  11   4   3   0   5   1  22   9   3   6   3  0.14 0.17
  396 I    -2  -3  -2  -4  -3  -3  -4  -3   3   3   3  -4   0   0  -3  -3  -3  -3   2   3    2   1   2   0   0   1   1   1   8  18  25   0   1   3   1   1   0   0   7  27  0.53 0.30
  397 K     0   2   0   0  -3   0   0  -2   1  -1   0   2  -1  -3   3   0  -1  -3  -2  -2    8  11   3   5   0   4   5   3   4   4  11  16   2   0  14   6   3   0   0   1  0.20 0.14
  398 Y     0   0   1   0  -2   0   1  -1  -1  -1   1   1  -1   1  -1   0   0  -2   3  -1    6   3   7   3   0   2  12   3   0   2  15  10   0   6   3   5   6   0  13   3  0.10 0.11
  399 L    -3  -2  -1  -2  -3  -3  -3  -4   3   2   5  -3   1  -1  -4  -3  -3  -4  -3   1    1   3   3   2   0   0   2   1   7  11  56   1   2   1   1   1   1   0   0   7  0.72 0.36
  400 I    -2  -3  -3  -4  -3  -3  -2  -4  -4   4   4  -3   3  -1   0  -1  -1  -4  -3   1    2   1   1   0   0   0   3   1   0  22  37   0   8   1   6   4   3   0   0   8  0.53 0.30
  401 D     0  -2   2   2  -1   1   4   0  -2  -1  -2   0  -3  -3  -2   0   0  -4  -1  -2    8   1  10  12   1   5  28   5   0   3   4   4   0   0   1   7   4   0   2   2  0.32 0.22
  402 N     1  -1   4   0  -4   1   2  -1   2  -4  -3   1  -3  -4  -3   2  -1  -5  -1  -4   13   2  24   4   0   7  12   4   5   0   2  10   0   0   1  14   1   0   2   0  0.44 0.30
  403 G    -1  -2  -1  -1  -4   1   1   5   1  -5  -4   1  -4  -4  -2   0  -1  -4  -2  -4    3   2   2   3   0   8   9  47   4   0   1   8   0   0   1   6   4   0   2   1  0.69 0.35
  404 I    -4  -5  -1  -5  -4  -5  -5  -6  -4   5   1  -5   2   0  -2  -4  -2  -4   4   3    0   0   4   0   0   0   0   0   0  36  14   0   4   3   2   0   1   0  14  21  0.84 0.43
  405 K    -4   5   1  -2  -6   0  -1  -3  -1  -4  -4   3  -4  -5   5  -3  -4  -6  -2  -5    0  28   7   1   0   3   4   1   1   1   1  19   0   0  29   1   0   0   2   0  1.01 0.50
  406 L    -2  -5  -5  -3  -4  -5  -5  -3  -5   4   0  -5   0  -1  -5   0   0  -5  -4   5    2   0   0   2   0   0   0   2   0  26   5   0   1   2   0   7   4   0   0  48  0.93 0.47
  407 W    -1  -4  -5  -6  -4  -4  -3  -5  -5   2   5  -5   2  -1  -5  -2  -1   7  -1  -1    5   1   0   0   0   0   1   0   0   9  52   0   5   2   0   3   3  14   2   3  0.95 0.47
  408 I    -4  -5  -6  -6  -4  -5  -4  -6  -6   5   4  -5   1   1  -6  -4  -4  -5  -4   3    0   0   0   0   0   0   1   0   0  37  34   0   2   5   0   1   0   0   0  18  1.06 0.48
  409 Y    -3  -6  -6  -7  -6  -6  -6  -5  -3  -2  -3  -6  -1   6  -7  -6  -6   0   8   0    2   0   0   0   0   0   0   1   0   2   2   0   1  36   0   0   0   1  50   6  2.02 0.79
  410 S     3  -4   4  -3  -4  -1  -4  -4   1  -3  -2  -4  -4  -4  -4   4  -2  -5   2  -4   22   0  23   0   0   2   0   0   3   1   4   0   0   0   0  36   1   0   8   0  0.86 0.53
  411 G    -4  -7  -5  -6  -7  -6  -6   8  -6  -8  -4  -6  -7  -7  -7  -3  -6  -7  -7  -7    0   0   0   0   0   0   0  97   0   0   2   0   0   0   0   1   0   0   0   0  2.61 0.94
  412 D    -1  -5   1   7  -7   3   1  -5  -4  -6  -6  -4  -1  -2  -5  -2  -4  -7  -6  -6    6   0   5  64   0  11   7   0   0   0   0   0   2   2   0   2   0   0   0   0  1.56 0.69
  413 T     1   1   0  -3  -4   1   0  -3   4  -2   1   2   0  -1  -3  -2   1  -1   1  -1   14   9   3   0   0   5   5   0  11   1  15  12   2   2   0   1   9   1   5   5  0.21 0.22
  414 D    -6  -6  -1   8  -8  -5  -1  -6  -6  -8  -8  -5  -8  -8  -6  -5  -6  -9  -8  -8    0   0   2  95   0   0   3   0   0   0   0   0   0   0   0   0   0   0   0   0  2.85 1.03
  415 A     0  -3  -3  -4   0  -2  -2  -1  -1   1   2  -3   2   3  -3   0   0   2   3   0   10   0   0   0   2   1   2   6   1   7  23   1   5  14   0   7   5   2  11   4  0.24 0.19
  416 V    -2  -3  -5  -5   2  -4  -3  -5  -5   6   0  -3   0  -3  -5  -2  -2  -5  -4   4    3   1   0   0   4   0   2   0   0  49   4   2   2   0   0   2   2   0   0  27  1.02 0.47
  417 G    -1  -4   0  -4   8  -3  -1   1   0  -3  -2  -3  -4  -5   4  -1  -2  -5  -4  -1    4   0   6   0  33   1   4  12   2   1   5   1   0   0  20   4   1   0   0   4  0.96 0.45
  418 V     0  -1   4  -1  -2  -1  -2  -2  -2   0   0  -1   0   3  -1  -1  -1   0   0   1    9   3  26   2   1   2   2   2   0   4   9   3   2  14   3   2   2   1   2  11  0.26 0.23
  419 T    -2  -3  -2  -3  -2  -2   0   0   3  -1   0  -1   1  -2  -3   0   3   6   1  -1    2   0   1   0   1   1   7   7   8   3  12   3   4   1   1   6  25  12   5   2  0.40 0.30
  420 I     1  -3  -1  -4   0  -3  -3   1  -3   3   2  -2   2   0  -4  -1  -2  -1  -2   1   12   1   4   0   2   0   1  11   0  18  24   2   5   4   0   5   1   1   1   9  0.23 0.20
  421 S    -2  -3   1  -1   1   0  -2   3  -1  -4  -3  -2  -4  -5  -2   2   4   1  -4  -2    2   0   7   3   3   4   2  20   2   0   2   2   0   0   1  18  31   2   0   2  0.56 0.38
  422 R    -2   3   2  -1  -5   3   3  -1   0  -2  -3   1  -1  -4  -3  -1  -1  -2  -4  -2    2  20  12   2   0  14  22   3   2   2   3   9   1   0   0   3   2   1   0   2  0.48 0.31
  423 Y     2   0  -2   0  -3   1   2  -3   1  -2   0  -1   1  -1  -3  -1  -1   4   4  -2   18   4   1   4   0   6  14   1   3   1  11   3   5   2   0   2   3   5  16   1  0.27 0.24
  424 P     1  -2  -1  -1  -1   0   0  -1  -3  -2   0  -1   2   0   2   1  -1   6   0  -2   13   1   2   3   1   4   5   4   0   1   8   3   6   4   9  12   3  14   2   2  0.30 0.21
  425 I    -1  -4  -3  -3  -3  -2  -3  -1  -4   4   1  -2   1  -1  -4  -2   1   5  -1   2    4   0   1   1   0   2   1   4   0  30  10   3   3   2   0   2  11   8   1  17  0.46 0.29
  426 N    -2   1   4   2  -4   1   2  -1   2  -4  -4   2  -1  -3  -3   0  -1  -4  -3  -4    3   9  20  11   0   4  15   5   6   1   0  14   2   1   0   5   3   0   0   0  0.44 0.27
  427 T     2  -1   2   0  -3   0  -1   0   0  -3  -3   1  -1  -1   0   2   1   1  -1  -2   16   2   9   6   0   3   2   7   2   1   0  10   1   3   5  18   8   2   2   2  0.19 0.18
  428 L    -2  -3  -2  -5  -4  -1  -4  -2  -5   0   5  -1   6  -3  -5  -4  -1  -5  -4  -1    3   1   2   0   0   2   1   3   0   4  54   3  20   0   0   1   3   0   0   2  0.92 0.48
  429 K    -2   0   4   0  -5   1   2   1  -1  -3  -2   4  -2  -1  -3  -1  -1  -5  -3  -4    2   3  23   3   0   5  14   9   1   1   3  25   1   4   1   2   3   0   1   0  0.48 0.32
  430 L    -2  -2  -4  -3  -4  -1   0  -2  -1  -1   2  -3   0   2  -3  -2  -3   8   4  -1    3   1   0   2   0   3   6   3   1   3  22   1   2  10   1   2   1  20  13   4  0.65 0.34
  431 P     0  -1   1  -2  -3  -1  -1   0  -3  -1  -2   0  -1   0   4   2   0   0  -3  -2    8   3   6   2   0   3   3   6   0   3   3   7   1   5  22  18   5   2   0   2  0.32 0.22
  432 I     0   0  -1  -1  -2   0  -1   1   0   1   0  -1   1   0  -2   0   1  -2   2   1    6   5   1   3   0   3   2  14   2  12   7   2   4   3   1   5   9   0   8  11  0.06 0.10
  433 D    -1   0   1   2  -3   1   1   0   1   0  -2   1  -2  -2  -1   0   1  -4  -3   0    5   3   6  16   0   5   9   6   4   6   4  12   0   1   3   3  11   0   0   6  0.14 0.13
  434 S     0  -1   1   1  -3   0   0   1   0  -1  -1   1  -1  -3  -2   1   2   1   0  -1    8   2   7   9   0   2   4   9   3   4   4  11   2   0   1   9  16   2   4   4  0.11 0.12
  435 T    -1  -1   0   2  -3   0   1   0  -2  -1  -2   1  -1  -1   2   0   1  -3  -1   0    4   2   5  12   0   2  10   8   1   3   3   9   1   4   9   5  11   0   2  10  0.12 0.12
  436 W    -3   0  -2  -4  -5  -2  -1  -5   1  -5  -2  -2  -4   1  -6  -2  -2  10   4  -1    2   6   2   1   0   1   4   0   3   0   5   2   0   5   0   4   2  43  14   5  1.63 0.64
  437 R     1   4   1  -1  -4   1   0  -2  -1  -2  -1   2  -1  -2  -3  -1  -1  -4   1  -2   14  26   6   3   0   5   3   3   1   2   5  13   1   1   0   3   3   0   5   3  0.30 0.23
  438 P     0  -3  -1   1  -4  -3  -1  -2  -2  -1  -4  -2  -4  -2   6   0  -2  -5  -2  -1    9   1   2  10   0   1   4   3   1   4   1   1   0   2  46   5   2   0   1   6  0.95 0.44
  439 W    -2  -2  -3  -6  -5  -5  -3  -2  -3  -4  -1  -2  -4   2  -3  -5  -3  11   2  -5    3   3   1   0   0   0   2   4   1   1   7   3   0   7   1   1   1  58   5   0  2.32 0.79
  440 Y    -3  -2  -1  -4  -4   0  -1  -3   2  -1  -1   1   3   3  -4  -1   2  -2   5  -1    0   1   2   0   0   4   4   2   5   3   5  11   9  14   0   4  12   0  20   4  0.40 0.29
  441 S     0  -3   0   1  -3  -2   0  -2   2   0  -2  -1  -2   2  -3   2   1   1   0   1    8   0   3  10   0   1   6   2   7   7   2   3   0  11   1  18   7   2   2  11  0.15 0.19
  442 G    -2  -2   3   3  -5  -2   2   4  -1  -5  -2   1  -2  -5  -4   0  -3  -2  -5  -4    2   1  15  18   0   0  14  28   1   0   4   8   1   0   0   6   1   1   0   1  0.57 0.35
  443 K    -1   0   2   2  -4   1   1   3  -1  -2  -3   3  -4  -5  -4   1  -1  -5  -4  -2    2   4   9  14   0   5   7  23   1   2   2  18   0   0   0   8   2   0   0   2  0.40 0.27
  444 E    -1  -2  -1   0  -5   5   4  -2  -2  -5  -4   1  -4  -5  -2  -1   0  -2  -2  -2    4   1   3   4   0  27  31   4   0   0   1   9   0   0   2   4   6   1   1   3  0.70 0.44
  445 I    -1  -4  -3  -4  -4  -2  -1  -5  -3   3  -1  -2  -1  -3   2  -2   1  -5  -1   4    4   0   1   0   0   2   4   0   1  19   4   2   1   1  10   3   8   0   2  38  0.55 0.35
  446 G     4  -3  -2  -1  -4  -3  -3   4  -4  -3  -3  -2  -2  -3  -2   0  -2  -5  -3  -2   44   1   2   4   0   0   1  28   0   1   2   2   1   1   2   6   1   0   1   2  0.70 0.40
  447 G    -2  -6  -2  -3  -6  -4  -4   7  -4  -3  -7  -2  -6  -4  -2  -3  -2  -6  -7  -5    3   0   1   1   0   1   1  83   0   2   0   2   0   1   2   1   2   0   0   1  1.85 0.74
  448 Y    -2   0  -2  -5  -5   2  -1  -4  -3   0  -1  -2  -3   4  -5  -3  -1   6   6  -2    3   5   2   0   0   9   4   1   0   6   5   2   0  19   0   1   3  10  29   3  0.83 0.43
  449 V    -2  -4  -2  -4  -2   0  -4  -3  -2   0  -1  -2  -2   0  -4   0   3   4   2   4    3   0   2   0   0   4   0   1   1   5   3   1   1   4   0   5  19   7   7  37  0.56 0.37
  450 V    -2   3  -3  -3  -5   4   0  -3   0  -1  -1   4  -1  -5  -4  -2   0  -5  -3   0    2  15   0   1   0  23   5   1   2   3   5  27   1   0   0   1   6   0   0   7  0.59 0.38
  451 G    -1   0   0   0  -4   3   2   0   0  -4  -4  -1  -2  -3  -3   2   2  -4   1  -1    3   5   3   5   0  13  13   8   1   0   1   1   1   1   0  21  15   0   5   5  0.33 0.29
  452 Y     1  -3  -4  -1  -3  -1   1  -3   3  -4  -4  -2  -4   1  -5   0  -4   2   7  -1   14   1   0   3   1   2   9   2   8   0   0   2   0   3   0   7   0   2  41   4  0.91 0.48
  453 K     0   5   0   0  -5  -1   1   3   0  -5  -5   2  -4  -5  -4   0  -3  -5  -4  -5    8  31   4   5   0   1   7  22   2   0   0  11   0   0   0   8   0   0   0   0  0.66 0.38
  454 G    -3  -4   7  -2  -6  -2  -4   3   0  -7  -6  -1  -6  -6  -2  -1  -2  -7  -6  -6    2   0  60   1   0   1   0  21   2   0   1   4   0   0   2   3   2   0   0   0  1.52 0.68
  455 L    -5  -6  -6  -7  -5  -5  -6  -7  -6   0   5  -6   4   4  -6  -6  -5  -4  -3  -1    0   0   0   0   0   0   0   0   0   4  64   0  10  19   0   0   0   0   0   2  1.42 0.61
  456 T     0  -4  -2  -2  -1  -2  -4  -4   1  -5  -5  -4  -1  -6  -5   2   7  -6  -5  -4    7   1   1   2   1   1   0   1   3   0   0   0   1   0   0  12  69   0   0   0  1.51 0.74
  457 F    -6  -6  -6  -7  -6  -1  -3  -7  -1  -4  -1  -6   0   8  -7  -6  -6   2   6  -3    0   0   0   0   0   3   2   0   1   0   5   0   2  59   0   0   0   2  24   1  1.96 0.76
  458 V     2  -4  -5  -5  -3  -2  -4  -4  -5   1   1  -4   4  -3  -5  -2   0  -5   0   4   22   0   0   0   0   2   0   0   0   6  13   0  10   0   0   3   7   0   3  35  0.64 0.40
  459 T    -2   3  -1  -3  -4  -1  -2  -4  -4  -2   1   1  -3  -4  -4   0   4   2  -4   0    1  18   3   1   0   2   2   1   0   2  15   9   0   0   0   7  32   3   0   5  0.50 0.37
  460 V    -3  -6  -6  -6  -4  -6  -6  -7  -6   4   0  -6  -2   3  -5  -3  -3  -5  -3   6    1   0   0   0   0   0   0   0   0  27   8   0   0  12   0   2   1   0   0  50  1.23 0.56
  461 R    -3   3  -2  -2  -6  -3  -3  -5   2  -3  -1   3  -4   4  -5  -3  -2  -3   6  -3    1  19   2   2   0   0   1   0   6   1   5  16   0  15   0   0   2   0  29   1  0.89 0.48
  462 G    -2  -4   5   1  -6   0   1   5  -4  -6  -2  -1  -5  -6  -5  -2  -4  -6  -5  -6    2   0  26   6   0   5   9  44   0   0   4   4   0   0   0   2   0   0   0   0  0.99 0.50
  463 A     6  -5  -4  -5  -4  -4  -4   2  -5  -5  -5  -4  -5  -6  -5   2  -2  -6  -6  -3   66   0   0   0   0   0   0  16   0   0   0   0   0   0   0  15   1   0   0   2  1.37 0.67
  464 G    -1  -6  -4  -5  -6  -5  -5   6  -6  -7  -7  -5  -6  -7  -6   4  -4  -7  -6  -6    3   0   0   0   0   0   0  69   0   0   0   0   0   0   0  29   0   0   0   0  1.84 0.77
  465 H    -7  -5  -4  -6  -8  -5  -5  -7  11  -9  -8  -6  -7  -6  -7  -6  -7  -8  -3  -8    0   0   0   0   0   0   0   0 100   0   0   0   0   0   0   0   0   0   0   0  4.21 1.34
  466 L    -3  -3  -5  -4  -5  -2   2  -6  -5  -1  -2  -4   9   0  -5  -3   0  -5  -4  -3    1   1   0   1   0   1  15   0   0   2   2   0  63   4   0   1   7   0   0   0  1.88 0.79
  467 V     0  -6  -6  -6  -4  -3  -6  -4  -6   0  -1  -6   0  -4  -6  -5   0  -6  -3   7    8   0   0   0   0   1   0   1   0   4   4   0   2   0   0   0   5   0   1  74  1.46 0.66
  468 P    -1  -6  -6  -5  -6  -5  -3  -4  -6  -6  -4  -5  -6  -7   8  -4  -5  -7  -6  -6    4   0   0   0   0   0   1   2   0   0   2   0   0   0  88   1   0   0   0   0  2.76 0.95
  469 S    -1  -1  -2  -3  -3   1   1  -2  -2  -3   1  -3   3   4  -4   0  -1  -2   4  -1    3   3   1   1   0   7  10   3   0   0  11   0  10  18   0   7   5   0  18   3  0.42 0.31
  470 W    -3  -5   0   7  -6  -4  -1  -5   1  -4  -5  -2  -5   1  -5  -2  -3  -1   5  -4    1   0   4  56   0   0   2   0   3   1   1   2   0   5   0   2   1   1  21   1  1.40 0.62
  471 Q    -2   1  -2  -2  -5   6  -1  -5   0  -4  -1   3  -2  -1  -4  -3  -2   1   1  -1    3   7   2   2   0  38   3   0   2   0   7  19   1   3   0   1   1   2   6   5  0.69 0.44
  472 P    -1  -7  -6  -6  -7  -6  -6  -3  -7  -7  -7  -6  -7  -8   9  -4  -6  -8  -7  -7    5   0   0   0   0   0   0   2   0   0   0   0   0   0  92   1   0   0   0   0  3.05 1.06
  473 E    -1   3  -1   1  -2   2   4  -2  -1  -3  -3   2  -2  -5  -2   0  -2  -5  -2  -1    4  20   2   8   1   7  29   2   1   2   2  10   1   0   1   6   1   0   1   4  0.45 0.30
  474 R     2   3   0  -3  -4   1   2  -3  -1  -2  -3  -1   0  -4  -1  -1   0   1  -3   1   21  21   5   0   0   7  16   0   1   2   1   0   2   0   3   3   7   2   0   9  0.35 0.28
  475 A     4  -4  -1  -4  -1  -3  -4  -1  -4  -5  -5  -3   0  -5  -4   5   2  -6  -5  -4   38   0   3   0   1   0   0   3   0   0   0   0   3   0   0  41  10   0   0   0  0.99 0.54
  476 L    -3   3  -3  -5  -4  -2  -3  -5   0  -2   4  -2  -2   3  -5  -1  -3  -3   2  -1    1  18   1   0   0   1   1   0   2   0  46   1   0  14   0   6   0   0   6   2  0.70 0.40
  477 T     0  -1  -1   4  -4   1   2  -3   1   0  -2   0   0  -3  -3  -1   0  -5  -2  -2    6   3   1  31   0   7  14   1   3   8   2   7   2   1   0   2   6   0   1   3  0.39 0.26
  478 L    -3  -5  -6  -6  -5  -5  -4  -6  -5   2   2  -5   9   3  -6  -5  -4  -4  -3  -3    2   0   0   0   0   0   1   0   0  12  20   0  51  14   0   0   0   0   0   0  1.66 0.67
  479 I    -3  -5  -6  -6  -4  -5  -6  -6  -5   3   3  -5   2   6  -6  -5  -4  -3   0   2    1   0   0   0   0   0   0   0   0  18  24   0   6  36   0   0   0   0   2  13  1.08 0.47
  480 S    -2   1   4   3  -4   2   1  -2   1  -4  -4   1  -2  -3  -3   1   0  -5  -4  -3    1   7  20  15   0  10   9   1   4   0   1   9   1   1   0  11   7   0   0   2  0.45 0.28
  481 S    -1   7   1  -3  -6   0  -2  -3   1  -6  -5   0  -4  -5  -5   2  -2  -5   0  -5    5  58   5   1   0   3   2   1   3   0   0   3   0   0   0  14   2   0   4   0  1.16 0.54
  482 F    -2  -6  -4  -7  -6  -6  -7  -5  -5   0  -3  -7  -1   7  -7  -5  -6   9  -1  -3    4   0   1   0   0   0   0   1   0   6   1   0   1  52   0   1   0  31   0   1  2.22 0.77
  483 L    -4  -5  -3  -6  -4  -5  -5  -6  -5   4   4  -5   6  -1  -6  -5  -1  -5  -4   0    0   0   1   0   0   0   0   0   0  28  41   0  19   2   0   0   4   0   0   5  1.08 0.48
  484 Y     1   0   1  -1  -3   0  -2   1   2  -3  -2  -1  -2   3  -3   2  -1   1   1  -1   10   4   6   4   0   6   1   9   5   0   3   3   0  17   0  21   2   2   6   3  0.19 0.17
  485 G    -1  -5   1   1  -5  -4  -4   7  -4  -6  -6  -4  -5  -6  -5  -1  -4  -5  -6  -6    5   0   7   7   0   0   0  79   0   0   0   0   0   0   0   3   0   0   0   0  1.61 0.50
  486 I    -1   0   0   0  -2   1  -1  -3  -2   2   0   2   2  -2  -2   1   0  -3  -2   1    0   5   3   5   0  10   0   0   0  18   5  17   7   0   0  15   3   0   0  12  0.13 0.10
  487 L    -3   0  -4  -5  -3  -3  -4  -5  -4   1   5  -3   1  -1   1  -3  -2  -3  -2   0    0   6   0   0   0   0   0   0   0   6  81   0   0   0   7   0   0   0   0   0  0.76 0.22
  488 P     0  -2  -2   1  -3  -2  -1  -3  -3  -4  -4   1  -3  -4   7   0   0  -5  -4  -3    5   0   0   8   0   0   0   0   0   0   0   9   0   0  64   5   8   0   0   0  1.32 0.19
  489 A     0  -1   2   0  -2   1   2   1   2  -2  -3  -1  -2  -3  -2   2   1  -3  -2   0    5   0  14   0   0   8  16   8   7   0   0   0   0   0   0  27   6   0   0   9  0.24 0.08
  490 S     1  -1  -1   1  -2  -1  -1  -1  -2  -2  -2   1   1  -3  -2   4   0  -3  -2   0   11   0   0   9   0   0   0   0   0   0   0   8   9   0   0  54   0   0   0   9  0.32 0.12
  491 V    -1  -2  -2  -2  -2  -2   0  -3  -3   3   0  -2   0  -2   3   1  -1  -3  -2   2    0   0   0   0   0   0  10   0   0  35   0   0   0   0  19  16   0   0   0  19  0.32 0.08
  492 S     0  -1   0  -1  -2   0   1  -1  -1  -3  -3   1  -2  -3   2   3   2  -3  -2  -2    0   0   0   0   0   0  13   0   0   0   0  13   0   0  12  49  13   0   0   0  0.40 0.06
  493 P    -1  -2   3  -1  -3  -1  -1  -2  -1  -3  -3  -1  -3  -4   7  -1  -1  -4  -3  -3    0   0  26   0   0   0   0   0   0   0   0   0   0   0  74   0   0   0   0   0  1.44 0.03
  494 S     2   0   0  -1  -1   3   0  -1  -1  -2  -2   0  -1  -3  -1   3   1  -3  -2  -2   25   0   0   0   0  26   0   0   0   0   0   0   0   0   0  49   0   0   0   0  0.34 0.02
  495 N    -2   0   6   1  -3   0   0   0   1  -3  -4   0  -2  -3  -2   1   0  -4  -2  -3    0   0 100   0   0   0   0   0   0   0   0   0   0   0   0   0   0   0   0   0  0.73 0.01

                      K         Lambda
Standard Ungapped    0.1347     0.3164
Standard Gapped      0.0410     0.2670
PSI Ungapped         0.1347     0.3164
PSI Gapped           0.0410     0.2670
