
Last position-specific scoring matrix computed, weighted observed percentages rounded down, information per position, and relative weight of gapless real matches to pseudocounts
            A   R   N   D   C   Q   E   G   H   I   L   K   M   F   P   S   T   W   Y   V   A   R   N   D   C   Q   E   G   H   I   L   K   M   F   P   S   T   W   Y   V
    1 M    -2  -2  -3  -4  -2  -1  -3  -4  -2   1   3  -2   7   0  -3  -2  -1  -2  -2   0    0   0   0   0   0   0   0   0   0   0  30   0  70   0   0   0   0   0   0   0  0.66 0.12
    2 K    -1   4  -1  -1  -4   1   1  -2  -1  -4  -3   5  -2  -4  -2   0  -1  -4  -3  -3    0  27   0   0   0   0  10   0   0   0   0  54   0   0   0   9   0   0   0   0  0.64 0.14
    3 T    -1   1  -1  -2  -2   1  -1  -2   4   0   0   1   2  -2  -2   1   1  -3  -1  -1    0   8   0   0   0  10   0   0  17   9   8  10  10   0   0  15  14   0   0   0  0.17 0.08
    4 M    -2  -3  -4  -4   2  -3  -4  -4  -4   4   2  -3   5  -1  -4  -3   0  -3  -2   2    0   0   0   0   4   0   0   0   0  29  16   0  28   0   0   0   5   0   0  17  0.60 0.22
    5 R     0   2  -1   0  -3  -1  -1  -1  -2  -1  -1   2  -2  -1  -2   3   0  -3  -2   0    5  13   0   5   0   0   0   3   0   4   7  16   0   3   0  35   3   0   0   6  0.22 0.16
    6 M    -1  -2   0  -3  -2   0  -2  -3  -3   1   2   0   2  -2  -1   0   1   1  -2   2    2   0   4   0   0   5   0   0   0   9  20   6   7   0   3   9  11   2   0  22  0.16 0.12
    7 N     0   1   2  -2  -3  -1  -2  -3   2   1   1   1  -1   0  -3   0  -1  -3   0   0    7  10  14   0   0   0   0   0   7  10  19  15   0   5   0   7   0   0   2   5  0.12 0.12
    8 S     0  -3   0  -2   4  -2  -2  -1  -3   2  -1  -1   0   0   1   3   2  -3  -1  -1    4   0   4   0  12   0   0   2   0  15   2   2   3   4   7  27  14   0   3   2  0.27 0.19
    9 A    -1  -3  -3  -4  -3  -1  -3  -4   0   3   2  -2   1   5  -4  -1   0  -2   0   1    5   0   0   0   0   3   0   0   2  18  21   2   2  29   0   6   5   0   0   7  0.40 0.21
   10 F     2  -3  -3  -4   1  -3  -3  -3  -1   0   1  -3   0   4   0   0   0  -2   0   0   26   0   0   0   3   0   0   0   2   5  15   0   2  24   4   8   6   0   1   3  0.31 0.21
   11 I    -1  -4  -4  -4   0  -3  -4  -4  -4   3   3  -4   3   3  -4  -1  -2   2   0   2    4   0   0   0   2   0   0   0   0  20  26   0   8  15   0   4   0   3   2  16  0.46 0.22
   12 L     0  -4  -4  -4   0  -3  -4  -4  -3   2   3  -4   3   4  -2  -2  -2  -2   0   2    8   0   0   0   2   0   0   0   0   9  27   0   8  20   2   3   0   0   3  19  0.45 0.23
   13 A     2  -2  -3  -4   5  -3  -3  -3  -3   0   2  -3   0   1  -3   1  -1   1  -2   0   26   2   0   0  16   0   0   0   0   6  19   0   2   8   0  10   2   2   0   6  0.37 0.24
   14 F    -1  -4  -4  -5   0  -3  -4  -4   0   3   2  -4   3   4  -4  -3   0  -2   1   1    4   0   0   0   2   0   0   0   3  18  19   0   9  26   0   0   7   0   2  10  0.51 0.25
   15 A     0  -2  -1  -1  -1   3  -1  -2  -2   1   1  -1  -1   3  -2   0  -2   0  -1   0    7   0   2   2   1  22   1   1   0   7  18   1   0  17   2   9   0   1   0   8  0.21 0.21
   16 L    -1  -2  -3  -1   2  -3  -3  -4  -3   1   3  -1   0   2  -4   0   0  -3  -2   2    3   1   0   5   5   0   0   0   0   8  38   3   0   9   0   8   5   0   0  13  0.29 0.20
   17 A    -1  -2  -3  -2  -3  -3  -3  -4  -3   2   3  -3   1   3  -2   1   1  -3  -1   1    4   2   0   2   0   0   0   0   0  10  33   0   3  14   1  15   8   0   1   6  0.30 0.21
   18 A     0  -3   0  -3   3  -2  -3  -3  -3   0   2  -3   2   2   0   2   0  -3  -2   1    9   0   4   0   7   0   0   0   0   4  21   0   5  10   4  24   2   0   0   9  0.24 0.20
   19 A     0  -3  -2  -2  -2  -2  -3  -3   0   3   1  -2   1   1   2  -1  -1  -3  -2   2    7   0   1   2   0   2   0   0   3  28  12   2   4   6  11   6   3   0   0  13  0.25 0.17
   20 M    -1   2   0  -2  -2   0  -1  -2   2   1   1  -1   1   1  -1   0  -1  -3  -1   0    3  13   5   0   0   5   1   3   6  10  19   3   4   7   2  11   0   0   0   8  0.08 0.11
   21 L     0  -1   2   0  -2  -1  -1   1   0   1   1  -1  -1  -2  -1   1   1  -3  -2   0    9   4  12   4   0   1   1  10   2  10  17   2   0   0   1  14   7   0   0   6  0.08 0.10
   22 I     0  -2  -2  -2   1   0  -2  -2  -3   1   0  -1   2  -2  -1   2   0  -3  -3   3    7   0   1   2   4   6   0   3   0   7   7   4   6   0   2  18   4   0   0  28  0.19 0.18
   23 L     1  -1   1  -2  -2  -2  -1  -3  -3   0   1  -2  -1   2   1   3   0  -3  -2   0   10   2   7   0   0   0   3   0   0   7  17   0   0  10   6  30   4   0   0   5  0.22 0.20
   24 T     2  -3  -2  -3  -3   0  -1  -2  -3  -3  -2  -2  -2  -4   1   4   2  -4  -3   0   21   0   0   0   0   5   2   2   0   0   3   0   0   0   8  33  17   0   0   7  0.46 0.29
   25 E    -1   0   0   0   0   1   0   0   0  -1   1  -1   0  -2   0   2   0  -3   0  -1    1   6   3   4   2  10   3   6   2   2  21   0   3   0   4  18   6   0   3   4  0.09 0.13
   26 A     1  -1   4   1  -3   0   0  -1  -1  -1  -2   1  -1  -3  -1   1   0  -4  -2   0   18   1  23   6   0   3   3   2   1   2   2   8   1   0   2  13   6   0   1   7  0.23 0.17
   27 A     1  -2  -2   0  -1   4   1  -3  -2  -1   0  -2   3  -3   3   0  -2  -4  -3   0   13   0   1   4   1  22   7   0   0   4   8   0  11   0  13   8   0   0   0   6  0.33 0.27
   28 N    -1   1   3   3  -4   1  -1  -3   0  -2  -4   0  -3  -4  -3   0   2  -4   0  -2    3  10  19  21   0   8   2   0   3   2   0   4   0   0   0   7  17   0   3   2  0.43 0.28
   29 T    -1  -1   4   1  -3  -1  -2  -3  -1  -3  -2  -2   0   0   3   0   2  -3   2  -1    5   3  22   6   0   2   0   0   1   0   2   0   3   4  18   5  17   0   7   4  0.41 0.27
   30 A     0   0   2   0  -1   0   1  -1  -2  -1  -2   0  -1   0  -1   0   2  -3  -2  -1   10   5  12   5   1   3  10   3   0   3   2   7   1   6   2   5  20   0   0   4  0.14 0.14
   31 F    -1  -3   0  -2   2  -3  -2  -4   1   0   0  -3   0   4  -2  -1  -2   1   5  -1    6   0   6   2   5   0   2   1   3   4   7   0   2  21   2   3   2   1  28   4  0.53 0.29
   32 V    -2  -3  -3  -2  -2  -2  -2  -4  -3   3   3  -3   1  -2  -1  -1   0  -3  -2   3    1   1   0   3   0   2   2   1   0  16  34   1   4   0   2   5   6   0   0  23  0.40 0.23
   33 S    -1  -2   1   1  -3  -1  -1   0   3  -2  -2   0  -2   3  -1   1  -1  -2   3  -2    5   1   8   7   0   3   1   8   9   2   2   7   0  15   2  14   2   0  12   1  0.21 0.16
   34 S     0  -1  -1  -1   0   2  -1  -1   6  -3  -2   0  -2  -3  -1   2   0  -3   0  -1    7   2   2   2   2   9   1   5  27   1   5   6   0   0   2  16   5   0   3   4  0.39 0.24
   35 A     0  -1   0  -1   0   0  -1   1  -2   1   0   2   2   1  -2  -1   0  -2   0   0    5   0   4   3   2   6   1  12   0  13   5  17   9   6   0   3   6   0   3   5  0.08 0.12
   36 C    -2  -3  -4  -5  10  -4  -4  -5   4  -4  -4  -3  -4  -1  -5  -3  -2  -4   0  -4    2   1   0   0  71   0   1   1   9   0   1   1   0   3   0   1   2   0   3   0  2.39 0.72
   37 N    -1  -2   6   0  -4  -1  -1   0  -2  -3  -4  -1  -3  -1  -3   3   0  -4  -2  -2    5   1  43   3   0   1   3   7   0   1   1   3   0   3   0  22   3   0   1   2  0.69 0.36
   38 T    -1   0   3   0  -4   3   0   1  -2  -3  -4  -1  -3  -3   3  -1   2   0  -3  -3    2   5  16   3   0  14   5  10   0   1   0   2   0   1  17   3  19   1   0   1  0.42 0.27
   39 Q    -1   1   3   0  -3   2   0   2  -2  -2  -2   1   0  -2  -3   0   1  -3  -3  -2    3   7  16   5   0  11   4  18   0   1   4   7   3   2   0   7  10   0   0   2  0.23 0.17
   40 K    -1   1   4   0  -3   0   0  -3  -2  -3  -2   3  -3  -1  -1   1   2  -4   0  -2    3   5  24   3   0   3   6   0   0   0   3  20   0   3   2  10  13   0   3   1  0.34 0.24
   41 I    -2  -3  -2  -4  -4  -3  -2  -4  -2   2  -1  -1   1   5  -4  -2   0  -2   5   2    2   0   2   0   0   0   3   0   0  10   2   4   4  31   0   1   5   0  20  15  0.65 0.33
   42 P    -1   0   1  -2  -3  -1   0  -3   0  -3  -3   2  -1   0   1   3   3  -4  -3  -2    4   4   6   0   0   1   5   0   3   1   0  12   1   4   7  25  25   0   0   1  0.38 0.28
   43 S     0   1   1   0  -3   0   0   1  -1  -4  -3  -1  -3  -2   5   2  -1  -4  -3  -2    6   7   6   6   0   3   5   9   1   0   2   3   0   2  27  18   3   0   0   2  0.45 0.24
   44 G    -1  -1   5   1  -4   1   0   3   0  -5  -5   0  -4  -3  -2   0   0   0  -3  -4    4   2  32   5   0   5   7  21   2   0   0   5   0   1   1   7   5   2   0   0  0.53 0.30
   45 S     0  -3   1   1  -4  -2   1   2  -3  -4  -5  -1  -4  -5  -3   4   3  -5  -4  -4    6   0   5   6   0   0   7  14   0   0   0   3   0   0   0  42  17   0   0   0  0.64 0.39
   46 P     0  -1  -2  -3  -3   0  -1  -1  -3  -2   0  -1   0  -3   3   2   3   0  -3  -1    8   2   1   0   0   3   2   4   0   1  13   3   2   0  14  18  24   2   0   3  0.32 0.25
   47 F    -5  -5  -2  -6  -5  -5  -5  -5   0  -3  -3  -5  -3   7  -6  -5  -4   3   7  -1    0   0   2   0   0   0   0   0   1   0   0   0   0  41   0   0   0   4  45   4  1.84 0.65
   48 N    -1   0   3   2  -4   0   2  -1   0  -3  -3   1  -2   0  -3   1  -2  -3   0  -1    3   3  21  12   0   4  15   2   2   0   2   7   1   4   0  13   0   0   3   6  0.29 0.21
   49 R    -1   2   1  -2  -4   2   0  -2  -2  -3  -2   4  -3  -4  -1   1   2  -4  -3  -2    3  11   8   0   0   9   5   1   0   1   3  29   0   0   3  12  14   0   0   3  0.40 0.28
   50 N    -2  -3   7  -2  -5  -2   0  -2  -2  -5  -3   1  -2  -5  -4   1   0  -5   0  -5    3   0  58   0   0   0   5   1   0   0   3  10   1   0   0   9   5   0   4   0  1.08 0.52
   51 L    -3   3  -4  -4  -4  -2  -4  -5  -4   1   3  -2   1   1  -2  -3   2   1   0  -1    0  20   0   0   0   1   0   0   0   7  39   0   3   4   2   0  17   2   3   1  0.52 0.35
   52 R    -2   4   2   1  -4   2   1  -1   0  -3  -3   1   0  -4   0   1  -1  -4  -3  -1    0  25  11   9   0  11   6   5   2   1   2   7   2   0   5  10   1   0   0   4  0.34 0.24
   53 A     3   0   0   1  -3   0  -1  -1  -3  -1  -1  -2  -2  -3  -3   1   3  -4  -1  -2   27   5   3   9   0   5   1   4   0   4   8   0   0   0   0  11  20   0   2   0  0.27 0.25
   54 M    -2  -4  -2  -5  -3  -4  -4  -3  -4   2   4  -4   3   3  -4  -4  -1  -3  -2   1    3   0   3   0   0   0   0   2   0  11  47   0   8  16   0   0   3   0   0   7  0.65 0.33
   55 L    -2  -4  -5  -5  -3  -4  -2  -5  -4   2   5  -4   3   0  -5  -3  -3  -4  -1   1    2   0   0   0   0   0   3   0   0   9  63   0   7   3   0   1   0   0   2   7  0.86 0.40
   56 A     1  -1  -1   2  -3   1   2   0   1  -2  -3  -1  -2  -3  -2   2   1  -3   1  -1   10   3   0  11   0   6  13   5   4   2   2   1   0   0   1  22  10   0   7   3  0.23 0.21
   57 D     0   1   1   1  -3   1   1  -2  -2  -3  -3   1  -3  -2  -3   3   2  -4  -3  -2    7   6   7   9   0   5   8   1   0   0   2  11   0   2   0  29  11   0   0   2  0.33 0.25
   58 L    -2  -4  -5  -6  -4  -4  -5  -6  -5   2   5  -5   2   1  -5  -4   0  -4  -3   0    3   0   0   0   0   0   0   0   0  13  64   0   5   5   0   0   6   0   0   5  0.95 0.43
   59 R     1   2  -2  -2  -3  -1   0  -1   1   0  -3   2  -1  -4   1   2   0  -4  -3   0   15  12   0   1   0   0   5   3   4   6   0  16   1   0   6  20   3   0   0   8  0.24 0.22
   60 Q     0  -2   2   0  -3   0   0   1  -1  -2  -1  -1  -2  -3  -1   3   1  -4  -1  -2    7   0  11   5   0   4   6   9   1   1   6   2   0   0   3  32   7   0   2   2  0.27 0.23
   61 N    -2   1   3   0  -4   2   1  -2   0  -2  -1   3   0  -4  -2   1  -1  -4  -1  -3    0   6  18   5   0  10   6   2   1   2   7  24   2   0   1   9   3   0   2   0  0.33 0.24
   62 T     3  -3   1  -1  -3  -2  -1  -2  -1  -2  -1  -1   0  -4  -1   2   2  -4  -3   1   30   0   6   3   0   0   2   1   1   0   4   2   3   0   3  20  13   0   0  13  0.34 0.28
   63 A     2  -1  -1   1  -3   0  -1  -2  -3  -2  -2   0  -3  -3   0   4   2  -4  -3  -1   17   3   2   7   0   3   2   2   0   1   3   4   0   1   4  35  14   0   0   3  0.38 0.28
   64 F     0   1   1   0  -3   0  -2  -1   0  -1   0   0  -1   2  -3   2   0   1   1   0    5   9   7   4   0   3   0   3   3   1   9   5   0   9   0  22   4   2   6   8  0.11 0.15
   65 S    -1   1   0  -1  -3  -1   0   0  -2  -1  -2   1  -2  -2   0   2   1  -3   2   0    2   7   5   1   0   1   5   7   0   4   4  11   0   1   3  22  12   0   8   7  0.15 0.17
   66 G    -2   1   1   1  -4  -1  -1   3   1  -4  -2   1  -3  -4   0   1   1  -4  -3  -3    0   7   7  10   0   1   1  29   3   0   5   9   0   0   4  14   9   0   1   0  0.35 0.23
   67 Y    -1   0   1  -2  -4  -3  -3  -2  -2  -3  -1   1  -1   4  -1  -1   0  -1   6  -2    4   5   7   2   0   0   0   3   0   0   4   8   2  20   3   3   6   0  32   1  0.57 0.31
   68 D     0   0   1   1  -3  -2  -1   2   0  -2  -1   0   1   1  -3   0  -1  -2   3  -1    5   5   9   9   0   0   1  17   2   0   7   7   6   6   0   4   3   0  14   4  0.15 0.14
   69 Y    -2  -1   2  -2  -3  -3  -3  -3  -2  -1   0   0   1   4  -4  -1  -1  -1   5   0    2   3  10   2   0   0   0   1   0   1  10   6   4  19   0   4   3   0  27   6  0.47 0.26
   70 K     1  -1   0  -3  -3   1  -2   0   0  -3  -2   1   0   1  -3   0   0   1   5  -1   17   2   4   0   0   6   0   6   1   0   3  13   3   4   0   5   8   2  23   3  0.28 0.22
   71 T     3  -3   2  -2  -3  -1  -2  -2  -2  -1  -1  -2   0  -2  -3   2   3  -3   1   0   26   0  12   0   0   1   0   2   0   2   5   0   2   1   0  13  23   0   6   6  0.34 0.25
   72 S     2  -2   0   1  -2   0   0   0  -2   0  -1  -2  -2   0  -2   1   2  -3   0   0   23   0   3   7   0   3   7   6   0   5   6   0   0   4   1  13  13   0   3   6  0.14 0.14
   73 R     0   1  -1  -1  -3   0  -1   3   1  -3  -2   0   0  -2  -3   1   1  -4  -3   0    6   9   1   2   0   3   4  29   4   0   2   5   3   2   0  14   8   0   0   8  0.26 0.18
   74 A     2  -2  -2   0  -2  -1   2   0  -3   0   0   0  -1  -3  -2   1   1  -4  -3   1   19   0   0   4   0   0  15   6   0   4   9   6   0   0   0  11  11   0   0  13  0.16 0.16
   75 G     0  -2   1   0  -3  -2   0   4   0  -2  -2   1   0  -4  -3   1  -1  -4  -3  -2    9   0   8   3   0   0   7  38   2   3   3  10   3   0   0   9   2   0   0   2  0.42 0.23
   76 S    -1   1  -2  -1  -3   1   0  -1  -2  -3  -1   0  -1   1   2   2   1  -3   1  -2    2   9   0   1   0   7   7   5   0   0   6   6   1   7  10  25   7   0   5   2  0.20 0.17
   77 G     0  -2   1   1  -2   0  -1   1  -1   0   0  -1  -1  -1  -1   0   2  -3  -2   0    7   1   6  11   0   3   3  13   1   5  12   2   0   2   2   7  18   0   0   8  0.10 0.09
   78 G     0  -2   1   0  -3  -1   0   3  -2  -3  -2  -1  -2  -3   4   0   0  -3  -1  -1    6   1   7   4   0   2   7  26   0   1   3   4   0   0  20   5   5   0   2   6  0.38 0.18
   79 A     0  -1   0  -1  -2   0  -1  -1  -2   0  -1   1  -1   2   0   1   2  -2   0   0    6   2   4   1   0   3   4   4   0   5   3   9   0  12   4  14  20   0   3   5  0.12 0.11
   80 P    -1   0  -1   3  -1   1   1  -3   0  -3  -2   2   0  -3   3   0   0  -4  -3  -1    2   4   1  21   2   8   6   1   2   0   5  13   2   0  16   5   7   0   0   4  0.33 0.19
   81 T     0   3   1   1  -3   0  -1  -2  -2  -2  -3   2   0  -4  -1   0   3  -4  -3  -1    6  18   9   7   0   2   2   1   0   1   1  16   3   0   2   5  25   0   0   3  0.35 0.24
   82 A     0  -4  -4  -5  -3  -4  -4  -5  -4   3   2  -4   2   0  -4  -3  -1  -4  -3   5    6   0   0   0   0   0   0   0   0  19  16   0   4   3   0   0   2   0   0  48  0.76 0.34
   83 Y    -4  -2  -1  -5  -5  -4  -2  -5   2  -2  -4  -4  -4   2  -5  -1   0  -1   8  -2    0   2   3   0   0   0   2   0   4   2   0   0   0   7   0   4   7   0  66   2  1.65 0.59
   84 G     4  -4  -3  -4  -3  -3  -3   5  -4  -2  -4  -3   1  -4  -3  -1  -2  -4  -4   0   39   0   0   0   0   0   0  42   0   2   0   0   4   0   0   3   1   0   0   8  0.88 0.39
   85 R    -3   0  -4  -5  -3  -3  -4  -5  -4   1   4  -4   6   0  -4  -2  -1   1  -1  -1    0   5   0   0   0   0   0   0   0   6  42   0  30   3   0   4   3   2   2   2  0.86 0.40
   86 A     1  -4  -4  -4  -3  -3  -4   1  -3   0   0  -4   4   4  -4  -2  -2  -2   2   2   16   0   0   0   0   0   0  10   0   2   5   0  14  22   0   2   0   0   7  21  0.48 0.29
   87 T    -4  -3  -2  -4  -5   7  -1  -5   0  -1   2  -2   0  -5  -5  -3  -2  -5  -4  -2    0   0   1   0   0  64   2   0   2   4  21   0   2   0   0   0   2   0   0   2  1.35 0.61
   88 C    -4  -8  -7  -8  12  -7  -8  -7  -7  -5  -5  -7  -6  -7  -7  -5  -5  -6  -7  -5    0   0   0   0 100   0   0   0   0   0   0   0   0   0   0   0   0   0   0   0  4.13 1.06
   89 K    -1   5   0  -4  -4  -2  -3  -4   0   1  -3   0  -1  -4  -4  -1   4  -5  -1  -1    5  38   4   0   0   0   0   0   2   9   0   5   1   0   0   1  29   0   2   4  0.71 0.39
   90 Q    -2   0  -2   0  -5   1  -1   4  -3  -3  -3   2  -4  -5   4  -1  -3  -5  -4  -3    0   6   0   4   0   7   4  35   0   1   2  13   0   0  23   4   0   0   0   1  0.69 0.33
   91 S    -5  -5   0   8  -6  -4  -2   0  -1  -6  -7  -4  -6  -7  -5  -1  -4  -7  -6  -4    0   0   2  84   0   0   0   7   1   0   0   0   0   0   0   4   0   0   0   2  2.01 0.69
   92 I    -1  -4  -4  -5  -3  -4  -4  -5  -4   3   4  -4  -1  -2  -4   0   0  -4   0   2    3   0   0   0   0   0   0   0   0  20  47   0   0   0   0   9   4   0   3  13  0.66 0.33
   93 S    -1  -1   2   0  -4  -1   0  -3  -3  -3  -3  -2  -3   0   0   5   1   1   0  -2    1   2  11   5   0   1   5   0   0   1   2   1   0   4   4  48   6   2   4   2  0.51 0.34
   94 Q    -1   0   1  -2  -3   1   0   0  -1  -2  -1   0  -1  -1   4   2   0  -4  -3  -1    2   5   6   0   0   6   7   8   1   2   6   6   2   3  20  20   3   0   0   4  0.28 0.18
   95 S     0   0   0   0  -3   1   2   0  -1  -3  -2   1  -2  -4  -1   2   2  -4  -3  -2    5   3   4   5   0   8  14   6   1   0   2   9   0   0   3  23  15   0   0   2  0.28 0.19
   96 D    -1  -2   2   5  -3  -1   0  -3  -1  -1  -2   0   0  -4  -3   0   0  -4  -3   1    5   0  10  35   0   2   5   0   2   2   2   7   4   0   0   8   6   0   0  12  0.43 0.25
   97 C    -4  -8  -7  -8  12  -7  -8  -7  -7  -5  -5  -7  -5  -6  -7  -3  -5  -6  -7  -5    0   0   0   0  99   0   0   0   0   0   0   0   0   0   0   1   0   0   0   0  4.04 1.05
   98 T     0   3   2   0  -3   0   1  -3   2  -3  -3   2  -3  -2  -3   2   0  -3   1  -2    5  17  11   3   0   3   7   0   5   1   2  13   0   1   0  19   6   0   5   3  0.29 0.20
   99 A     0   1   2   2  -3  -1   0  -2   0  -1   0   0  -2  -2  -3   1   1  -4  -1   0    9   8  13  12   0   1   5   1   2   2   9   6   0   2   0  14   9   0   1   7  0.14 0.13
  100 C    -4  -8  -7  -8  12  -7  -8  -7  -7  -5  -5  -7  -6  -7  -7  -5  -5  -6  -7  -5    0   0   0   0 100   0   0   0   0   0   0   0   0   0   0   0   0   0   0   0  4.13 1.06
  101 L    -3  -5  -5  -6  -3  -4  -5  -6  -5   2   4  -5   0   2  -5  -4  -3   1   1   4    0   0   0   0   0   0   0   0   0   8  47   0   1   9   0   0   0   2   4  29  0.86 0.38
  102 S     2   0   0   0  -3   2   2   0   0  -2  -3   1  -2  -4  -3   2   0  -4  -3  -1   21   5   5   5   0  12  12   5   3   1   0   8   0   0   0  15   4   0   0   4  0.27 0.20
  103 N    -1   2   1   0  -4   2   1  -2   0  -1  -2  -1  -2   2  -3   0   1   5  -1  -2    5  12   8   4   0  11   8   1   2   3   2   2   0  10   0   7  12  11   1   2  0.28 0.20
  104 L     4  -4  -1  -4   2  -3  -3   0  -4   2   0  -3  -2  -3  -3   2  -1  -4  -4  -1   41   0   2   0   5   0   0   5   0  16  10   0   0   0   0  16   3   0   0   2  0.49 0.32
  105 V     0   1  -3  -4  -3  -3  -3  -2  -3   2   0  -2   1   2   0  -1   1  -3  -2   3    9  11   0   0   0   0   0   3   0  17   4   2   3   9   4   5   8   0   0  26  0.25 0.20
  106 N     1   0   1   0  -2   0   0   0  -2   0   0   1   0  -2  -2   0   1  -3  -1   0   12   6  10   6   0   3   6   6   0   6   9  10   1   0   1   6  10   0   1   8  0.07 0.07
  107 R    -2   2   1   2  -4   1   3   0  -2  -2  -1   2   1  -3  -3  -1  -2  -4   0  -3    0  11   6  12   0   6  26   8   0   2   7  12   4   0   0   2   1   0   4   0  0.34 0.23
  108 I    -1  -4  -2  -4  -3  -3  -3  -4  -3   3   3  -4   0   2  -4  -1   0  -2   3   1    3   0   2   0   0   0   1   0   0  19  32   0   1   9   0   6   6   0  11  10  0.42 0.24
  109 F    -1   2  -2  -1  -4   1  -1  -1  -2  -2   0  -1  -2  -1   4   1   0   2  -1  -2    3  14   0   4   0   8   3   4   0   1  10   2   0   4  22  14   5   3   2   1  0.32 0.21
  110 S    -2   3   0   0  -4   2   1   0  -2  -3  -3   4  -3  -4  -2   2   1  -4  -3  -3    1  14   2   3   0   9  10   5   0   1   1  27   0   0   1  15  10   0   1   1  0.42 0.26
  111 I    -3   2   1  -2   8   1  -4  -4  -4   0   0  -1  -1  -4  -4  -1  -2   0  -4  -2    0  15   7   2  41   6   0   0   0   7   9   3   2   0   0   4   1   2   0   1  0.98 0.42
  112 C    -4  -7  -3  -7  11  -7  -7  -6  -6  -5  -2  -7  -5   0  -7  -5  -5  -6   0  -3    0   0   1   0  87   0   0   0   0   0   4   0   0   4   0   0   0   0   3   1  3.28 0.91
  113 N    -1   1   0   2  -4  -2  -1   0   1  -4  -3  -1  -1  -3   5   0   0   3  -3  -4    2   8   3  13   0   1   4   9   4   0   2   2   1   1  34   6   5   4   0   0  0.64 0.30
  114 N    -2   1   4  -2  -4  -1  -2   4  -2  -3  -2   0   0  -1  -3   0  -2  -3   0  -3    2   7  23   1   0   3   0  38   0   1   5   4   2   3   0   5   0   0   4   1  0.53 0.28
  115 A     0   2   1  -1  -4   3   0  -2   2  -2  -3   3  -2  -3  -3   0   0  -4   1  -1   10  10   6   2   0  16   4   1   7   2   0  23   0   0   0   7   4   0   5   5  0.33 0.23
  116 I    -2   2  -1  -2  -1   4  -1  -4  -2   1  -2   3  -1  -4  -3  -1   2  -4  -1  -1    0  12   2   1   1  23   1   0   0  10   1  22   1   0   0   4  14   0   2   4  0.45 0.29
  117 G     0  -2  -3   0  -5  -3   2   6  -4  -5  -5  -2  -5  -5  -4   0  -1  -5  -5  -3    6   1   0   5   0   0  16  59   0   0   0   1   0   0   0   6   4   0   0   2  1.03 0.43
  118 A     4  -4  -3  -4  -4  -4  -4   5  -4  -4  -3  -4  -4  -3  -4   1  -3  -5  -4  -1   39   0   0   0   0   0   0  45   0   0   3   0   0   1   0   8   0   0   0   4  1.00 0.44
  119 R    -1   5  -3  -4  -4  -1  -2  -2  -3   2  -1  -1  -1   1  -4  -1  -1   2   2   0    4  38   0   0   0   2   1   3   0  15   5   0   1   6   0   3   2   3  10   7  0.48 0.30
  120 V    -2  -5  -5  -3  -3  -4  -5  -5  -1   4   0  -4   1   2  -5  -2  -2   3  -1   4    1   0   0   1   0   0   0   0   1  31   6   0   2  10   0   2   2   4   1  38  0.77 0.36
  121 Q    -2  -2  -4  -4  -1   2  -3  -5   3  -1   1  -3   1   3  -5  -1  -2   7   4  -1    2   2   0   0   1  14   0   0   7   3  16   0   3  14   0   4   1  16  14   3  0.68 0.33
  122 L    -1   2   0  -2  -4  -2  -3   1  -2  -3   2  -2  -1   0  -4   1  -1  -2   5  -3    3  15   4   2   0   0   0  10   0   0  21   1   1   3   0  16   3   0  23   0  0.37 0.28
  123 V    -1  -2  -1   4  -4  -2   1  -2  -3  -3  -3  -3  -2  -4   4   0   3  -5  -4  -2    3   2   1  29   0   0   9   2   0   1   1   0   1   1  22   4  22   0   0   3  0.69 0.35
  124 D    -2  -1   0   1  -4   2   1   2  -1  -2  -2  -1  -3  -1  -3   4  -1  -4  -3  -4    0   2   3   7   0  11  11  16   2   2   3   2   0   3   0  36   2   0   0   0  0.43 0.30
  125 C    -4  -8  -7  -8  12  -7  -8  -7  -7  -5  -5  -7  -6  -7  -7  -5  -5  -6  -7  -5    0   0   0   0 100   0   0   0   0   0   0   0   0   0   0   0   0   0   0   0  4.13 1.06
  126 F    -2  -4   3  -3  -4  -2  -4  -4   0   0   0  -4   4   5  -5  -2  -1  -2   3  -1    1   0  15   1   0   1   0   0   2   5   9   0  13  29   0   3   4   0  12   4  0.60 0.33
  127 I    -2  -4  -5  -5  -3  -4  -5  -5  -4   2   3  -5   2   5  -5  -4  -3  -3   0   2    2   0   0   0   0   0   0   0   0  13  34   0   5  26   0   0   0   0   3  18  0.81 0.35
  128 Q    -3   8  -3  -4  -6   1   0  -4  -3  -3  -3   0  -4  -6  -5  -4  -4  -6  -5  -5    1  79   0   0   0   5   6   1   0   2   3   3   0   0   0   0   0   0   0   0  1.75 0.64
  129 Y    -1  -5  -6  -6  -5  -5  -5  -6  -2   0  -4  -5  -4   3  -6  -5  -5   7   8  -4    5   0   0   0   0   0   0   0   0   5   0   0   0  10   0   0   0  15  65   0  2.13 0.71
  130 E    -1  -3  -2   3  -5  -1   5  -4  -3  -5  -5  -2  -5  -6  -4   4  -2  -6  -5  -5    3   0   0  18   0   2  41   0   0   0   0   0   0   0   0  36   0   0   0   0  1.09 0.50
  131 Q    -3  -3   4   2  -4   1  -2  -3   0  -1   2  -2  -2  -1  -1   1   0  -4  -3  -1    0   0  23  12   0   6   0   0   2   2  30   0   0   2   3  10   6   0   0   3  0.36 0.27
  132 R    -3   2  -1  -2  -5   0  -2  -5   0  -2  -3   1  -3   1  -5   0  -2   3   7  -1    0  11   4   2   0   3   1   0   2   3   0   8   0   4   0   7   2   4  45   4  0.88 0.41
  133 S    -1   0   2   0  -4  -3  -1  -1  -3  -5  -4  -2  -4  -1   5   3   0  -5  -4  -4    3   6  13   6   0   0   2   4   0   0   1   0   0   3  34  25   4   0   0   0  0.79 0.37
  134 F    -6  -6  -7  -7  -6  -7  -7  -7  -5  -4  -3  -7  -3   9  -7  -6  -6  -2   2  -4    0   0   0   0   0   0   0   0   0   0   0   0   0  96   0   0   0   0   4   0  2.87 0.82

                      K         Lambda
Standard Ungapped    0.1291     0.3229
Standard Gapped      0.0376     0.2670
PSI Ungapped         0.1228     0.3175
PSI Gapped           0.0376     0.2670
