
Last position-specific scoring matrix computed, weighted observed percentages rounded down, information per position, and relative weight of gapless real matches to pseudocounts
            A   R   N   D   C   Q   E   G   H   I   L   K   M   F   P   S   T   W   Y   V   A   R   N   D   C   Q   E   G   H   I   L   K   M   F   P   S   T   W   Y   V
    1 M    -2  -2  -3  -4  -2  -1  -3  -3  -2   1   2  -2   8  -1  -3  -2  -1  -2  -2   0    0   0   0   0   0   0   0   0   0   0   0   0 100   0   0   0   0   0   0   0  0.87 0.13
    2 K    -2   5   0  -2  -4   0   0   0   2  -4  -3   3   1  -3  -3  -1  -2  -4  -2  -3    0  47   5   0   0   0   4  10   7   0   0  22   5   0   0   0   0   0   0   0  0.59 0.16
    3 C    -2  -4  -4  -4   9  -3   0  -4  -4  -2   0  -4  -2   3  -4  -2  -2  -3  -2  -2    0   0   0   0  67   0   8   0   0   0  10   0   0  15   0   0   0   0   0   0  1.45 0.27
    4 S     0   2   1  -2  -2   1  -1  -2  -1  -1  -2   0   1   0   2   2   1  -3  -2  -1    8  20   7   0   0   8   0   0   0   6   0   0   8   5  10  19  10   0   0   0  0.20 0.09
    5 T     1  -3  -2  -2  -2  -2  -2  -2  -3  -2  -1  -2  -2  -3   6   2   3  -4  -3  -2    9   0   0   0   0   0   0   0   0   0   7   0   0   0  42  15  27   0   0   0  0.85 0.18
    6 F    -2  -3  -2  -1  -3  -3  -3   3  -3   0   0  -3  -1   5  -3  -1  -2   6   0  -2    0   0   0   4   0   0   0  28   0   7   7   0   0  34   0   4   0  15   0   0  0.58 0.16
    7 S     0  -1   0   2   2   1   2  -1   1  -2  -2   1  -2  -3  -2   2   0  -3  -2  -2    4   0   0  15   5   3  22   3   5   3   4   8   0   0   0  19   6   0   0   0  0.23 0.09
    8 F     1  -1  -2  -2   3  -1   0  -2  -2  -1   1  -2  -1   3   1   1   0  -2  -1  -1   18   3   0   0  10   0   7   0   0   0  15   0   0  20   6  13   4   0   0   0  0.17 0.10
    9 W    -1  -4  -4  -4   8  -3  -4  -3  -3   0  -1  -4  -2   1  -4  -2  -2   7   0   0    3   0   0   0  46   0   1   1   0   7   4   0   0   7   0   1   0  18   3   6  1.16 0.25
   10 F    -3  -1  -4  -4  -3  -3  -4  -4  -3   1   1  -3  -1   2  -4  -2  -3  10   1  -2    1   5   0   0   0   0   0   1   0  11  16   0   0   7   0   4   0  49   4   0  1.43 0.29
   11 V    -1  -1  -3  -3  -3   0  -2  -3  -3   0  -1  -2  -2   0   6  -1   0  -4  -2   1    2   4   0   0   0   6   0   0   0   7   6   0   0   4  46   2   4   0   0  16  0.78 0.20
   12 C    -1  -2   1  -1   3  -2  -2   0  -2  -1   1  -1  -1   0  -3   3   1  -3  -2  -2    0   0   6   2   8   0   0   5   0   4  21   3   0   3   0  41   6   0   0   0  0.27 0.17
   13 K     0  -2  -2  -1  -2  -1   0  -3  -2   1   2   0   1   0   0   1   2  -3  -2   1    4   0   0   2   0   2   7   0   0   8  24   5   2   4   5  12  15   0   0  10  0.11 0.08
   14 I     0  -1  -1  -2  -2   0   0  -1   1   1   2  -1   0   0  -3  -1  -1  -3  -1   1    8   2   2   0   0   6  10   6   5  10  29   0   0   5   0   4   2   0   0  10  0.08 0.08
   15 I     0  -1  -2   2  -2   0   0  -1  -2   2   1  -2   0   0  -3   0  -1  -2   0   1    7   3   0  14   0   4   6   6   0  17  20   0   0   3   0   7   0   0   5   9  0.08 0.08
   16 F    -3  -4  -4  -5  -1  -4  -4  -4   1   1   0  -4  -2   4  -5  -4  -3   9   2   1    0   0   0   0   2   0   0   0   4   9   5   0   0  22   0   0   0  40   4  13  1.38 0.32
   17 F     0  -1   3   0   1   0   0  -2   1  -1  -1   0  -1   2  -2   2   1  -2   0  -1    7   0  18   4   4   6   3   0   4   2   4   5   0  13   0  19   7   0   2   2  0.15 0.10
   18 F     1   0  -2  -1   2  -2  -1  -2   0   0   1  -1   0   2  -2   1   0  -2  -1   1   14   6   0   3   5   0   2   0   2   2  18   3   0  14   0  12   3   0   0  14  0.09 0.08
   19 F    -1  -3  -2  -3  -3  -3  -1  -4  -2   0   3  -2   2   5  -3  -3  -1  -1   2  -1    3   0   2   0   0   0   6   0   0   4  32   2   5  36   0   0   3   0   4   0  0.49 0.19
   20 S    -2  -2   5  -1  -1  -1  -1  -2   2   0   0  -2  -2  -3  -3   2   2   0  -2  -2    1   0  38   0   2   0   2   0   5   5   9   0   0   0   0  20  13   2   0   0  0.44 0.20
   21 F     0   0   1  -2  -2   0  -1  -2  -2   0   1   1   0   0  -2   1   1   0  -1   1    4   6   9   0   0   3   3   0   0   5  17   9   0   4   0  10  11   1   2  14  0.07 0.07
   22 N     0  -2   1  -2  -2  -1  -2   0  -1  -2  -1  -2  -2  -3  -1   3   4  -3  -3  -2    5   0   8   0   0   2   0   6   1   0   8   0   0   0   2  32  33   0   0   0  0.42 0.20
   23 I    -1  -3  -3  -4  -2  -3  -3  -4  -3   4   2  -2   2  -1  -1  -1   1  -3  -2   3    4   0   0   0   0   0   0   0   0  33  19   1   6   0   3   4   8   0   0  20  0.39 0.17
   24 Q     0  -2   0   1   2   2   0   1   2  -3  -2  -1  -2   0   1   2   1  -3  -2  -2    2   0   2   7   5  11   6  12   6   0   2   0   0   5   6  25   9   0   0   2  0.21 0.13
   25 T     0  -2  -1  -2  -3  -1  -2   3  -3  -1   0  -1  -1  -1   1   1   1  -3  -3  -1    5   1   1   0   0   3   0  32   0   3  16   4   0   2   8  12  12   0   0   2  0.27 0.14
   26 S     1   1   1  -2   0   0  -1  -2   3  -3  -3   0  -3  -3   0   4   0  -4  -1  -2   10  10   8   0   2   3   0   0   8   0   0   3   0   0   3  43   5   0   1   3  0.42 0.22
   27 I    -1  -3  -3  -1  -2  -1  -3  -3   0   2   3  -3   0   0  -1   1  -1   1  -2   2    1   0   0   4   0   3   0   0   3  11  39   0   0   3   3  15   0   2   0  15  0.27 0.17
   28 A     1  -2  -2  -2  -2  -1  -2  -1   0   2   0  -1  -1  -2   1   1   1  -3  -2   1   10   1   0   1   0   2   1   4   4  24   7   2   0   0   8  17   9   0   0  10  0.15 0.12
   29 N     1   1   2   1  -2   1  -1   0   0  -2  -3   1  -2  -3  -1   1   2  -4  -2  -1   13   8  12   7   0   7   0   4   3   0   0   8   0   0   3  11  20   0   0   4  0.23 0.13
   30 P    -2  -2  -1  -3   0  -2  -2  -3  -3   1   0   1  -2  -3   5   0   2  -4  -3   0    0   0   3   0   2   0   0   0   0  10  12  12   0   0  31   6  18   0   0   6  0.54 0.21
   31 R     0   2   0  -2  -3   2  -1  -3   2   0  -2   1  -1  -1   2   0  -1  -3   1   0    5  15   3   0   0  15   1   0   7   9   0  10   0   3  10   7   0   0   5   8  0.20 0.13
   32 E    -2   0   0   3  -4   0   4  -2  -2  -4  -4  -1  -4  -5   5   0  -1  -5  -4  -4    2   4   4  16   0   3  31   2   0   0   0   0   0   0  30   5   3   0   0   0  0.82 0.28
   33 N     1  -2   1   2  -2   1  -1  -2  -1  -1   1   0  -1  -2  -2   0   0  -3  -2   1   17   0   9  17   0  10   0   0   1   2  15   5   0   0   0   7   6   0   0  11  0.15 0.12
   34 F     2  -3  -3  -1  -3  -3  -1   0  -3   0  -1  -3  -2   5   2  -2  -2  -2   0   0   19   0   0   4   0   0   4   9   0   4   3   0   0  36  11   0   0   0   0   8  0.42 0.22
   35 L     0  -2   0  -1  -2   0   0  -3   0   1   2  -2   0  -1   0   1   1  -3  -1   1    8   0   4   2   0   5   5   0   3   9  26   0   0   0   4  11   8   0   2  13  0.10 0.10
   36 K     1   0   0  -2  -2   2   1  -2  -2  -1  -1   2  -1  -3   0   2   0  -3  -2   1   10   5   5   0   0  11   8   2   0   0   3  13   1   0   3  18   3   0   0  19  0.18 0.14
   37 C    -1  -5  -1  -1  10  -5  -5  -5  -5  -3  -2  -5  -4  -5  -5  -3  -3  -5  -5  -1    4   0   3   4  80   0   0   0   0   0   3   0   0   0   0   0   0   0   0   4  2.48 0.58
   38 F    -3  -3  -3  -4  -3  -3  -3  -4   5   0   4  -3   1   1  -4  -2  -1  -3   2   2    0   0   0   0   0   0   0   0  17   1  43   0   3   7   0   2   2   0   8  16  0.60 0.27
   39 S    -1   0   2   1  -3   0   0  -2   0  -3  -2   1  -2  -3   1   3   2  -4  -2  -2    0   4   9  10   0   4   5   1   2   0   2   9   0   0   8  28  14   0   1   3  0.30 0.18
   40 Q     0   2   2   1  -3   2   0   0   0  -2  -2   0  -1  -2   1   0   0  -3  -1  -1    7  13  13   6   0  10   6   7   2   0   3   1   2   2   7   7   6   0   1   6  0.15 0.09
   41 Y    -1   0   1   0  -3   1   0  -3   2  -2  -2   1   0   1   3  -1  -1  -2   2   0    4   4  10   3   0   5   4   0   6   0   2  10   3   6  15   4   2   0  10  11  0.19 0.12
   42 I    -1  -2  -2   0  -2  -1  -2   0  -2   0   1   0   1   2  -3   1   2  -2   0   1    0   0   0   6   0   1   0   7   0   5  13   7   5  11   0  11  14   0   4  13  0.11 0.12
   43 P     0  -2   2   1  -3  -1   0   1   1  -2  -2   1  -2  -1   3   0  -1  -3  -1  -1    9   0  11  11   0   0   5   9   3   2   3  10   0   2  16   8   2   0   1   6  0.22 0.12
   44 N     0  -2   3   0   0   0   0   1   3  -3  -3  -1  -3  -4   1   1   1  -4  -2  -2    7   0  22   5   2   3   7  11   9   1   1   3   0   0   6  12   8   0   0   3  0.28 0.16
   45 N    -1   0   3   2  -3   0   0   0  -2  -2  -2   0  -3  -3   2   1   1  -3   0  -2    2   6  18  15   0   3   3   7   0   2   2   4   0   0   9  13   9   0   5   1  0.27 0.15
   46 A     1  -1  -1  -1   1  -1  -1  -1  -1   0   1  -1  -1   0   3   1   0  -3  -2   0   12   4   2   4   4   2   4   5   1   3  16   0   0   6  15  10   4   0   0   9  0.12 0.09
   47 T     0  -1  -2   0   3  -2   0  -3  -3   2  -1   0  -1  -2   3   0   0   3  -2   0    7   4   1   5   9   0   5   0   0  17   4   6   0   0  14  10   7   5   0   5  0.21 0.14
   48 N    -1   0   3   1   2   1   0  -1  -2   1  -1  -1  -1  -2  -1   0   1  -3  -2   0    5   7  19   8   5   8   5   3   0  13   5   2   1   1   2   3  10   0   0   5  0.12 0.11
   49 L     1  -1   0   3  -3  -1   0  -1   1  -1  -1  -2  -1   0   2   0   0  -3  -1   0   15   2   3  24   0   2   2   3   4   2   5   0   2   4   9   8   6   0   2   8  0.17 0.12
   50 K     1  -1   1  -1  -2  -1  -1  -1  -2  -1   0   1  -1   0   0   2   0   0  -1   0   14   2   9   2   0   0   3   2   0   2  12   9   0   4   5  21   5   1   2   9  0.09 0.10
   51 L     0  -2   0   0  -2  -1   0  -1  -2   1   0   0   0   1  -2   1   1  -3  -1   2    6   0   6   4   0   0   8   4   0  13   5   6   3   9   0  10   8   0   1  17  0.07 0.09
   52 V     1  -1  -2  -3  -2  -2  -1  -3  -3   2   1  -1  -1   1   1   0   1   1  -2   1   13   4   0   0   0   0   2   0   0  17  12   3   0   7   7  10  10   2   0  11  0.13 0.11
   53 Y    -1   0  -1  -3  -3  -2  -2   0   3   0   1  -1   0   2  -2  -1  -1  -2   3   0    2   6   2   0   0   0   2   9  13   7  15   4   1  10   1   5   4   0  12   8  0.13 0.11
   54 T     1  -2  -1  -1  -3  -2  -1  -1  -3  -1  -2  -1  -1  -1   0   2   4   4  -1  -1   14   0   2   3   0   0   3   2   0   4   1   3   1   2   4  19  31   6   2   2  0.35 0.22
   55 Q    -1   2  -1   2  -4   2  -1  -3  -1  -3   0   0  -2  -3   4  -1  -1   1  -3  -2    4  12   2  16   0  14   1   0   2   0  13   3   0   0  20   4   3   2   0   3  0.38 0.21
   56 N    -1   0   3   3  -3   1   1   0   2  -3  -2  -1  -2  -3  -1   1   1  -4  -3  -3    3   5  14  17   0   8   7   7   5   0   5   2   0   0   2  12  12   0   0   0  0.28 0.17
   57 N     1  -3   2   4  -3  -1  -1  -2  -3  -3  -2  -1  -3  -4  -3   3   0  -5  -4  -1   13   0  11  30   0   2   1   2   0   0   4   3   0   0   0  23   4   0   0   6  0.47 0.27
   58 P     1  -1  -1   0  -3   1  -1  -1  -1  -2  -2  -1  -2  -4   3   2   2   1  -3  -1   10   3   1   4   0   6   3   2   2   2   2   2   0   0  18  23  15   3   0   5  0.35 0.21
   59 L     0  -2   1   2  -1  -2  -1   2   2   0  -1  -2  -1  -1  -3   2   1  -3   0   0    4   0   6  15   2   0   2  16   5   6   5   0   1   2   0  18   8   0   3   6  0.16 0.14
   60 Y    -3  -2  -4  -4  -4  -2  -4  -4   0  -2  -2  -4  -3   5   1  -2  -2   7   6  -2    1   3   0   0   0   2   0   1   2   1   2   0   0  28   8   2   2  15  28   3  1.07 0.38
   61 M     0   1   0   1  -2   0   2  -2  -2  -1   0   0   1   0  -1   1   1  -3  -2  -1    5   7   2   7   0   2  15   2   0   2  12   7   4   5   2  12  11   0   0   4  0.09 0.09
   62 S     1   0   0   2  -3  -1   1  -2  -2  -3  -2  -1  -2  -3   1   3   2  -4  -3  -2   11   7   2  11   0   2   8   1   0   0   4   2   0   0   6  29  15   0   0   1  0.32 0.20
   63 V     1   0  -1  -1  -2  -1  -1  -2  -2   1   0  -1  -1   1   1   1   0   0   0   2   11   5   1   2   0   2   3   2   0  10   6   1   0   7   7  16   4   1   2  18  0.09 0.10
   64 L    -1   0  -1   1  -2  -1  -1  -1  -1   1   2  -2   1   1  -1   0  -1  -2   0   0    4   7   2   9   0   2   2   4   1   6  33   1   3   8   2   7   1   0   3   4  0.11 0.11
   65 N    -1   2   2   2  -3   1   1   0   0  -2  -2   0   0  -1   0   1   0   0  -2  -1    2  13  10  14   0   7   8   6   2   2   1   1   4   3   4  11   4   2   0   5  0.16 0.12
   66 S     1   0   1   0  -2   0   1   1  -1  -1  -1   0  -1  -2  -1   2   0  -3  -2  -1   15   6   6   5   0   4   8  10   0   3   7   3   2   1   2  18   5   0   0   4  0.11 0.08
   67 T     1  -1   2  -2  -2   0  -2  -1   3  -2  -2  -1  -2  -1  -2   2   2  -2   3  -1   12   2  10   1   0   3   1   3   8   1   3   3   0   1   1  17  15   0  15   3  0.28 0.19
   68 I     1  -1  -1  -1   0   0  -1   0  -2   1  -1  -1   0   0   0   0   1  -2  -1   1   14   4   2   2   2   6   3   7   0  14   4   1   1   4   4   5  12   0   2  13  0.06 0.08
   69 H     0   0  -1   0  -3   3   0  -2   1  -2  -2   0  -2   2   1   0   1   1   1  -2    6   6   2   5   0  22   4   3   4   1   1   4   0  10   8   4  10   2   6   2  0.21 0.15
   70 N    -1  -1   6   1   3  -2  -2  -2  -2  -3  -2  -1  -3  -1  -2   0  -1  -4  -3  -3    5   2  51   8   8   1   1   1   0   1   5   2   0   3   2   6   2   0   0   1  0.82 0.34
   71 L     0   0  -1   0  -2   1  -1  -2  -1   0   1   1   0  -2   0   0   0   1   0   0    7   4   1   5   0   6   2   3   1   7  20  15   1   0   5   7   5   2   3   5  0.06 0.08
   72 R    -1   5   3   2  -4  -1  -1  -3   1  -2  -2  -1  -3  -3   1  -2  -1   1  -3  -1    4  34  16  12   0   2   2   1   3   2   5   1   0   0   7   1   3   2   0   5  0.46 0.26
   73 F    -5  -5  -6  -6  -1  -5  -6  -6   0  -2  -2  -6  -4   7  -4  -3  -5   9   4  -3    0   0   0   0   1   0   0   0   2   1   4   0   0  42   1   2   0  31  12   2  1.95 0.65
   74 T     1  -2   1   0  -3   0  -1   1   0  -1   0  -2   0   0   1   1   2  -4  -2  -2   10   0   9   6   0   4   3  13   2   2  10   0   3   4   6  14  15   0   0   0  0.16 0.16
   75 S     1   0   2  -1  -1   0  -1   1  -1  -1  -1   0  -1  -1   0   1   1  -3   0  -1   13   5  12   2   1   4   1  13   1   4   4   7   1   3   4   9  10   0   3   2  0.11 0.10
   76 D    -1   2  -1   0   0  -1   0  -1   0   0   0   0  -1  -1   1   0   1   1   1  -1    2  15   3   6   2   0   5   4   2   8   9   6   1   1   9   4  13   2   7   2  0.10 0.12
   77 T    -1   0   1  -1   0   1   1  -2   1  -1  -1  -1  -1   0  -2   1   2  -2   2   0    4   4   6   2   2   6  12   2   3   3   6   2   1   3   0  10  16   0  10   9  0.13 0.14
   78 T     0   1   0   0  -1   1   0  -2   0  -1  -1   0   0  -1   1   1   2  -3  -1   0    9  11   3   4   1   6   3   2   3   3   6   3   2   3   6  13  14   0   2   7  0.09 0.10
   79 P     0   0  -2  -1   3  -1  -2   1  -2  -3  -1  -1  -3  -3   5  -1  -1  -4  -2  -1    9   4   1   3   7   3   1  10   1   0   7   3   0   1  35   4   4   0   1   4  0.56 0.26
   80 K    -1   2   0  -2   3   1   0  -1   1  -1  -2   3  -2  -2  -2   0   2  -4  -2  -2    3  14   3   0   8   5   5   4   3   5   3  21   0   2   2   5  14   0   1   0  0.26 0.20
   81 P    -2  -6  -5  -5  -6  -3  -4  -6  -5  -4  -4  -5  -5  -4   8  -1  -2  -2   0  -1    2   0   0   0   0   1   1   0   0   1   2   0   0   1  76   4   2   1   4   6  2.12 0.77
   82 L     1  -1  -1   2  -3   0   0  -2  -2   0   1  -1  -1  -1  -2   1  -1  -3   0   0   14   3   2  14   0   4   7   2   0   4  21   3   0   1   1  11   2   0   4   7  0.12 0.15
   83 V     3  -3  -2  -4   1  -3  -4  -1  -3   1   1  -3  -1   1  -4  -1  -3   1   4   1   34   1   2   0   4   0   0   3   0   7  13   0   1   4   0   3   0   2  15  11  0.45 0.31
   84 I     0  -5  -5  -5  -3  -4  -5  -5  -5   5   1  -4  -2  -1  -5   0  -2  -4   1   4    9   0   0   0   0   0   0   0   0  32   9   0   0   2   0   6   2   0   6  34  0.77 0.40
   85 V     2  -5  -5  -5   0  -4  -5  -5  -5   3   2  -4  -1   2  -5  -4  -2  -4   1   4   16   0   0   0   2   0   0   0   0  16  16   0   1   8   0   0   1   0   4  36  0.70 0.38
   86 T     0   1   0  -1   0   1   0  -2   2  -1  -1   1   0   1  -3   0   1   3   1   0   11   8   4   4   2   7   4   1   6   2   6   9   2   7   0   4  10   5   4   6  0.09 0.11
   87 P     1  -6  -6  -6  -1  -5  -5  -6  -6  -5  -4  -5  -5  -7   8  -4  -2  -7  -6   1   11   0   0   0   1   0   0   0   0   0   1   0   0   0  74   0   2   0   0  10  2.22 0.84
   88 S     0   3   0  -2  -4   2   0  -1   1  -3  -3   2  -3  -4  -3   1   2  -4  -3  -1    9  18   4   1   0   8   6   5   3   1   2  14   0   0   0  11  14   0   0   5  0.32 0.24
   89 H    -2  -3   3   0   2  -1  -3  -1   1  -5  -4  -1  -4  -4  -4   4   4  -5  -3  -3    1   1  15   5   4   2   0   5   3   0   1   3   0   1   0  35  24   0   1   1  0.73 0.45
   90 V     0  -2  -2  -2  -3  -2   2  -4   1   0  -1  -1  -1  -3   1  -1   2  -1  -2   3    9   2   1   1   0   0  16   0   5   4   4   2   1   0   8   3  15   1   1  26  0.30 0.27
   91 S     1  -1  -1   3   0   1   4  -2  -1  -4  -4   0  -4  -4  -2   1   0  -5  -3  -4   13   2   1  16   2   7  27   3   2   0   1   6   0   1   1  13   5   0   1   0  0.46 0.31
   92 H    -3  -4  -3   5  -6   3   4  -3   5  -6  -6  -2  -5  -6  -4  -2  -4  -6  -4  -3    2   0   0  36   0  12  29   2  13   0   0   1   0   0   0   1   0   0   0   2  1.22 0.57
   93 I    -3  -6  -6  -6  -1  -5  -6  -6  -6   5   1  -5  -1  -2  -5  -4  -3  -5  -4   5    1   0   0   0   1   0   0   0   0  30  14   0   1   1   0   1   0   0   0  51  1.28 0.55
   94 Q     2   0  -3  -3  -4   5   0  -4  -2  -1  -3  -2  -3  -5  -3   2  -1  -5  -4   1   15   5   0   0   0  33   5   0   1   3   1   1   0   0   1  18   3   0   0  13  0.65 0.43
   95 G     3   2  -1   0  -3   2   2  -1   0  -4  -2   2  -3  -4  -3   1   0  -5  -4  -3   24  10   3   4   0   8  14   3   2   0   3  15   0   0   0   8   5   0   0   1  0.35 0.27
   96 T     3  -4  -4  -4  -1  -1  -4  -1  -4   3   2  -4  -2  -3  -4   0   1  -5  -4   1   28   0   0   0   1   2   0   3   0  22  19   0   0   0   0   5  11   0   0   9  0.50 0.34
   97 I    -2  -5  -6  -6  -4  -5  -6  -6  -6   3   3  -5   0  -2  -6  -4  -2  -1  -2   5    2   0   0   0   0   0   0   0   0  17  28   0   2   1   0   1   1   1   1  47  1.10 0.51
   98 L     1   4   1  -1  -4   1   0  -2  -1  -2  -2   4  -2  -5  -4  -1   0  -5  -4  -2   13  24   5   2   0   5   4   2   1   3   3  27   0   0   0   4   4   0   0   3  0.49 0.32
   99 C     0  -1  -4  -3   5  -1  -1  -3  -1   0   1  -3  -1   4  -4  -2  -1   4   2  -1    9   4   0   1  14   3   4   1   1   6  18   0   1  17   0   1   4   5   8   4  0.42 0.27
  100 S     6  -5  -5  -5   5  -4  -5  -1  -5  -3  -2  -4  -2  -5  -5   1  -1   1  -5  -3   63   0   0   0  12   0   0   3   0   1   3   0   1   0   0   9   3   2   0   1  1.22 0.61
  101 K     1   4   3  -2  -1   2  -2  -3   2  -3  -3   2   0  -4  -3   0  -1  -5   0  -2   11  21  16   1   2   8   1   0   5   1   1  14   3   0   1   7   3   0   3   2  0.42 0.30
  102 K     0   1  -1   1  -5   1   4  -1   0  -3  -2   3  -3  -3  -3   1  -1  -5  -4  -4    8   7   1   8   0   6  28   3   2   1   5  20   0   1   0   9   2   0   0   0  0.45 0.31
  103 V    -1   1   2  -1  -2   2   0  -2   5  -3   0   1  -2  -1  -2   0  -1  -4   1  -2    6   7  13   2   1   9   3   2  16   0  10  10   0   3   1   7   3   0   5   3  0.27 0.23
  104 G    -2   1   5   1  -1   0  -2   4  -1  -6  -6   2  -5  -6  -1   0  -2  -6  -5  -5    2   6  27   6   1   4   1  28   1   0   0  14   0   0   3   6   1   0   0   0  0.70 0.39
  105 L    -1   0  -3  -4   0  -3  -3  -3  -4   3   3   0   1   1  -4  -2  -1   0  -3   2    3   5   1   0   2   1   1   1   0  23  30   7   2   6   0   3   4   1   0  12  0.39 0.26
  106 Q     0   3  -2  -3   0   2  -2  -4   0  -4  -4   2  -2  -5   5  -1   1  -5  -3  -2    7  18   2   1   2   9   1   0   2   1   1  13   1   0  30   2   9   0   1   2  0.73 0.41
  107 I    -3  -5  -6  -6  -1  -5  -5  -3  -5   4   2  -5   0   3  -5  -3  -2  -4  -1   4    1   0   0   0   1   0   0   2   0  24  22   0   2  14   0   1   1   0   1  31  0.84 0.41
  108 R     1   3  -1  -4  -2  -2  -3  -2  -2   1  -1   0   1  -1  -4   0   2   1  -3   2   11  18   2   0   0   1   0   2   1   6   4   6   3   3   0   6  13   3   0  21  0.25 0.24
  109 T     1  -5  -5  -5  -4  -4  -5  -5  -5   4  -1  -4   1  -2   4  -3   2  -5  -4   3   13   0   0   0   0   0   0   0   0  23   4   0   3   1  22   0  12   0   0  22  0.78 0.43
  110 R    -2   5  -4  -4  -1   0  -3  -5  -4   1  -1   2   0   0  -5  -3   0  -1  -3   2    2  40   0   0   1   4   0   0   0  10   6  11   2   3   0   0   6   1   1  14  0.67 0.40
  111 S    -1  -2   3  -2  -5  -4  -4   5  -4  -5  -5  -4  -5  -5  -4   3   0  -5  -5  -5    4   1  13   1   0   0   0  46   0   0   0   0   0   0   0  27   5   0   0   0  1.08 0.52
  112 G     1  -1  -2  -4   0  -2  -4   5   1  -5  -5  -2  -4  -5  -4   1   2  -5  -5  -3   11   3   1   0   2   2   0  48   3   0   0   1   0   0   0  11  14   0   0   1  0.87 0.44
  113 G    -1   0   0  -5  -6  -3  -5   7  -5  -7  -7  -5  -6  -7  -6  -2  -3  -6  -6  -6    4   5   4   0   0   1   0  81   0   0   0   0   0   0   0   2   1   0   0   0  1.90 0.73
  114 H    -4  -4   0  -4  -2  -3  -4  -3  10  -5  -3  -4  -5  -5  -2   1   2  -5  -3  -5    1   0   4   0   1   0   0   2  64   0   2   0   0   0   2   9  12   0   0   0  2.08 0.78
  115 D     0  -4   2   4   0  -3  -2   2  -1  -5  -5  -3  -4  -5  -4   4  -1  -5  -4  -4    5   0   9  23   2   0   0  16   2   0   1   0   0   0   0  36   3   0   0   0  0.77 0.43
  116 S    -1  -3  -3  -4  -3  -3  -3  -1  -1   0   2  -3   0   1   2   0   0   1   4   0    5   0   1   0   0   0   0   4   1   6  24   0   3   6  12   7   5   2  17   6  0.35 0.24
  117 E     0   0   1   0  -1   0   2  -1   0  -1   0  -1   0  -1   0   1   0  -3   0   0    8   4  10   3   1   3  17   3   2   1  10   2   3   3   3   9   6   0   3   9  0.08 0.10
  118 G    -2  -3   2   0  -1  -2  -1   5  -3  -4  -2  -2  -3  -4  -2   0  -1  -4  -4  -3    1   1   9   5   2   1   3  55   0   1   5   3   0   1   2   6   4   0   0   2  0.83 0.36
  119 M    -1   2  -2  -3  -3   2  -2   0   0   0   2   0   1   1  -3  -2   0   2  -1   0    4  12   1   1   0  12   1   8   3   6  20   4   5   7   1   2   5   3   2   4  0.14 0.15
  120 S     2  -3  -2  -3   1  -3  -3   1  -1   0  -2  -3  -3  -4  -1   4   2  -4  -4  -1   14   0   1   0   3   0   0  10   1   7   4   0   0   0   2  39  11   0   0   5  0.50 0.35
  121 Y     0  -1  -2   1   1   0  -2  -3  -2  -1   0  -2   1   2  -2   1   1  -2   4  -1    7   4   1   8   3   4   2   1   0   2  10   0   4  11   1  10   9   0  18   4  0.23 0.20
  122 I     1  -2  -2   1   1  -2  -1   2  -3   1  -1  -2  -1  -3  -1   0   1  -4  -3   1   13   2   1  11   4   0   3  19   0   9   6   1   2   0   2   4  11   0   0  10  0.17 0.16
  123 S     1   1   0   0  -2  -1  -1   0  -3  -4  -3   0  -3  -4   4   2   0  -4  -1  -2   14  10   5   4   1   2   2   8   0   0   2   4   0   0  19  20   4   0   2   2  0.37 0.25
  124 Q     0  -1   0   1   2   0   1   2   0  -1  -1  -1   0  -1  -2   0   0  -3  -1   0    6   3   4   8   6   4  10  19   2   4   3   2   2   3   1   4   7   0   1  10  0.10 0.10
  125 V     0   0   0   1  -1   0   0  -1   1   0  -1   0  -1   0  -1   1   1   2  -1   0    7   5   3   7   1   4   7   3   3   7   5   5   0   5   2  13   9   4   2   8  0.05 0.07
  126 P    -2   0   2   3  -3  -1  -1   3  -1  -3  -1   0  -1  -2   3  -1  -2  -4  -3  -3    1   4   9  18   0   2   3  21   1   1   6   5   1   2  18   4   1   0   0   1  0.41 0.23
  127 F     0  -3  -1  -3  -4   0   0   5   1  -4  -4  -2  -3   2  -3   0  -2  -3  -3  -3    8   1   2   1   0   4   7  47   3   1   1   2   0  11   1   6   2   0   0   2  0.70 0.34
  128 V    -3  -3  -5  -5  -3  -4  -5  -5  -5   4   3  -4  -1   2  -5  -4  -2  -1  -1   4    1   1   0   0   0   0   0   0   0  29  24   0   0   8   0   0   1   1   2  29  0.84 0.39
  129 I    -2  -4  -3  -3   1   0  -2  -3  -4   2   2  -3   3  -1  -4   0  -1   2  -3   4    1   0   1   1   3   4   3   1   0  12  18   1   8   1   0   8   3   3   0  31  0.44 0.29
  130 V    -4  -5  -6  -6  -1  -5  -6  -6  -6   6   3  -5   1  -3  -6  -5  -2  -5  -4   3    0   0   0   0   1   0   0   0   0  43  29   0   2   0   0   0   2   0   0  22  1.20 0.52
  131 D    -2  -1   3   5   0  -2   0  -4   3  -2  -4  -2  -5  -5  -4   2  -3   3  -2  -4    3   3  16  40   2   1   4   0   8   2   1   1   0   0   0  14   0   4   1   1  0.88 0.46
  132 L    -4  -5  -5  -6  -2  -5  -5  -4   0  -1   4  -5   7  -1  -6  -4   3  -5  -4  -1    0   0   0   0   1   0   0   1   2   3  40   0  31   2   0   0  18   0   0   2  1.26 0.61
  133 R     0   3  -1   2  -4  -1   0  -1   3  -4  -2   1  -2  -2  -2   2   1  -4  -1  -2    9  18   1  12   0   2   4   3   9   0   3   7   1   2   1  17   8   0   1   2  0.30 0.24
  134 N    -1   3   4   0  -2   0  -1  -1   2  -4  -1   2  -3  -2  -1   0  -2  -4  -2  -4    4  18  22   4   1   4   3   5   6   0   8  13   0   2   3   5   1   0   1   0  0.36 0.26
  135 M    -5  -5  -2  -7  -5  -5  -6  -7  -2  -1   5  -5   7   3  -6  -5  -3  -4   0  -2    0   0   3   0   0   0   0   0   1   2  48   0  31  11   0   0   1   0   3   0  1.43 0.64
  136 R    -2   3   5   1  -5   2  -2  -3   0  -4  -5   2  -3  -3  -1  -2  -1  -5  -2  -3    2  18  31   8   0  10   1   1   2   1   0  15   1   1   3   1   4   0   1   1  0.71 0.41
  137 S    -1   2   1   0  -4   2   1   0   2  -2  -3   2  -2  -2  -3   1   1  -4   0  -2    2  11   6   5   0  11   8   7   4   2   1  14   1   2   0  12   8   0   4   2  0.23 0.20
  138 I    -2  -3  -4  -6  -4  -3  -5  -5  -5   5   1  -4   2  -2  -2  -2  -1  -5  -1   4    2   1   0   0   0   1   0   0   0  41   8   1   5   1   2   4   3   0   2  28  0.88 0.44
  139 K    -1   0   0   2  -4   1   2  -1   2  -3  -1   1  -3  -2  -3   2   1  -4  -3  -2    3   4   3  12   0   6  17   3   7   1   6   9   0   2   0  16  11   0   0   1  0.28 0.23
  140 I    -2  -3  -5  -5  -4  -4  -4  -4  -4   3   1  -3   0   3  -3  -3  -1   4   3   3    3   1   0   0   0   0   0   1   0  21  14   1   1  13   1   2   3   5  10  25  0.62 0.33
  141 D    -3  -2   3   6  -6  -2  -1  -3   4  -6  -6  -1  -5  -6  -3   0  -3  -6  -1  -6    2   2  15  51   0   1   3   2  11   0   0   3   0   0   1   7   1   0   2   0  1.23 0.56
  142 V     1  -1  -1   1  -3   0   1  -1  -1  -1   0   0  -1  -3   2   0   0  -1  -1   1   13   3   1  10   0   4  10   3   1   4   8   7   0   0  11   5   5   1   2  10  0.12 0.12
  143 H     0  -1   1   3  -1   0   3  -2   2  -3  -3   1  -3  -4  -1  -1   0  -5  -2  -1    8   1   6  18   1   2  26   3   5   1   2   8   0   0   2   4   7   0   1   4  0.36 0.26
  144 S     0   1   2   1  -2  -2   0   2  -3  -3  -3   2  -1  -2  -3   2   2  -4  -2  -3    5   7  10   7   0   0   4  17   0   1   1  13   2   2   0  15  14   0   1   1  0.30 0.24
  145 Q     0   1   0  -1   0   1   1   2   0  -2  -1   2   2  -2   1  -1  -2  -1  -3  -2    7  10   4   2   2   6   8  18   2   1   7  13   6   1   7   4   1   1   0   2  0.17 0.16
  146 T     1   0  -2  -1  -2   1  -2  -3   0   1  -1  -2  -3  -2  -2   1   4   1   3   0   10   5   0   3   1   6   2   1   3   8   4   1   0   1   1   8  31   2  10   5  0.32 0.28
  147 A     4  -5  -5  -5   0  -3  -5  -2  -5   1   0  -4  -2  -1  -4  -3  -3  -5  -4   4   36   0   0   0   2   1   0   3   0   7   9   0   1   3   1   0   0   0   0  37  0.82 0.46
  148 W    -3   2  -3   1   0  -2  -2  -3  -1  -2  -3   0  -2  -4  -4  -1   4   7   0   1    1  11   0   8   2   1   2   1   2   1   2   5   1   0   0   4  32  14   3  11  0.65 0.40
  149 V     1  -5  -5  -5   2  -5  -5  -5  -5   3   0  -5  -1  -1  -5  -2  -1  -5  -4   6   13   0   0   0   5   0   0   0   0  12   6   0   1   2   0   3   2   0   0  55  0.97 0.47
  150 E     0  -3  -2   2  -5   4   3   3  -2  -6  -4  -3  -4  -5  -3   0  -2   0  -3  -5    6   0   1  10   0  23  23  25   1   0   1   0   0   0   1   7   1   1   1   0  0.75 0.44
  151 A     5  -5  -4  -5  -1  -4  -4   3  -5  -5  -5  -3  -5  -3   4   1  -1  -6  -5  -3   45   0   0   0   1   0   0  19   0   0   0   1   0   1  19  10   3   0   0   2  0.98 0.52
  152 G    -1  -6  -4  -3  -6  -6  -4   7  -6  -7  -4  -5  -6  -7  -6  -2  -5  -7  -7  -7    5   0   0   1   0   0   1  88   0   0   2   0   0   0   0   3   0   0   0   0  2.16 0.81
  153 A     3  -4  -2  -4   2  -2   1  -3  -4   3  -1  -4  -1  -4  -4  -2   0  -3  -2   4   23   0   2   0   4   1   9   1   0  15   3   0   1   0   0   1   5   0   1  33  0.55 0.37
  154 T    -2   2  -1  -2  -4  -1  -1  -3  -3   0   0   0   1  -4   2   0   3  -1  -4   0    2  15   3   1   0   2   3   1   0   7   9   5   5   0   9   5  26   1   0   6  0.32 0.27
  155 L    -3  -3  -1  -4  -4  -3  -5  -1  -3   2   3  -3   2   1  -5  -1  -2   7   0   0    0   1   3   1   0   1   0   6   1  11  34   1   5   5   0   4   3  17   3   4  0.65 0.36
  156 G     0   0  -1   0  -4   0   1   3   0  -1  -2   0  -2  -2   1  -1  -1   0   0  -1    7   7   2   7   0   5  10  25   3   5   3   5   0   2   7   4   2   1   4   4  0.18 0.15
  157 E     0  -1   1   4  -6   4   4  -2  -1  -5  -4  -1  -4  -6  -3  -1  -2  -6  -3  -4    7   2   7  26   0  17  27   2   1   0   2   2   0   0   1   3   1   0   1   1  0.76 0.43
  158 V    -1  -5  -6  -6  -4  -5  -5  -5  -6   2   5  -5   1   0  -5  -4  -1  -5  -4   3    6   0   0   0   0   0   0   1   0  10  52   0   3   4   0   0   3   0   0  20  0.93 0.46
  159 Y     1  -3   2  -1  -2  -1  -1  -3   2   0   0  -2  -1  -1  -4   0   0  -2   5   1   11   0  10   3   1   2   4   1   4   6   9   1   2   1   0   8   4   0  24   9  0.31 0.27
  160 Y    -1   3   1   1  -4   2   2  -2   1  -4  -3   1  -3   0   0  -2   0   2   2  -3    5  17   5   9   0   8  13   3   3   0   1   9   0   3   4   1   5   3   8   1  0.29 0.22
  161 W     1   0  -2  -3  -3   1   0  -1   1  -1  -1   0  -1   1  -1  -2  -1   3   4   0   18   6   1   0   0   7   8   4   3   3   7   5   1   7   2   0   4   4  15   5  0.18 0.18
  162 V     2  -4  -4  -5  -2  -4  -4  -3  -5   2   4  -4   0  -2  -4  -2   1  -4  -3   2   18   0   0   0   0   0   0   2   0  13  40   0   1   1   0   2   8   0   0  13  0.60 0.35
  163 N     2   1   1   0  -3   1   0   0   2  -2   0   0  -1  -3  -3   0  -2   3   0  -1   21   8   8   5   0   7   6   5   7   1   9   7   1   0   0   4   1   4   4   3  0.16 0.17
  164 E     1  -1   0   2  -4   0   3  -1  -1  -4  -4   2  -4  -5   1   0  -2  -5  -4  -3   11   2   4  14   0   3  24   4   1   0   0  17   0   0   8   7   1   0   0   1  0.47 0.30
  165 K     1   2   1  -2  -3   0  -1  -3   4  -2   0   2  -1   0  -3   0  -1  -3   1  -1   15  12   6   0   0   3   2   1  11   2  10  15   2   4   0   5   3   0   6   4  0.22 0.19
  166 N    -2   0   2  -1  -5  -2  -3   6  -2  -5  -5  -1  -4  -5  -3   1  -2  -5  -5  -5    2   6   8   3   0   2   1  58   1   0   1   3   0   0   1  10   2   0   0   0  1.06 0.47
  167 E    -2   0   1  -1  -3   1  -1  -2   3  -2   2   1   0   1  -2  -1  -1   1   2  -1    1   4   8   3   0   7   3   3  10   1  24   9   2   5   1   4   2   2   8   3  0.17 0.16
  168 N     1  -1   1  -2  -1  -2  -1   2  -2   0  -1  -1  -1   0  -1   0   1   1  -1  -1   14   2   8   1   2   1   5  21   0   6   4   3   1   4   3   6  12   2   2   3  0.15 0.12
  169 L    -2   1  -3  -4  -1  -3  -3  -4   1   0   3  -3   3   1   1  -3  -1  -1   2   2    2   9   0   1   1   0   1   1   4   3  34   1   7   5   7   1   4   1   8  13  0.38 0.25
  170 S     1  -1  -2  -1  -1   1   0   1  -1  -1  -2  -1   1  -1   3   0   1   0  -2   0   14   4   0   2   1   7   7  12   1   2   2   3   5   2  13   6   9   1   0   8  0.17 0.15
  171 L    -2  -2   1  -3  -3  -2  -3  -3   2   1   1  -2  -1   4   0  -1   0   0   0   2    2   1   8   0   0   1   0   2   5   6  13   2   0  22   4   5   5   1   2  18  0.29 0.22
  172 A     0  -4  -3   1  -4  -2  -1  -2  -4  -2   1  -3   0  -1   4   0  -1   6  -3   1    7   0   0   8   0   2   4   3   0   1  16   0   2   2  22   7   3  11   0  12  0.45 0.30
  173 A     2  -1   0  -3   1  -1  -2   2   1  -2  -1  -2  -2  -2   2   1   1   1  -3  -1   18   4   4   0   3   3   1  18   4   2   7   1   0   1  10   8  10   2   0   4  0.21 0.18
  174 G    -1  -5  -3   3  -5  -3  -2   6  -4  -6  -3  -4  -5  -5   0   0  -2  -5  -5  -5    3   0   0  15   0   1   2  60   0   0   3   0   0   0   4   7   2   0   0   0  1.20 0.53
  175 Y     0  -1  -2   0  -3  -1   0  -1   0   1   0  -2   0  -1   1   2   1   0   2   0    7   2   1   5   0   1   7   3   3  10   9   1   1   2   6  17   9   1   9   5  0.10 0.14
  176 C    -1  -1  -2  -2   6  -2   0  -1  -1   0   0  -1  -1  -2   0   1  -1  -1  -1   0    3   3   1   1  23   1   6   5   1   5  11   5   1   1   5  13   3   1   3   6  0.33 0.23
  177 P     0  -2  -1  -1  -4  -2   1   2  -3  -1  -3  -2  -3  -2   5   1  -1   4  -2  -2    8   2   3   4   0   1   9  15   0   4   2   1   0   2  28  10   2   6   1   2  0.51 0.28
  178 T     0  -1  -1   2   1   0   0   0   2  -1  -3  -2  -3   0  -3   1   3  -4   0  -2    7   3   2  11   4   5   4   9   5   3   1   1   0   4   0  13  23   0   4   2  0.24 0.22
  179 V     0  -4  -4  -4   3   0  -4  -4  -4   1   1  -4  -2  -2  -2  -1  -2  -4  -3   5    9   0   0   0   5   4   0   0   0   7  13   0   0   1   2   5   1   0   0  49  0.72 0.39
  180 C    -2  -4  -2  -4  -3   0  -4   6   1  -5  -6  -4  -5  -6  -5   1   3  -5  -5  -5    2   0   1   0   0   5   0  54   3   0   0   0   0   0   0  12  21   0   0   0  1.19 0.57
  181 A     1  -5  -5  -5  -3  -4  -4   1  -5   4   1  -4   1  -2  -2  -3  -2  -1  -2   4   10   0   0   0   0   0   0  10   0  22  13   0   3   1   2   1   2   1   1  34  0.60 0.35
  182 G     1  -5  -3  -5   0  -5  -5   6  -5  -1  -4  -4  -1  -5   1  -2  -2  -6  -5  -1   10   0   1   0   2   0   0  63   0   4   2   0   2   0   6   2   3   0   0   5  1.20 0.54
  183 G    -3  -6  -4  -5  -6  -5  -6   7  -6  -2  -4  -5  -6  -6  -6  -2  -5  -6  -6  -1    1   0   0   0   0   0   0  86   0   2   2   0   0   0   0   3   0   0   0   5  2.08 0.79
  184 H     0  -3   1  -3   0  -1  -3  -2   4   0   0  -3   1   2  -1  -1   2   4   1   0   10   0   7   0   2   2   0   2  13   6   8   0   5  10   3   2  13   7   4   5  0.27 0.22
  185 F     0  -4  -4  -5  -2  -4  -4  -3  -4   4   2  -4   3   1  -4  -2   2   0  -3   2    6   0   0   0   1   0   0   2   0  24  18   0   8   6   0   2  15   1   0  16  0.52 0.32
  186 G     1  -3   2  -3  -3   2  -3   2  -3  -1   0  -3   1  -4  -2   3  -1  -5  -4  -1   13   0  11   0   0   9   0  13   0   2  12   0   3   0   1  28   3   0   0   3  0.37 0.31
  187 G     1  -4   2  -4  -1  -1  -2   5  -1  -5  -5  -4  -4  -3  -4  -1   3  -1  -5  -2   10   0  11   0   2   2   2  43   1   0   0   0   0   1   0   4  20   1   0   3  0.82 0.45
  188 G     2   0   1  -1   1  -4  -4   6  -4  -6  -6  -4  -5  -6  -5  -1  -2  -5  -3  -3   14   5   7   4   3   0   0  59   0   0   0   0   0   0   0   3   2   0   1   2  1.15 0.53
  189 G     3  -5  -4  -4   0  -4  -5   6  -5  -3  -4  -4  -5  -5  -5  -1   1  -5  -5  -1   22   0   0   0   2   0   0  55   0   2   1   0   0   0   0   4   8   0   0   4  1.15 0.54
  190 Y    -2  -4  -3  -3  -4  -2  -4   0   6   2   0  -4   0   1  -5   0  -2   0   4   2    2   0   0   1   0   1   0   7  23  13   7   0   2   5   0   9   1   1  15  13  0.61 0.38
  191 G    -3  -2  -4  -4  -5  -4  -2   6  -2  -6  -6  -4   1  -6  -4   2  -2  -6  -6  -3    0   2   0   0   0   0   3  67   1   0   0   0   5   0   1  16   2   0   0   2  1.45 0.64
  192 P     0   0   2  -2  -3  -1  -2   1   0  -1   0  -1   2   0   2   1   1  -1  -1  -1    6   4  12   0   0   2   0  10   3   2  10   2   6   5   9  14   8   1   2   3  0.13 0.15
  193 L     0   0   1  -2  -3   1  -1   0  -1  -1   2  -1   2   1  -3   0  -1  -1   0  -1    8   5  10   2   0   8   2   8   1   1  26   3   5   5   1   6   3   1   3   2  0.11 0.14
  194 M     1  -3  -1  -3   0   0  -2   1   0  -1  -1  -1   3  -1  -3   3   1  -1  -1  -1   14   0   1   0   2   5   0  13   3   4   4   3   8   2   0  26   7   1   2   3  0.25 0.23
  195 R    -1   3   0  -1  -3   0  -1   1   3  -1   0  -1  -2   1   0  -1   0   0   0  -2    4  22   5   2   0   3   2  12   8   4   9   1   0   9   5   3   5   1   2   2  0.18 0.17
  196 N    -1   3   0  -3  -4   1  -1  -1   2  -1  -1   3  -1  -1  -3   0   0  -1   1  -2    5  19   5   0   0   6   2   3   5   3   7  23   1   2   0   7   4   1   5   2  0.28 0.22
  197 Y    -2  -1  -1  -2  -5  -1  -3  -3   6  -3  -3  -2  -4   3  -5  -4  -4   0   7  -2    3   3   2   2   0   2   1   2  21   1   2   2   0   9   0   0   0   1  43   3  1.30 0.56
  198 G    -4  -6  -3  -5  -6  -3  -6   7  -6  -7  -7  -5  -1  -6  -6  -3  -3  -6  -6  -6    0   0   1   0   0   1   0  91   0   0   0   0   2   0   0   2   2   0   0   0  2.28 0.83
  199 L    -2  -3  -1  -2   2  -3  -2  -3  -4   0   3  -2   1  -1   2   0   0   3  -1  -1    2   1   3   2   5   0   3   1   0   4  36   1   4   2  12  10   5   4   2   4  0.35 0.27
  200 A     2  -3  -3  -4  -3   2  -3   0  -3   2   1  -3   3   0  -1   0   1  -4  -1   0   19   0   0   0   0  10   0   7   0  11  13   0   8   5   3   6  11   0   2   5  0.22 0.23
  201 A     2   0  -1  -3   2  -1   0   0   0   1  -1  -1  -2  -2  -2   1  -1  -4  -3   2   22   6   2   0   5   2   5   6   3  11   3   3   0   1   1   9   3   0   0  19  0.18 0.19
  202 D    -3  -3   1   7  -6   0   1  -1   2  -6  -6  -3  -5  -6  -4   0  -1  -6  -5  -5    2   1   5  60   0   3   6   5   5   0   0   0   0   0   0   8   3   0   0   0  1.33 0.58
  203 N    -2  -1   5  -3  -2   3  -3  -3   4  -2  -2  -3   1  -4  -3   0   0   2   2  -2    2   4  34   0   1  13   0   1  10   3   3   0   4   0   1   5   6   3   7   3  0.63 0.40
  204 I    -3  -5  -6  -6  -1  -5  -6  -6  -6   3   2  -5   1  -2  -5  -5  -3   0  -2   6    1   0   0   0   1   0   0   0   0  14  19   0   2   1   0   0   0   2   1  57  1.21 0.55
  205 I    -3  -1  -3  -2  -3  -2   0  -5  -1   2   3  -1   0  -2  -4  -2   0  -4  -1   3    1   3   1   1   0   1   9   0   2  13  29   3   2   1   0   1   6   0   2  26  0.42 0.29
  206 D     0  -2   1   2  -5   0   3   3   1  -5  -5  -2  -4  -5  -4   3  -2  -5  -4  -5    9   2   7   9   0   3  19  20   3   0   0   1   0   0   0  25   1   0   0   0  0.58 0.38
  207 A     2  -4  -5  -5   0  -4  -5  -5  -4   1   3  -4   4   2  -5  -3  -3   2   1   2   20   0   0   0   2   0   0   0   0   7  26   0  13   7   0   1   0   3   5  15  0.59 0.36
  208 H    -3   2   0   2  -6   2   5  -4   1  -3  -3   2  -4  -5  -4  -2   1  -6  -4  -4    1  13   4   9   0   8  36   1   3   1   2  13   0   0   0   1  10   0   0   1  0.72 0.42
  209 L     0  -5  -6  -6  -4  -5  -5  -6  -6   3   3  -5   2  -1  -5  -4  -1  -5  -4   5    6   0   0   0   0   0   0   0   0  18  23   0   6   2   0   0   3   0   0  43  0.99 0.48
  210 V    -4  -6  -6  -7  -1  -3  -6  -7  -7   3   1  -6   3  -4  -6  -5  -3  -6  -5   6    0   0   0   0   1   1   0   0   0  13  10   0   6   0   0   0   1   0   0  69  1.55 0.67
  211 N    -4  -3   1   2  -2  -4  -3  -4  -5  -2   3  -2   0  -4  -5  -1   5  -5  -4  -1    0   1   6  13   1   0   1   0   0   1  29   2   2   0   0   3  40   0   0   2  0.78 0.48
  212 V     5  -2  -4  -3  -4  -4  -4   1  -2  -3  -2  -3  -4  -5   3   0  -3  -5  -3   0   52   3   0   1   0   0   0  11   1   1   3   1   0   0  17   5   0   0   1   5  0.87 0.49
  213 H    -1   0   4   5  -5  -1  -1  -1  -1  -4  -5   1  -2  -5  -4   0   0  -6  -5  -3    4   4  24  35   0   2   1   3   1   1   0  10   1   0   0   6   6   0   0   2  0.78 0.41
  214 G    -1  -6  -4  -5  -6  -6  -4   7  -6  -7  -5  -5  -6  -7  -6  -3  -5  -7  -7  -5    3   0   0   0   0   0   1  93   0   0   1   0   0   0   0   1   0   0   0   1  2.39 0.86
  215 K    -2   1  -1   2  -5   0   4  -4  -2  -3  -4   1  -2  -5  -3   1   2  -5  -4  -3    2   9   2  13   0   2  30   0   0   2   0   9   1   0   0  12  16   0   0   1  0.57 0.36
  216 V    -2  -3  -5  -5  -2  -3  -5  -3  -5   4   2  -4   1  -1  -5  -4  -1  -4   0   4    2   1   0   0   1   1   0   2   0  29  18   0   4   2   0   0   3   0   3  33  0.77 0.38
  217 L    -2   0  -2  -4  -3  -3  -1  -5  -3   3   3   0   0  -2  -2  -3  -1  -4  -1   3    2   5   1   0   0   0   5   0   0  16  31   7   1   1   1   0   4   0   2  24  0.42 0.28
  218 D     1  -3   1   2   1  -1   0  -3   3  -3  -2   0  -3  -1  -1  -1   3  -4  -3   0   14   0   8  15   4   1   4   0   8   0   3   4   0   3   3   3  23   0   0   6  0.30 0.25
  219 R    -1   4   2  -2  -2  -1  -1  -3  -3  -3  -1   1  -3  -4  -2   4   1  -4  -2  -2    5  22  11   1   1   1   2   1   0   1   6   6   0   0   1  31   9   0   1   2  0.49 0.34
  220 K     1   1   0   2  -2   1   2  -2   0  -2  -2   2  -1  -4   1   0   0  -4  -3  -1   12  10   4  12   1   5  13   1   2   2   2  12   2   0   7   4   6   0   0   4  0.21 0.16
  221 S     0  -1   1   1   0   0   0   0  -1  -3  -3   0  -3  -4   0   3   2  -4   0  -1    8   2   8   9   2   3   6   7   1   1   2   5   0   0   4  25  12   0   4   3  0.23 0.21
  222 M    -1   1   0  -1   0   2   2  -3   0  -3  -1   0   4  -3   0   0   2  -4  -3  -1    3   7   3   3   2   9  17   1   2   0   5   4  15   0   4   8  13   0   0   3  0.28 0.25
  223 G    -2  -2   5   1  -5  -2  -2   4   2  -5  -5   0  -5  -5  -1  -1  -2  -5  -2  -5    2   1  34   7   0   1   2  33   5   1   0   5   0   0   3   2   1   0   1   0  0.88 0.44
  224 E     0   0  -1   0  -4   1   2  -2  -3  -4  -2   0  -2  -2   4   1  -1  -4   1  -3    9   5   2   5   0   5  16   2   0   0   3   4   1   1  22  13   4   0   6   1  0.40 0.27
  225 D    -4  -3  -2   7  -6  -1   3  -5  -1  -6  -6  -3  -6  -6  -1  -1  -3  -7  -6  -6    1   1   1  66   0   3  19   0   1   0   0   1   0   0   3   4   1   0   0   0  1.65 0.68
  226 L    -3  -3  -5  -3  -4  -4  -3  -6  -5   1   5  -5   1   0  -5  -5  -3  -4   1   0    2   2   0   2   0   0   2   0   0   5  70   0   3   3   0   0   0   0   5   5  1.08 0.51
  227 F    -5  -3  -2  -2  -5  -5  -3  -2   1  -2   0  -3  -3   8  -6  -3  -2   2   2  -3    0   2   2   3   0   0   1   4   3   1   7   1   0  62   0   1   3   3   6   1  1.38 0.58
  228 W    -3   1  -1  -1  -4   0  -3  -4   2  -4  -4  -1  -3   3  -4  -4  -2  10   4  -4    2   8   3   3   0   5   1   1   4   1   1   3   0  10   1   1   3  39  14   1  1.51 0.54
  229 A     6  -2  -1  -4  -3  -3  -3   0  -2  -2  -2  -3  -3  -1  -2   0  -2  -4  -4  -2   66   2   3   1   0   0   1   8   1   2   4   1   0   3   1   5   1   0   0   1  0.92 0.47
  230 L     1  -2  -4  -4  -3  -3  -3  -4  -1   3   2  -3   1  -2  -3  -2   0  -3   2   2   14   2   0   0   0   0   0   1   2  23  25   0   2   0   0   2   5   0   7  14  0.40 0.25
  231 R    -3   6  -1  -3  -4   0  -3  -4  -3  -1   1   0   1  -1  -1  -1   0  -4  -3  -2    1  46   3   0   0   4   0   1   0   3  14   5   4   3   3   5   6   0   0   2  0.66 0.37
  232 G    -3  -4  -3  -4   0  -1  -3   6   1   0  -1  -2  -4  -3  -5  -3  -2   2  -4   0    0   0   0   0   2   3   1  61   3   7   6   2   0   1   0   0   2   3   0   7  0.97 0.46
  233 G     2  -4  -2  -4  -4  -4  -4   5   0  -3  -5  -4  -4  -5  -4   3  -3  -5  -1  -4   15   0   1   0   0   0   0  54   3   2   0   0   0   0   0  22   0   0   2   0  1.10 0.50
  234 G    -2  -4  -1  -3  -4  -2  -3   5  -4  -3   2  -3  -2  -3  -2   1  -3  -4  -4  -3    2   0   3   0   0   2   1  49   0   0  27   1   0   0   2  11   1   0   0   1  0.81 0.39
  235 A     0  -3  -2  -1  -2   0   2   5  -3  -2  -3  -1  -4  -4   1  -1  -3  -4  -2  -2    9   0   0   2   1   4  18  44   0   2   2   3   0   0   6   4   0   0   1   2  0.63 0.34
  236 E     1  -2  -1  -2   0   2   0   5   1  -4  -2  -1  -3  -4  -2  -1  -3  -4  -3  -4   10   1   2   1   2  12   7  46   3   0   3   4   0   0   2   3   1   0   0   1  0.63 0.31
  237 S     0  -1   4  -1  -2  -1  -1  -2   0  -2  -2  -1  -1  -1  -2   2   4  -3  -2  -1    6   3  21   2   0   1   3   2   2   1   4   2   2   3   1  15  28   0   1   4  0.37 0.23
  238 F    -4  -4  -2  -3  -4  -4  -4  -3  -3   0   3  -2  -2   6  -2  -4  -3   1   2  -2    1   0   3   1   0   0   0   2   0   5  30   2   0  43   2   0   0   2   5   1  0.94 0.41
  239 G     0  -3  -3  -4   1  -4  -3   7  -1  -6  -6  -4  -5  -5  -5  -3  -2  -5  -5  -5    6   1   0   0   3   0   1  81   2   0   0   0   0   0   0   1   2   0   0   0  1.76 0.63
  240 I    -3  -6  -6  -6  -4  -5  -6  -6  -6   6   0  -5  -2  -1  -6  -5  -3  -5  -1   5    1   0   0   0   0   0   0   0   0  43   4   0   0   2   0   0   0   0   2  47  1.39 0.58
  241 I    -3  -6  -4  -6   0  -5  -6  -6  -6   6  -1  -5  -2  -3  -6  -5  -2  -6  -4   5    1   0   1   0   2   0   0   0   0  42   3   0   0   0   0   0   1   0   0  49  1.42 0.59
  242 V    -1  -4  -4  -4  -4  -4  -4  -5  -5  -1   2  -4  -1  -4  -4   0   5  -5  -1   2    5   0   0   0   0   0   0   0   0   2  23   0   1   0   0   5  49   0   3  12  0.87 0.49
  243 A     1   3  -1   0  -4   1   3   0   0  -4  -4   1  -3  -4  -3   2  -1  -4  -2  -3   15  16   2   4   0   7  20   5   2   0   0   6   0   0   0  19   2   0   1   1  0.42 0.29
  244 W     4  -4  -4  -5  -3  -4  -4  -4  -4   0  -1  -4   2   2  -4  -2  -1   5   1   3   40   0   0   0   0   0   0   0   0   3   3   0   6   8   0   0   3   9   5  23  0.72 0.42
  245 K    -3   2  -3  -2  -4  -2  -1  -3  -2  -2  -4   2  -3  -2  -4   0   6  -2  -2  -1    1  11   0   1   0   1   4   2   1   2   0  13   0   2   0   6  53   1   1   3  0.84 0.49
  246 I    -3  -5  -5  -6  -4  -3  -5  -6  -5   5   2  -5   1   4  -5  -3  -3  -3   0   3    1   0   0   0   0   1   0   0   0  34  18   0   3  19   0   2   1   0   3  19  0.85 0.40
  247 R    -1   4   0  -1  -5   2   0  -3  -3  -4  -3   5  -3  -5  -2  -1  -2   1  -4  -3    4  25   3   2   0  10   4   1   0   1   3  36   0   0   2   5   1   2   0   2  0.72 0.39
  248 L    -1  -4  -5  -3   3  -4  -5  -5  -5   1   4  -4   1  -3  -5  -3   2  -4  -4   2    5   0   0   1   8   0   0   0   0   8  47   0   2   0   0   0  15   0   0  13  0.72 0.39
  249 V    -1   0  -2  -1  -2   1   1  -4   3   0  -1  -1   0   2  -1  -2   0  -2   2   2    4   5   0   4   1   6   9   0  11   4   5   3   2  12   3   1   5   0   9  18  0.18 0.18
  250 A     0  -1  -3   0  -2  -2   0  -4  -2  -4  -4   0  -4  -5   7  -3  -2  -5  -4  -2    6   3   1   5   1   1   5   1   1   0   2   5   0   0  63   1   1   0   0   3  1.50 0.54
  251 V     2   0  -1   0   0   0  -1  -1  -2   0  -1   0   0  -3  -2  -1   1  -3  -2   2   25   5   2   6   2   6   1   3   0   5   5   8   3   0   1   1   8   0   0  21  0.16 0.17
  252 P    -2  -2  -3   0  -4  -3  -1  -2   2  -4  -3   0  -4  -1   7   0  -1  -4  -2  -3    3   1   0   5   0   0   4   3   5   0   2   5   0   3  54   6   4   0   1   1  1.15 0.43
  253 K    -1   1  -1  -1  -2   2   2  -2   1  -3  -2   4  -1  -4   3   0  -1  -4  -3  -3    5   5   2   2   1   8  15   2   4   1   3  29   1   0  13   6   3   0   0   1  0.40 0.23
  254 S     1   0   0  -2  -2  -1  -1  -1  -1   1   0  -1   0   0  -1   0   1  -2   1   2   18   5   5   2   0   1   2   4   1   8   8   2   2   3   3   4   9   0   6  19  0.07 0.09
  255 T    -1  -2   0  -1  -1  -2  -1   1  -1   0  -1   0  -1  -2   0   0   3   0  -2   2    3   1   3   2   1   1   3  10   1   3   5   5   1   2   4   7  30   1   1  16  0.21 0.16
  256 M    -1   0   0  -1  -2  -2  -1  -1  -1   2   1   0   1  -1  -2  -1   1  -2  -1   2    2   4   5   2   0   1   3   5   1  12  13   5   4   1   1   4  12   0   2  24  0.12 0.11
  257 F     1  -2  -2  -3   0  -1  -2  -1   3   0  -1  -1  -1   5  -2  -1   0   0   1   1   13   1   0   1   2   3   1   4   8   3   4   4   0  28   1   4   5   1   4  13  0.28 0.19
  258 S     1   1   1   0  -2   0   0   0   1  -2  -2   1  -2  -1   0   1   1  -1   0  -1   13  11   7   3   0   3   7   6   3   2   3  10   0   4   3  11   8   1   3   2  0.10 0.08
  259 V    -1  -2  -3  -3  -2  -2  -2   0  -3   2   1  -1   1   1  -1  -1   1  -1   1   3    3   2   0   0   0   0   2   7   0  14  11   3   3   5   3   4   9   1   7  26  0.18 0.15
  260 K    -1   1   1  -1   0   0   0  -1   0  -1  -1   1   0   0  -2   0   2   3  -1   0    2   7   6   1   3   2   7   4   3   2   7  11   2   5   1   8  16   5   0   8  0.09 0.11
  261 K    -1   1  -1  -1  -1   1   0   0   1  -1   0   1   0   0  -1   0   0   4  -1  -1    5   6   2   2   1   6   5   6   5   3   8  13   2   6   3   9   6   9   1   3  0.11 0.09
  262 I    -1  -2   2  -1   1  -1  -1  -1   0   1   0  -1  -1   1  -1   0   2  -2   1   1    3   0  11   3   4   2   2   3   3   7   6   4   0   9   2   5  16   0   5  15  0.10 0.13
  263 M    -1   1  -1   0  -3   0   0  -2   0   0   0  -1   0   0   3   0   1   1   0   0    1   9   1   5   0   5   6   2   2   6   9   1   3   4  16   7   9   3   3   8  0.14 0.12
  264 E     0  -1   0   1  -3   0   2   0  -1  -2  -1   0  -1   0   0   1   1   1   2  -1    7   1   3   8   0   3  14   5   0   1   6   5   1   5   5  13   9   2   8   4  0.10 0.10
  265 I    -1  -1  -1   0  -2   0   0   0  -2   1   1  -1  -1   1   0  -1   0   3  -1   1    4   3   3   5   0   6   5   8   0  10  13   4   0   9   3   3   9   5   1  10  0.04 0.07
  266 H    -1  -1  -1   2  -3   1   2  -3   2  -1  -1   0  -2   1  -1   0  -1   2   3  -2    5   2   1  12   0   8  14   1   6   5   5   5   0   6   2   9   3   3  11   1  0.19 0.16
  267 E     1  -1   2   2  -3   0   2   1  -1  -3  -3  -1  -3  -3   0   1   0  -4  -3  -2   11   3  10  13   0   4  18  10   1   0   2   1   0   1   5  13   5   0   0   3  0.28 0.19
  268 L     2  -1   0   1  -1   0  -1   0  -2   0   0  -1   1   1  -2   0   0  -3  -2   1   21   2   5  10   1   3   3   5   0   3  12   3   3   6   1   5   6   0   0  10  0.07 0.10
  269 V     0  -2  -1  -1   2  -1   0  -3  -1   0   0  -1  -1   2  -2   0   1  -2   0   1   10   1   1   2   6   2   9   1   1   2  12   3   0   9   0   9  11   0   3  15  0.11 0.12
  270 K    -1   0   0   3  -3   0   2   0  -2  -3  -2   1  -1   0  -1   1   1  -3  -2  -2    5   4   3  19   0   3  13   6   0   0   2  10   2   5   2  10  11   0   0   2  0.23 0.16
  271 L     1  -2   0  -2  -2  -1   0  -2   0   1   1   0   1   0  -2   0   1  -2  -1   1   11   1   4   1   0   2   6   2   2   7  19   6   3   3   1   6  12   0   2  13  0.07 0.09
  272 V    -1  -3  -2  -3   0  -2  -2  -3   0   1   2  -2  -1   4  -3  -2  -1   3   1   2    3   1   2   1   2   2   2   2   3   6  19   3   0  23   1   1   2   4   3  20  0.35 0.20
  273 N     0  -1   1   0  -3   0   0  -2   4  -1  -1   0  -1   2  -2   0   1  -2   1  -1    6   2   9   3   0   3   5   2  15   2   7   8   1  12   1   8   8   0   3   5  0.17 0.14
  274 K     0   3   0  -1  -3   0   0   0   0  -2  -2   4  -2  -3  -2   0   1  -1  -2  -2    8  16   3   2   0   3   6   6   2   3   2  28   0   1   1   5   9   1   1   2  0.30 0.20
  275 W    -2  -4  -4   1  -2  -2  -3  -3  -2  -1   0   0  -3   1  -2  -1   1  10   0  -3    3   0   0   9   1   1   1   1   1   4  10   6   0   5   2   5   8  39   2   2  1.15 0.44
  276 Q    -2  -1  -1   0  -4   6   2  -3   0  -2   0   0   2  -2  -3  -2  -1  -1  -3  -1    2   2   2   5   0  41  11   2   2   1  11   4   5   1   1   1   3   1   0   4  0.59 0.33
  277 N     0   1   2   0  -3   1   2  -1  -1  -2   0   0  -1   0  -2   1   0  -2   1  -1    9   7  12   2   0   5  17   4   1   2   9   4   1   5   1  10   4   0   5   2  0.12 0.11
  278 I     0  -1  -1  -1  -2  -2  -2  -2  -1   2   1  -1   0   1  -2   0   0   3   0   1    7   4   4   3   0   1   2   3   1  12  19   2   2   7   1   7   6   5   2  14  0.10 0.09
  279 A     3  -1  -2  -1  -2   0  -1  -1  -2   0   1  -2  -1   0  -2   0  -1   3   0   1   31   2   2   3   0   4   3   3   0   5  14   1   0   3   2   7   1   4   4  10  0.18 0.17
  280 Y     0  -1   0   2  -3  -1   0  -2   1  -1  -1  -1   0   0   3   0   1  -3   1  -1    8   2   5  15   0   0   5   2   5   5   4   2   3   3  13   6  10   0   6   3  0.16 0.12
  281 K    -1   0   0  -2  -3   0   2  -1   2  -2  -2   2  -2   1  -1   1   0   0   0  -1    4   5   4   0   0   4  14   3   5   3   4  19   1   7   2  13   5   1   4   3  0.16 0.15
  282 Y    -1  -2  -1   0  -2  -2  -1   0   0   1   1  -2   0   1  -1   0   1   3   0   0    4   0   1   6   0   0   4   8   3   7  19   1   2   8   2  10   8   5   3   9  0.07 0.09
  283 D    -2   0   0   3  -3  -1   0  -2  -1  -1   1  -1   1   0   2   0  -1  -3  -2   0    1   4   3  21   0   2   7   1   1   2  18   2   5   4  10  10   2   0   0   6  0.20 0.17
  284 K    -1   1   1   2  -3   0   2  -1  -1  -1  -3   0  -2  -2   3  -1  -1  -3  -1  -1    5   8   8  13   0   4  14   3   1   5   1   6   0   2  16   3   3   0   2   4  0.25 0.14
  285 D     0   0   1   4  -3  -1   2   0   0  -3  -2  -2  -3   0  -2   0  -1  -1  -1  -3   10   5   8  29   0   1  13   8   2   1   4   1   0   5   2   5   3   1   2   1  0.34 0.20
  286 L    -2  -2  -1  -3  -3  -2   1  -2   0   1   3  -2   1   2  -3  -1  -1   5   0   0    1   2   4   1   0   1  11   4   3   7  31   2   3  10   1   4   2   9   2   5  0.29 0.19
  287 L    -1  -2  -2  -1   0   0   0  -2   0   0   1  -2   0   4  -2   0  -1   1   1   0    5   1   0   4   3   4   8   3   3   4  17   1   2  24   2   6   3   2   4   5  0.18 0.15
  288 L     1  -1  -1  -1   0  -1   0  -2  -2   2   0  -1   1   0   1   0  -1  -2   1   1   12   3   3   2   2   3   7   2   0  16   9   1   5   3   7   7   1   0   6   9  0.08 0.10
  289 M     1   2  -1  -1  -1   0  -2   0   0   0   0   0   0   0   0   0  -1   1   1   0   12  19   1   3   1   3   0   6   2   4   7   2   3   5   4   9   3   2   7   7  0.08 0.11
  290 T     0  -2   0  -1   0   0  -1   0  -2   1   1  -1   1   1  -1   0   1  -2   0   1    9   0   5   3   2   4   4   7   0   6  12   1   4   7   3   7   9   0   3  16  0.04 0.07
  291 H    -1  -1   0   0  -3   0   1   0   2   0   0  -1   1   0  -2  -1   0   4  -1   0    4   2   4   6   0   3  13   6   8   6   7   2   4   5   2   4   7   7   1   9  0.10 0.11
  292 F    -1  -2  -2   0  -2  -2  -1   0  -2   1   1  -2   0   3  -1  -1   0   4   1   0    5   2   1   7   0   1   5   9   0  10  14   2   1  14   2   5   6   7   5   3  0.13 0.11
  293 I    -1  -1  -1   0  -1   0  -2  -1  -1   1   0  -2   2   1  -2  -1  -1   4   2   2    5   2   3   6   1   6   1   4   1   6   9   2   8   6   2   5   2   6   8  18  0.11 0.11
  294 T    -1   0   0   0  -2   0  -1  -1   1   0  -1  -1   1  -1   3   0   1  -3  -1   1    5   5   5   5   0   4   2   5   5   7   5   2   5   2  16   4  10   0   1  12  0.14 0.10
  295 R     0   2  -1  -1  -3   0  -2   0  -1   0  -1   0   1   0   2  -1   0  -2   2   0    6  16   1   4   0   3   1   9   1   5   6   4   4   3  10   4   6   0  11   6  0.11 0.11
  296 N     0   1   2   0  -3   1   0   1   1  -1   0  -1  -1  -2  -1   1   1  -1  -1  -1    7   7  11   4   0   6   5  11   5   3  11   0   0   0   2  10   8   1   1   5  0.09 0.10
  297 I    -1   2  -1  -2   0   0  -2  -2  -2   2   1  -1   1   0  -1  -2   0  -2   0   2    3  13   3   2   2   3   1   2   0  13  15   2   5   3   3   1   7   0   3  19  0.14 0.13
  298 T     0  -2   1   0   1  -1  -1  -1  -2   0   0  -1   0  -1   0   1   3  -3  -1   0    8   1   6   5   3   2   4   5   0   7   7   3   3   1   4   8  22   0   3   7  0.10 0.11
  299 D    -1  -1   3   2  -1  -1   0   0  -2   0  -1   1   0  -2  -1   1   0   0   0  -1    5   2  17  14   1   1   3   7   0   6   4   9   3   1   2  10   7   1   3   4  0.15 0.13
  300 N    -1   0   3   1  -3   0  -1   0   0  -1  -1   0  -1   0   1   0   0  -2   1  -1    5   5  17   8   0   4   2   9   1   5   5   7   1   4   6   7   4   0   6   3  0.11 0.10
  301 Q    -1   0  -1  -1  -3   0  -1   0   1  -1  -1  -1  -1   0   2   1   2  -1  -1   1    3   4   2   2   0   4   4   7   5   3   6   2   1   4  12  15  13   1   1  13  0.14 0.14
  302 G     0  -1   1  -1  -3   1   0   2  -2  -1  -1   0  -1  -1   0   1   0  -1  -2  -1    8   2   7   2   0   7   7  20   0   4   4   6   1   4   4  13   4   1   0   6  0.13 0.11
  303 K     0   1   0   0  -2   0   0  -1   0  -1   0   1   0  -1   2   0   0  -3  -2   0    8   7   4   5   0   2   4   4   2   3  10  11   1   2  11   9   6   0   0   8  0.08 0.07
  304 N     1  -2   4  -1   0  -1  -2   0  -2  -3  -2   1  -3  -3   1   2   1   4  -1  -2   10   0  22   1   2   2   1   5   0   1   4  10   0   0   6  17   7   6   2   2  0.31 0.23
  305 K     0   1   0  -1  -3   1   1  -1   1  -1  -1   1  -1   0   2   1   0   0  -1  -1    7   8   5   2   0   7  10   4   4   2   5   9   0   4   9   9   4   1   2   6  0.10 0.08
  306 T    -1   1   2  -1   0  -1  -1   0  -1   0  -1   1   0  -1  -2   1   2  -1  -2   0    3   6  13   2   2   1   1   6   1   5   6  11   3   3   1   9  19   1   0   5  0.13 0.14
  307 A     1  -1  -1   0  -2  -1   0   1  -2   0  -1   0  -1  -2   0   1   2   2   1  -1   15   1   2   4   0   1   6   9   0   6   5   4   1   0   5  13  15   3   5   4  0.12 0.13
  308 I    -1  -3   0  -3  -1  -1  -2  -1  -3   2   0  -2   0   2   1  -1  -1  -1   0   3    5   0   4   0   1   2   1   6   0  16   9   2   2  11   6   4   2   1   3  23  0.19 0.16
  309 H     1   1  -1  -2  -3   2  -1  -1   2   0   0   0  -1  -2  -2  -1   0   5   1   0   13   7   2   1   0  11   4   5   5   6  10   5   1   0   1   4   5  10   5   7  0.18 0.16
  310 T     1  -1   0  -1  -1   0  -2   0  -1  -1   0  -1  -1  -1   2   0   0  -3   0   1   15   2   6   3   1   4   0   7   1   1   9   3   1   2  13   8   7   0   3  15  0.12 0.13
  311 Y    -1  -1  -2  -1  -3   1   0  -2   2   0  -1  -1  -1  -1  -2   2   2   0   3   0    4   2   0   2   0   6   5   2   7   7   5   3   1   2   1  17  15   1  13   8  0.20 0.20
  312 F     0  -1  -3  -2   0  -2  -2  -4  -3   0   1  -2   1   4  -1  -2  -1   5   2   1    9   3   1   2   2   2   2   0   0   6  10   1   4  22   3   3   4   8   6  12  0.32 0.21
  313 S    -1  -1   0  -2  -3   0   0  -1   1   0   0   0   1   1   0   0   0   5   1   0    4   3   6   1   0   4   6   4   3   7  11   6   4   6   4   8   4  10   5   5  0.12 0.10
  314 S     2  -3  -2  -1  -3  -2   0   4  -3  -2  -1  -3  -3   1  -1   2   1  -4  -1  -3   17   0   1   2   0   1   5  32   0   1   6   0   0   6   3  15   7   0   2   0  0.40 0.26
  315 V     0  -1   0  -1  -2   0   0  -1   0   0   1  -1   1   0   1   0   0   2  -1   0    8   3   5   2   0   6   5   4   2   7  14   2   4   4   6   8   6   4   1   9  0.04 0.06
  316 F    -4  -3  -1  -2  -4  -4  -4  -3   1  -3  -2  -1  -1   6   1  -1   1   3   5  -3    0   1   3   2   0   0   0   2   3   0   3   4   1  35   8   5   8   4  20   0  0.83 0.41
  317 L     0  -1  -1  -2  -3  -1  -1  -2   1   0   3  -1   1   2  -3  -1  -1  -2   1   0    6   4   2   2   0   3   4   2   5   5  32   4   4   9   0   5   4   0   5   4  0.16 0.14
  318 G     0  -3   1   1  -4  -2   0   5  -3  -3  -2  -1  -3  -3  -2   1   0  -4  -4  -4    9   0   5   6   0   1   5  45   0   2   4   4   0   1   1   9   5   0   0   0  0.59 0.30
  319 G    -1   1   1   2  -4   0   0   2   1  -4  -2   0  -3  -3   2   1   0  -4  -1  -3    3  10   8  13   0   3   5  16   5   0   4   4   0   0   9  11   6   0   2   0  0.25 0.18
  320 V     0   0  -1  -1  -2   1   0   0  -1   0   0   1  -1   1   1   0   0   1  -1   0   10   3   3   2   0   6   7   6   1   6   9  11   0   7   6   5   8   2   0   9  0.05 0.07
  321 D    -1  -1   1   4  -4   0   3  -2  -3  -3  -2   0  -3  -4  -1   1   1  -5  -4  -4    6   3   6  21   0   4  25   2   0   1   5   4   0   0   2  11   8   0   0   0  0.44 0.28
  322 S     0   1   0   1  -3   2   2  -2   0  -2  -1   0  -1  -3   0   1   1  -3  -2  -1    8   6   4   7   0  10  13   2   3   0   7   6   1   0   5  11  12   0   1   5  0.16 0.14
  323 L     1  -4  -4  -3  -3  -3  -4  -1  -4   0   3  -3  -1   0  -2  -3   0   2   1   2   16   0   0   1   0   0   0   5   0   4  38   1   0   3   2   0   7   3   5  14  0.37 0.26
  324 V     0   0  -2  -1  -3   0   1  -3  -2   1   2   1   1   0  -2  -1  -1  -3   0   1    6   4   1   2   0   4  11   0   0  11  23   9   4   3   1   4   3   0   3  11  0.12 0.13
  325 D     1   0   0   0   1   1   2  -1  -1  -3  -2   1  -2  -2   0   1   0   3  -1  -1   15   5   5   5   4   7  15   2   1   0   3   8   0   1   5  11   4   4   2   4  0.17 0.15
  326 L     0   0  -3  -3  -3  -1  -2  -2   0   2   2  -1   0   0   0  -1   1   2  -1   1    6   4   0   0   0   3   2   2   2  11  26   2   1   4   4   2  11   3   1  13  0.17 0.15
  327 M    -2  -3  -2  -3   0  -3  -2  -4  -3   0   3  -1   5   2  -3  -1   1  -3   1   1    1   0   1   1   2   0   2   0   0   3  27   4  19  11   1   5   9   0   4   9  0.42 0.28
  328 N    -1   1   2   1  -3   2   2  -1  -1  -1  -1   1  -2  -3  -2   0   1  -3  -2  -1    3   6  12   9   0  13  12   3   1   3   8  10   0   0   0   5   8   0   1   5  0.19 0.15
  329 K    -1   2  -1   1  -4   1   0  -2   0  -4  -2   2  -1  -3   4   1  -1  -4  -2  -3    3  10   1   8   0   7   6   1   2   0   3  16   1   1  24  10   3   0   1   1  0.45 0.25
  330 S    -1   0   1   0  -2  -1   1   0  -2   1   1   0   0   1  -1   1  -1   0   0  -1    3   4   7   4   0   1  11   6   0  10  14   6   2   7   2  13   2   1   3   3  0.04 0.08
  331 F    -2  -2  -2  -4  -3   0  -3  -3   3  -1   2  -1  -1   5  -4  -2  -3   1   3   0    2   1   1   1   0   4   1   2   7   2  19   4   1  32   1   2   1   2   8   8  0.56 0.29
  332 P     0  -1  -1  -1  -3   0   0  -2   2  -3  -2  -2  -3  -2   5   0   2  -4  -3  -1    8   3   2   3   0   4   7   2   5   1   4   2   0   2  34   5  12   0   0   5  0.58 0.28
  333 E     1   0  -1  -1  -3   0   3  -1  -2  -1  -1   1  -2  -2   2   1   0  -3  -3  -1   13   4   1   2   0   4  26   4   0   3   7   9   0   1   8   9   6   0   0   3  0.23 0.18
  334 L     0  -3  -4  -1  -3  -2  -2   0  -4   1   4  -3  -1  -1  -4  -2  -1   0  -3   1    7   1   0   4   0   1   3   7   0   5  52   0   0   1   0   1   3   1   0  11  0.50 0.30
  335 G     1   0   0   0  -3  -1  -1   4  -2  -2  -2  -1  -2  -2  -1   0   2  -3  -3  -2   10   5   4   6   0   2   3  32   1   2   3   2   0   2   2   6  16   0   1   2  0.33 0.20
  336 I    -1  -2   0  -1   0  -2  -2  -1  -2   1   2  -1   0  -1   3   0   0  -3  -1   0    5   2   4   4   2   1   1   4   0   7  24   4   2   2  15   8   5   0   1   8  0.16 0.12
  337 K     0   1   0  -1  -2   0   0   0   0   1  -1   1   1  -2  -1   0   1  -3  -2   0    8   7   3   3   0   5   5   6   2  13   3  11   6   1   2   8   9   0   1   7  0.06 0.08
  338 K     0   2  -1  -1  -3   2   1  -3   3  -2  -2   3   1  -2   0  -1  -1  -3  -1  -1    7  14   1   3   0   8  11   1   7   1   3  21   4   2   4   3   2   0   1   5  0.26 0.18
  339 T     0   1   1   0  -1   1   1  -1  -1  -1  -1   0  -2  -2  -1   1   1   0  -1  -1    9  10   6   3   2   7  12   4   0   3   5   5   0   1   2  11  11   1   2   5  0.12 0.10
  340 D    -1  -1   2   4  -1   0   1  -1   1  -1  -3  -1   0  -3   0   0   0  -3  -1  -1    2   3  13  28   1   3   8   4   3   4   1   2   2   1   3   8   6   0   2   6  0.30 0.18
  341 C     1  -2  -1  -3   6   1  -1  -1  -2   1   0  -2  -1  -1  -2   0   1  -3   0   1   10   1   2   1  21   7   4   4   0   7   8   1   1   2   2   7   8   0   3  10  0.29 0.18
  342 R     0   1  -1  -1  -2   1  -1  -1   1  -1  -1   2   0  -2  -1   1   1   1  -2   0    4  10   1   2   0   5   2   5   3   4   7  15   2   1   2  14  12   2   1   7  0.12 0.12
  343 Q    -1   1   0   1  -3   1   3  -2  -1  -1  -2   0  -1  -2  -1   1   1  -3   1  -1    3   8   5   8   0   6  26   3   1   3   2   3   1   2   2   8   8   0   5   6  0.23 0.17
  344 L    -1  -2  -3  -4  -3  -1  -3  -3  -2   1   2  -2   5  -1  -1  -1   3  -4  -3   3    3   2   0   0   0   2   1   2   1   6  15   2  20   2   2   3  18   0   0  20  0.44 0.29
  345 S    -2   0   2   0  -3  -2   0  -1  -1  -3  -2  -1  -3  -3   3   2   2   1   2  -2    1   6  11   6   0   0   4   5   1   0   4   2   0   0  15  19  13   2   8   2  0.31 0.24
  346 W    -4  -3  -2  -5  -1  -4  -2   0  -3  -3  -2  -4   0   3  -5  -1  -2   9   5  -2    1   1   2   0   1   0   2   7   0   1   4   1   2  10   0   6   3  35  19   3  1.37 0.52
  347 I    -1  -3  -1  -3  -3  -2  -2  -1   0   4   1  -2   1   0   1  -1  -1  -3  -1   2    4   0   3   0   0   1   3   4   3  35  12   2   3   3   6   4   4   0   1  11  0.32 0.22
  348 D    -1   0   2   2  -4   2   4   0  -2  -4  -4   0  -3  -4   0   0  -1  -4  -2  -4    4   5  11  12   0   9  30   9   0   0   1   3   0   0   4   6   3   0   1   0  0.48 0.29
  349 T     1   1  -1  -1  -3  -1  -1   0  -2  -2  -1   0   0  -1  -2   2   1   2   1   0    9   9   3   2   0   2   3   6   0   0   7   5   2   3   0  25   7   3   5   9  0.15 0.16
  350 I     0  -2  -1   0  -1  -1  -2  -1  -2   1  -1  -2   0   2  -2   1   2   0   0   1    8   2   3   5   1   2   2   3   0   9   5   1   3  13   1  10  18   1   3  11  0.13 0.14
  351 I     1  -2  -2  -1   0  -2  -1  -3  -1   1   2  -1   2   0  -1   0   1  -3   0   1   12   1   0   3   2   0   4   1   1   6  25   3   6   4   2   8   9   0   3   9  0.13 0.14
  352 F    -2  -3  -1  -4  -4  -3  -1  -2   2  -2  -1  -3  -2   6  -1   1  -1   4   3  -3    2   0   3   0   0   0   4   3   6   2   6   1   0  34   3  14   3   5  12   1  0.67 0.35
  353 Y    -2  -3  -1  -3  -4  -3  -2   0   1   0  -1  -3  -1   4  -1  -1  -2   7   4  -1    3   1   3   1   0   0   2   8   4   6   7   0   1  17   3   6   2  15  17   3  0.57 0.30
  354 S     2   0   1   1  -2   0   0  -1   0  -3  -2  -1   0  -2  -2   2   2  -3  -3  -2   19   5   6   8   0   4   4   4   2   1   4   3   3   2   1  20  13   0   0   2  0.21 0.18
  355 G     0  -1   1   2  -3   1   1   1   0  -1  -1  -1  -1  -2  -1   1   1  -1  -1  -1    5   2   8  11   0  10   7  13   3   3   9   2   2   1   3   9   9   1   2   2  0.11 0.11
  356 V    -1  -2   1   0   1  -2  -2  -2   0   0   0  -2  -2   3  -1   0  -1  -2   4   0    6   2  10   6   4   1   2   2   1   5  12   0   0  13   4   6   4   0  18   5  0.21 0.18
  357 V     0  -1   1   0   1  -1   0   1   0   0  -1   0   0  -1   2  -1   0  -2   1   0    7   4   7   5   3   2   5  12   2   4   4   4   3   2  12   1   8   0   7   8  0.09 0.09
  358 N    -1   1   2   1   0   0   1  -1  -2  -2  -1   0  -1  -2   0   1   2  -3   1  -1    4   8  11   7   2   2   8   4   0   1   6   5   1   1   5   9  17   0   5   4  0.13 0.13
  359 Y     0  -1   0  -1  -2   0   0   0   0   0   0   0   0   1   0  -1   0   0   2   0    7   3   3   3   0   5   7   8   3   8   6   5   3   6   4   3   7   1  11   8  0.03 0.05
  360 D    -1   0   1   2  -1   0   1   0  -2  -2  -2   1  -1  -2   2   2  -1  -1  -3  -2    3   4   6  15   1   3  10   8   0   3   3   7   2   2  11  16   3   1   0   1  0.22 0.15
  361 T     1  -2   0  -1  -3   1   0  -1  -1   0  -2   1  -1  -2   3   1   2  -3   0   0   12   0   4   2   0   7   7   4   1   5   1   8   1   1  14   8  14   0   4   8  0.19 0.16
  362 D     0   1   0   0   0  -1  -1   1   1  -1   0  -1   0  -2   1   0   1  -3  -1   0    5  12   5   6   2   0   4  10   4   4   9   1   2   0   6   6  12   0   2   8  0.06 0.09
  363 N    -1  -1   2   1  -2   1  -1   1  -2  -2  -2  -1   0   2  -2   0   0   0   2  -1    3   4  13   9   1   7   3  11   0   2   1   1   2  12   1   8   5   1   9   6  0.15 0.16
  364 F    -1  -1   0  -2   0  -1  -1  -1  -1   0  -1  -1   2   2   0   0   1  -2   2   1    5   2   6   2   3   2   2   3   1   6   4   4   8  11   5   6  12   0   8  10  0.09 0.12
  365 N     0  -1   1   2  -3  -1  -2   1  -2   0   0   0  -1   0   2   0  -1   1  -2  -1    9   3   8  12   0   1   0  10   0   5  11   5   1   6  12   8   3   2   0   2  0.12 0.12
  366 K     0   2  -1   0  -3   1   0   0   1  -1  -1   0  -1  -2   2   1   1   1   1  -1    7  13   2   5   0   6   3   8   4   3   6   5   2   0   9   9  10   2   5   2  0.11 0.11
  367 E     0  -2   1   1  -1  -1   2  -1   1  -2  -2   0  -1  -1  -1   1   1  -3   2  -1    7   1   6   7   1   2  17   5   4   2   1   4   1   3   2  15   8   0   9   6  0.16 0.16
  368 I     0   0   0  -1  -2   0   0  -2   0   2   1   0   0  -2  -2   0   0  -3  -1   2    6   4   4   2   0   3   6   3   3  19  10   6   2   0   1   6   3   0   2  18  0.10 0.12
  369 L     0  -2  -1  -2  -2   0   0  -1  -1   1   2   1   0   0   0   0   0   2  -1   0    9   1   2   2   0   4   5   4   2   7  24   9   1   4   5   6   4   4   0   7  0.07 0.09
  370 L     0  -2  -3  -3  -2   0  -1  -2  -3   1   3  -2  -1   2  -3  -1   1  -2   0   1    8   2   0   1   0   4   3   2   0   7  33   1   0   9   1   4   9   0   3  11  0.23 0.18
  371 D    -1   0   1   3   0   1   1   1  -2  -2  -1  -1  -2  -3  -2   0   1  -3  -2  -2    4   6   7  22   2   6   7  13   0   3   5   2   0   0   1   8   8   0   2   2  0.22 0.17
  372 R    -1   3   1  -1  -3   0   0   1  -2  -2   0   1  -2  -3   1   0  -1  -3   0  -2    5  22   9   3   0   3   6  11   0   2  11   6   0   0   8   6   1   0   3   3  0.19 0.16
  373 S     0   0  -1   1  -3  -1   0  -1  -1  -2  -2   0  -2  -1   3   2   0  -3   0  -1    9   5   2   7   0   2   5   5   1   2   3   7   0   3  16  20   4   0   4   4  0.22 0.16
  374 A     0  -1  -1  -2   1   0  -1  -1   1   0   0  -1  -1   1   1   0   0  -2   2   1    9   4   3   1   4   4   3   3   5   4  10   3   0   7   7   7   4   0  12  12  0.07 0.09
  375 G     0   1   0   1   0   0   0   1  -2  -1   0   0  -1  -1   0   0   0  -3  -1   0    8  10   5  12   2   3   4  13   0   1  10   7   0   3   4   3   5   0   1   9  0.06 0.07
  376 Q     0   0   0  -1  -2   1   0   0   1   0  -1   0   0   1   1   0   0  -2  -1  -1    4   6   5   3   0   6   6   9   3   7   6   6   3   9   8   7   5   0   1   4  0.05 0.05
  377 N     0  -1   1   1  -3   0   0   1   1  -1   0   2   1  -2  -2   1  -1  -3   0  -1    7   1   7  10   0   4   6   9   4   4   9  14   5   1   1  11   2   0   3   2  0.09 0.10
  378 G    -1  -1   1  -1   0   2   0   2  -2  -2  -1   0  -1   1  -2   0   0  -3   0   0    4   2   9   2   2  13   5  19   0   2   6   5   2   7   1   7   4   0   3   7  0.13 0.14
  379 A     2   0  -1  -2  -1   0  -1   0   1  -1  -1   0   2   2  -1   0   0   1   2  -1   22   4   2   1   1   3   3   5   3   2   6   4   7   9   2   7   5   2   9   3  0.12 0.14
  380 F    -1   1  -3   0  -4  -2  -3  -2  -3  -1   1  -3  -1   5  -4  -1  -1   5   1   0    6  10   0   5   0   1   0   3   0   2  13   0   1  31   0   4   3   8   4   5  0.50 0.29
  381 K     0  -1  -1  -1   2   1   1  -1  -2   0  -1   4  -2  -2  -3   0   0  -4  -1   0    6   1   1   2   6   7   7   5   0   4   4  31   0   1   0   6   4   0   2   9  0.25 0.22
  382 I     0   2   0   0  -2   0  -1  -1   1   0   0   0   0  -1  -1   1   0  -3   0   1    7  12   3   7   0   4   0   3   3   6  11   3   2   2   2  16   3   0   4  13  0.07 0.11
  383 K    -1   0  -1   1  -1   0  -1   0  -1  -1  -2   3  -3   2   2  -2   0   3  -2  -2    3   5   2   7   2   3   3   8   1   3   2  28   0  12  10   2   5   4   0   2  0.27 0.23
  384 L     0   0  -1  -1  -3   0   0  -1   2   1   0  -2  -2   0  -3   3  -1  -3  -2   1    6   5   2   3   0   3   5   5   6   8  11   1   0   4   1  28   1   0   0  12  0.18 0.20
  385 D     0  -1   2   5  -4   1   0  -3  -2  -3  -3  -2  -3   1   1   0  -1  -4  -1  -1    8   2  10  35   0   7   3   1   0   1   2   1   0   6   9   6   3   0   2   4  0.48 0.28
  386 Y     0  -1  -1   0  -3  -3   0  -2   2  -3   0  -3  -2   5  -3  -3  -3   5   5  -2    8   3   2   5   0   1   8   3   4   1   8   1   0  23   1   1   1   8  21   2  0.61 0.31
  387 V     0  -3  -3  -3  -3  -2  -2  -2  -3   2   1  -3   2  -1  -3  -1   1   1  -2   4    6   1   1   1   0   2   2   3   0  10  13   1   6   2   1   3  10   2   0  38  0.44 0.27
  388 K     0   0   1   1  -3   2   2  -1   1  -2  -3   2  -2  -2   1   0  -1  -3  -1  -3    8   3   8   8   0  10  15   5   3   3   1  16   0   1   6   6   3   0   3   1  0.24 0.17
  389 K    -1   1   1   1  -3   0   2  -1  -1   0   0   2  -1   0  -2   0   0  -3  -1   0    4   6   6   6   0   2  15   3   1   5   9  14   0   6   0   5   7   0   2   9  0.08 0.10
  390 P     1  -3  -2   0  -1  -2   0  -1  -3  -2   1  -1  -2   1   5  -2   0  -3  -1  -3   12   1   2   6   1   0   7   4   0   1  14   4   0   7  30   1   6   0   2   1  0.47 0.27
  391 I    -1  -1  -2   1  -3   0  -1  -2  -1   3   1   0   2   0  -2  -2   0   1  -2   1    3   2   2   8   0   4   2   3   1  26  11   7   6   4   2   2   5   2   0   9  0.15 0.15
  392 P    -1   0   1  -3  -3  -1  -1   0  -3  -2  -3  -1  -1  -3   5   1   1   4   0  -3    3   6   8   1   0   2   4   7   0   2   1   3   1   0  32  11  10   5   3   1  0.59 0.31
  393 E     1   1   1   0  -3   0   1  -1  -2  -2  -1   2  -1   0   1   0  -1  -3  -2   0   11  10   6   3   0   2  10   2   0   1   7  13   1   5   8   7   3   0   0  11  0.11 0.12
  394 S     0   1   1   2  -3   0   2  -2  -1  -2  -2   1  -3  -3   0   2   0  -4  -2  -3    8  10   5  15   0   4  14   1   1   2   4   7   0   0   4  16   7   0   1   1  0.26 0.19
  395 V     1   0   0  -1   2   1   0   3  -2  -2  -2  -1   0  -2  -3   0  -1  -3   1   1   14   5   4   2   5   6   5  23   0   1   1   3   2   1   1   4   4   0   7  12  0.19 0.17
  396 F     0  -2  -3  -3  -3  -2  -1  -2  -1   2   3  -3   1   3   0  -1  -2   1  -1   0    8   3   0   1   0   1   5   3   1  15  28   1   4  13   5   5   1   2   1   3  0.24 0.19
  397 V     0   0   1   1  -3   1   3  -2  -2  -1  -1   0  -2  -1   0   0   0  -3  -1  -1    9   5   8   6   0   4  24   2   0   3   8   5   0   3   4   6   7   0   2   3  0.16 0.14
  398 Q    -2   0   0   2  -3   2   2   0   1  -2  -2   1  -2  -1  -2   0   1   0  -1  -1    2   5   3  15   0   9  18   6   3   2   4   8   0   3   1   5  10   1   2   4  0.21 0.17
  399 I     1  -3  -3  -4  -3  -3  -3  -4  -4   3   3  -3   1   0  -3   0  -1   0  -2   2   14   0   1   0   0   0   1   1   0  20  28   1   3   3   0   6   3   1   0  17  0.41 0.25
  400 L     0  -1  -3  -3   1  -2  -3  -3  -3   0   2   0   1   3  -2  -2   0   5   0   0   10   3   0   1   3   1   0   2   0   4  25   6   5  15   2   1   5   9   1   7  0.29 0.21
  401 E     0   3   0   2  -4   1   2  -2  -1  -4  -4   3  -3  -4  -1   0  -1  -4  -2  -2    7  18   4  10   0   7  11   2   1   0   1  23   0   0   3   6   2   0   1   3  0.39 0.25
  402 K     0   1  -1  -2  -3  -1  -1   1   0  -2  -2   3   3   1  -3   0   1   1   1  -2    7   8   2   2   0   1   1  10   2   2   3  20   9   7   0   8   9   2   5   0  0.18 0.19
  403 L    -2  -4  -3  -5  -2  -4  -2  -5  -1   2   4  -4   4   2  -4  -3  -3  -1   1   1    2   0   1   0   1   0   3   0   2  11  43   0  10  10   0   1   0   1   6   6  0.63 0.34
  404 Y     1   0  -1  -1  -2   0   0   0   0   0   0  -1  -1   0   0   1   1   1   1   0   12   6   1   3   0   4   7   6   2   9  10   1   1   4   5  11   9   2   6   4  0.04 0.08
  405 E     1  -2   1   2  -4   2   3   0   0  -4  -2   1  -1  -4  -2   0   1  -4  -4  -3   14   0   8  13   0   8  23   7   2   0   3   8   2   0   1   4   8   0   0   0  0.35 0.26
  406 E    -1  -1   1   2  -2   1   2  -3   2  -1   0  -1  -2   1  -1   0  -1   3   0  -2    5   2   7  12   1   6  14   1   6   4  13   1   0   6   3   5   3   5   4   1  0.15 0.15
  407 D     0   0   1   2  -4  -1   1   0  -3  -4  -3   0  -4  -4   5   0   0   0  -4  -3    7   5   7  13   0   2   9   7   0   0   2   6   0   0  29   5   6   2   0   2  0.54 0.29
  408 I     0   0   2  -1  -3   2  -1  -1  -1   0   0  -1   1  -3  -1   0   1  -3  -3   2   10   4  13   1   0  10   3   5   1   5   6   3   4   0   2   3  11   0   0  17  0.13 0.16
  409 G    -1   1   1   0  -3  -1   0   2   0  -2  -2   0  -2   0   2   0   0  -3   0   0    2   9   6   6   0   1   5  16   2   1   3   7   0   4  12   7   8   0   3   8  0.15 0.13
  410 A     0   2  -1   1   1  -1  -2   2   2  -2  -1   0  -2   1   0   1   0   0  -2  -1    7  13   2   8   3   1   0  16   8   1   5   4   0   7   4   9   5   1   0   6  0.12 0.14
  411 G     2  -3  -1   0   1  -3  -2   3  -3  -2  -3  -3  -1  -4   3   0   0   4  -3   0   21   0   2   5   3   0   1  21   0   2   1   0   2   0  16   7   4   6   0   8  0.43 0.28
  412 M    -1  -1   0   0  -1   0  -1   0   1   0   0  -1   1   2  -1   0  -1   5   0  -1    4   3   4   8   1   3   3   7   4   8  12   2   4  10   2   8   1  11   1   2  0.15 0.14
  413 Y    -1  -4  -4  -4  -3  -3  -4  -4  -1   3   3  -4   3   2  -2  -3  -1   0   4   1    5   0   0   0   0   0   0   0   2  17  25   0   7   9   2   1   3   1  16  10  0.51 0.29
  414 A     1  -2   1  -2  -2   1   0  -1   0   1   1  -1   0  -1   0   0  -1   0   0   1   13   1  11   1   0   7   6   4   3  12  13   2   2   1   3   5   2   1   3  10  0.07 0.11
  415 L    -2  -1  -4  -4   1  -1  -2  -4   0   0   2  -2   1   4  -2  -2  -1   5   1   1    2   3   0   0   4   3   2   1   3   2  23   2   4  17   2   2   4  10   5  12  0.41 0.24
  416 Y    -1  -1   3   1  -3   0   0  -1   1  -2  -1  -1  -2   1   0  -1   2   0   2  -2    4   3  19   8   0   5   7   3   3   2   5   2   0   8   5   1  13   1   8   1  0.20 0.19
  417 P    -2  -2   1  -2  -4  -3  -3  -1   0  -1  -1  -2   1  -2   5  -1   0  -4  -4   2    3   3   8   1   0   0   0   5   2   4   5   2   4   1  36   5   5   0   0  15  0.64 0.34
  418 Y    -2  -1  -1  -1  -3  -2  -1  -2   1   0   1  -2   0   2   0   0  -1   1   4   0    2   3   3   3   0   1   4   3   3   4  18   1   3  11   5   8   2   2  18   7  0.22 0.17
  419 G    -1  -1   1  -2  -3   2   0   5   1  -4  -4   0  -3  -1  -1   0  -2  -3   0  -3    4   2   5   1   0   9   5  42   4   1   1   5   0   3   2   8   1   0   3   2  0.52 0.27
  420 G    -1   1  -1  -1  -4  -3  -2   5  -3  -1  -4  -3  -3  -4  -3   1   0  -4  -4  -1    3   9   2   3   0   1   3  51   0   4   1   1   0   0   1  12   6   0   0   4  0.76 0.36
  421 I     1   3   1  -2  -3   0  -1  -2  -1  -1  -2   3   0  -4   1   0  -1  -4  -3   0   14  20   8   1   0   2   3   2   1   2   2  18   3   0   6   5   3   0   0   9  0.28 0.22
  422 M     0  -1   2  -4   0  -3  -4  -2  -3   3   0  -2   5  -1  -4  -3  -1   3  -1   2    7   3  11   0   2   0   0   3   0  15   5   1  21   2   0   0   4   4   1  18  0.44 0.30
  423 D     2   0   1   2  -1  -2  -1   1  -1  -3  -2  -1  -3  -2   0   2   0   2  -2  -2   16   7   6  14   1   0   3  12   2   0   3   1   0   1   4  21   4   3   1   1  0.26 0.22
  424 E     0   2   1   2  -4   0   3  -2   0  -4  -3   2  -3  -1  -2   0   0  -4  -1  -2    8  11   8  12   0   4  22   1   2   0   2  12   0   3   1   4   5   0   2   2  0.32 0.22
  425 I    -1  -1   0  -2  -3  -2  -2  -2  -2   3   0  -1  -1   0   2  -3  -1   0  -1   3    3   4   5   1   0   1   2   2   1  25   6   4   1   3  11   1   3   1   2  22  0.29 0.22
  426 S     1  -1   0   0  -3  -1  -1   0  -1  -3  -1  -1  -1  -1   4   1   2   2  -1  -3   14   3   5   4   0   2   2   5   1   0   6   4   1   2  19  12  13   3   2   0  0.28 0.21
  427 E     1   0   1   1  -3  -1   2  -3  -1  -3  -1   1  -2  -3   2   1   0   0  -2  -1   12   4   6  10   0   0  12   0   1   0   6  10   0   0  11  13   6   1   1   5  0.22 0.19
  428 S     1  -3   2   3  -3  -1  -2  -2  -3  -1  -3  -1  -3  -3  -2   3   2  -4  -1  -1   10   0   8  21   0   1   0   1   0   5   1   3   0   1   1  25  14   0   2   5  0.42 0.32
  429 A     2   1   1   0  -3   0   2  -3  -1  -2  -1  -1  -1   0  -1   1  -2  -3  -2   1   18   8   8   5   0   4  18   1   1   1   4   1   1   5   3   9   0   0   0  11  0.18 0.19
  430 I     0  -2  -2  -3  -3  -3  -2  -4  -4   2  -1  -1   1   1  -2   0   5  -4  -1   0    6   2   2   0   0   0   2   1   0  14   5   3   3   5   1   6  43   0   1   5  0.57 0.37
  431 P     4  -2  -3  -4  -1  -2  -3  -1   1  -4  -3  -1  -1  -4   5   1  -3  -5  -4  -2   35   2   0   0   1   1   0   4   3   0   3   4   1   0  31   9   0   0   0   3  0.81 0.44
  432 F    -1  -4  -3   0   1  -3  -2  -1   3  -2  -1  -3   0   5  -1  -1  -1  -2   3  -1    5   0   0   7   3   0   2   5   8   1   4   1   2  34   3   4   5   0  11   4  0.53 0.32
  433 P     1  -2  -4  -2  -4  -1  -3  -1   0  -1  -3  -2  -3   0   6  -2  -1   3   1   0   14   3   0   2   0   2   0   4   2   4   2   1   0   5  39   2   4   4   5   6  0.75 0.39
  434 H     0   1  -1   0  -1   1  -1  -2   7  -3  -3  -1  -3  -1  -1  -2  -2   5   3  -3    8   8   3   6   1   5   2   3  29   1   3   2   0   2   3   3   2   9   9   2  0.65 0.36
  435 R    -2   7  -1  -1  -1  -2  -2  -3  -3  -3  -4   0   0  -5  -2  -2  -1   5  -4  -3    3  60   2   3   1   0   2   2   0   1   1   4   2   0   2   3   3   8   0   2  1.24 0.58
  436 A     1   2   2   3  -4  -1   1  -1   2  -2  -4   1  -3  -1  -3   0  -2  -4   0  -1   11  11  10  22   0   1   7   4   5   2   0  11   0   3   0   5   0   0   3   5  0.31 0.23
  437 G     1  -2  -1   1  -3  -1   0   3  -2   0  -1   0  -2  -1   0   1   0  -3  -1  -1   15   1   1   8   0   2   6  23   0   6   5   5   0   2   4  11   7   0   2   3  0.18 0.15
  438 I    -1  -2   3  -2   2  -1  -1  -2   1   0   0   0   1  -1  -1   2   1  -3  -1   0    5   0  17   0   5   1   2   2   3   7   7   6   5   3   2  17   8   0   2   7  0.15 0.18
  439 L     0  -1  -2  -3   1   0  -3  -3  -3   2   2  -1   3   2  -2  -1   0   0   1   0    7   2   2   0   3   4   0   1   0  11  26   4   9   8   1   3   7   1   5   4  0.20 0.18
  440 Y    -2  -1  -2  -3  -1  -1  -2  -2   4  -1   2  -2   1   3  -4  -2  -3  -1   4   0    3   3   2   2   1   3   2   4  10   1  23   1   3  16   0   2   0   1  17   7  0.42 0.27
  441 E    -1  -1   1  -2  -3   0   0  -1   0   1   1   1   2   0   1   0   0   0   1  -1    3   1   8   0   0   3   7   5   2   8  13  13   7   4   6   5   4   1   6   2  0.07 0.12
  442 L    -1  -4  -1  -2  -1  -2  -3  -3  -4   3   2  -4   0   1   1  -3  -3  -4  -2   3    6   0   4   2   1   2   1   2   0  21  25   0   1   5   7   0   0   0   1  21  0.40 0.28
  443 W     0  -2  -3  -1  -1   3   0  -3   1   0   0  -2   1   2   0  -1   0   5   2  -1    7   0   0   2   1  17   7   0   4   5   9   0   3   9   4   5   6   9   6   4  0.26 0.23
  444 Y    -3  -2  -2  -2  -4  -3  -3  -2   1   2   2  -4   2   2  -2  -3  -2   2   5   0    1   2   2   2   0   0   1   3   3  12  18   0   6   8   2   0   2   2  28   5  0.53 0.32
  445 I     0   0   1  -1  -2  -1  -1  -1   0   1   0  -1   0   0  -1   1   0   0   0   1    7   7  10   3   0   3   1   3   2   9  12   1   1   5   3  12   4   1   4  12  0.04 0.09
  446 C     2   2   0  -2  -2  -1  -2  -1  -3   0  -1  -2   2  -3  -1   1   2  -4  -3   1   21  12   3   1   1   2   0   3   0   4   3   0   6   0   2  12  16   0   0  13  0.26 0.25
  447 S    -1  -1   2   1  -1  -2   0  -2  -2   0  -1  -1  -2  -1  -2   2   1  -3   2   0    4   2  12  10   2   0   6   2   0   6   3   3   1   2   1  15  11   0   9   9  0.15 0.17
  448 W     0  -3  -4  -3  -4   0  -2  -1  -4  -1  -4  -4  -1   1   2  -3  -2  10   1   0    7   2   0   1   0   4   3   4   0   4   1   1   2   4  10   2   3  40   5   8  1.35 0.54
  449 E     0   0   0   2  -3   0   2  -2  -2  -2  -1   0  -1  -1   3   0   0  -3   0  -2   10   4   4  13   0   3  13   2   0   2   7   5   1   3  15   8   4   0   4   1  0.21 0.16
  450 K    -1   0   0   3  -3   0   1  -1  -2  -2  -2  -1  -3  -2   1   1   1   1  -1  -1    3   6   3  22   0   3   8   5   0   2   4   2   0   1   8  15   9   2   2   4  0.24 0.19
  451 Q     1   0   1   1  -3   0   1   0  -2  -1  -2  -1  -1  -1   3   1  -1  -4  -3  -2   11   5   6   7   0   4  11   6   0   5   4   3   2   2  17  12   2   0   0   2  0.22 0.17
  452 E     0  -1   0   2  -3   0   3   1  -1  -1  -2   0  -1  -1   0   1   0  -3  -1  -2    8   2   4  10   0   3  22  10   1   5   2   6   1   2   4   8   7   0   2   1  0.19 0.16
  453 D     1  -1   0   2  -1   0   1   0   1  -2  -1  -1  -1  -3   0   1   0  -3   0  -1   14   2   2  16   1   4  10   8   4   1   5   3   1   0   3  10   5   0   5   4  0.14 0.13
  454 N     0   1   1   2  -3   0   1   0  -1  -2  -2   0  -2  -1   1   0   1  -1   0  -2    6   7   6  16   0   2  12   6   1   1   3   6   1   2   8   5  10   1   3   3  0.17 0.14
  455 E     1   0   1   2  -3   1   3  -3   1  -3  -3   2   1  -3   0   1   0  -4  -2  -3   11   4   5  11   0   5  20   1   3   0   1  12   4   1   3  10   6   0   1   1  0.29 0.22
  456 K     0   1   0   2  -1   1   1   0   1  -1  -2   2  -2  -3  -1   0   0  -3  -2  -1    9   8   4  11   1   5  12   6   3   3   4  14   0   0   3   7   5   0   0   5  0.14 0.11
  457 H     1  -2   1   0  -1   0  -1  -1   3   0  -1  -1   1   2  -1   0   0  -2   2  -1   12   1   8   7   1   4   2   3  10   6   3   2   5  10   2   9   4   0   8   3  0.13 0.14
  458 L    -1  -1  -3  -2  -3  -1  -1  -1  -1   2   3  -1   1   1  -3  -2  -1  -3  -1   1    5   3   0   2   0   2   4   6   1  14  31   4   4   5   0   1   3   0   2  11  0.20 0.16
  459 N     1   1   2   0   1   1   1  -1   0  -2  -3   2  -2  -1  -1   1   0  -3  -1  -2   14   7  10   5   3   6  11   2   2   1   1  14   0   3   1   9   4   0   2   3  0.18 0.15
  460 W    -1   0  -2  -3  -3   1  -1  -2  -1   0   0  -1   0   1  -3  -1  -2   7   3   0    6   7   2   1   0   6   4   3   1   6   8   3   3   5   1   5   2  20  12   6  0.50 0.27
  461 I     0  -3  -1  -2  -2  -2  -2  -2  -3   3   2  -1   2   0  -1  -1   0   2  -2   1    9   0   3   1   0   1   2   2   0  21  20   4   7   4   2   4   6   4   0  11  0.22 0.18
  462 R    -1   4   1   1  -4   0   1  -1  -2  -2  -3   2  -1  -2  -2  -1   1  -4  -3  -1    5  25   6  10   0   4  11   3   0   2   2  12   1   1   2   3  10   0   0   4  0.32 0.22
  463 N    -1   2   2   1  -3   0   1   0  -2  -2   0   0  -2  -3  -1   1   0  -3  -2  -1    3  14  10  10   0   2  11   9   0   1  11   5   0   0   3  11   4   0   1   4  0.15 0.15
  464 I    -1  -1  -3  -1  -2  -1  -2  -2   0   1   3  -1   1   2  -3  -2  -1   1   1   1    4   4   1   3   0   2   2   3   2   6  32   3   3  11   1   2   4   2   4  11  0.20 0.16
  465 Y    -1   1   0  -3  -1  -1  -1  -3   1  -1   0  -2   2   2  -3  -1  -1   1   5   0    5   7   4   1   2   3   5   1   3   3   7   1   6  10   1   4   4   1  28   5  0.40 0.25
  466 N    -1   2   2   2  -3   1   3  -1   1  -1  -3   0   0  -3  -2   1   0  -3  -3  -2    3  10  10  12   0   7  19   3   4   4   1   5   3   0   1   9   4   0   0   3  0.27 0.19
  467 F     1   1   0  -1  -2   0   1  -2  -1   0  -1   0  -1   1   0   0   0  -2   1   0   12  11   4   2   0   5  10   2   0   5   5   3   0   9   5   7   4   0   6  10  0.07 0.10
  468 M     1  -2  -4  -3  -3  -1  -3  -3  -4   1   1  -3   7   0  -2  -2   1  -4  -3   1   12   2   0   1   0   2   2   2   0   9  13   0  32   4   2   2   9   0   0   7  0.58 0.36
  469 T     0   0  -1  -1  -3   1   1  -1  -1  -1   0  -1   1  -3   0   1   2  -3  -2   0    8   4   3   3   0   6  13   4   2   3  10   1   5   0   5   8  20   0   0   5  0.14 0.15
  470 P     0   0  -2   0  -1   0   0   1  -3  -3  -2  -2  -3  -4   6  -1  -3  -4   0  -2    6   6   2   6   2   4   7   9   0   2   3   2   0   0  42   3   1   0   4   3  0.78 0.37
  471 Y     1  -3  -3  -2  -3  -3  -2   0  -2  -1  -1  -1   0   3  -4  -2  -2  -2   6   0   13   1   0   3   0   0   3   7   0   3   6   4   3  15   1   3   2   0  31   6  0.56 0.32
  472 V    -1  -2  -3  -3   1  -2  -1   1  -3   1   1  -3   1  -2  -1  -1   0  -3   0   3    4   2   1   1   3   2   4  13   0   8  15   1   3   0   3   4   4   0   4  30  0.22 0.19
  473 S     1  -1  -1   1  -3  -1   1   1  -2  -2  -2   1  -2  -3  -1   3   0  -3  -2  -2   11   2   1  10   0   1   9  13   0   2   5  11   0   0   3  23   5   0   1   2  0.24 0.20
  474 K     0   0   0   1  -3   0   0   0  -2  -2  -2   3  -1  -1   2   1  -1   2  -2  -2    9   3   4   8   0   5   4   7   0   3   4  22   1   3   9  12   1   3   1   1  0.19 0.16
  475 N    -1   1   3   1  -3   1   0  -1   0  -2  -2  -1  -2  -1  -1   2  -1  -3  -1   1    2   7  19   6   0   6   6   4   2   2   3   2   0   3   3  18   2   0   2  11  0.19 0.17
  476 P    -1  -2  -2   1  -3   0   0  -1   1  -2  -3  -2  -3  -3   6  -2   2  -4  -3  -3    3   2   2   7   0   4   7   4   4   3   2   1   0   1  43   1  13   0   1   1  0.86 0.38
  477 R    -2   4   0   0  -3  -1   0   0  -1   0  -1   1   1  -1  -1  -1  -2   4  -1  -2    3  30   4   7   0   1   5   8   1   5   4   6   3   2   2   5   1   8   2   3  0.31 0.20
  478 L     1  -2  -2  -1  -3   0   1   3   1  -2   1  -2   0   0  -1   0  -2   0  -2  -1   12   1   1   2   0   4  13  23   5   1  15   1   2   3   2   8   1   1   0   5  0.18 0.17
  479 A     2  -2  -1   0   2  -1  -1   0  -2  -1  -2   0   1  -3  -1   1   2  -3   0   0   24   1   2   6   5   2   2   7   0   3   1   7   5   1   2  11  14   0   3   5  0.20 0.18
  480 Y    -2   0   0  -4  -4  -1  -2  -4  -2  -3  -3   0  -3   3  -4  -2  -3   3   8  -2    4   6   4   1   0   3   2   1   0   1   2   5   0  12   1   2   1   3  50   3  1.20 0.51
  481 L    -2  -1  -1  -3  -1  -1  -2  -1  -3   1   3  -2   1   2  -3  -2  -1  -2  -2   2    2   4   3   1   1   3   2   5   0   7  31   1   3  10   1   2   3   0   1  20  0.27 0.19
  482 N    -1  -3   7   0  -4   0   0  -3  -2  -3  -4  -2  -3  -4   0   1  -2  -4  -4  -4    6   1  55   3   0   4   6   1   0   2   1   1   0   1   4  11   2   0   1   1  1.09 0.48
  483 Y    -1  -2  -3  -3  -4  -1   1  -4   2  -3   0  -2  -2   2  -2  -3  -1   2   7  -1    6   2   1   1   0   3  10   1   4   1   9   3   0   7   3   1   3   2  41   4  0.77 0.38
  484 R     2   4  -2  -2   0  -1   0   0  -2  -1  -1   0  -1  -2   1  -2  -2  -3  -3  -2   24  28   1   2   2   1   6   7   0   5   5   4   2   2   6   1   1   0   1   1  0.35 0.24
  485 D    -2  -2   2   5  -3  -2   0  -1   1  -1  -2  -2  -1  -1  -1   0  -1  -3  -1  -2    3   1  10  42   0   1   4   4   4   4   4   1   2   3   3   5   4   0   2   2  0.56 0.27
  486 L    -1  -2  -2  -1   2  -1  -1   0  -2   1   2  -1   0   1   0   0   0  -2   0   1    2   1   1   2   5   2   4   9   1  10  22   3   1   6   4   6   5   0   3  11  0.07 0.07
  487 D    -1   0   0   4  -2   0   1  -1   0  -2  -2   0  -2   0  -1  -1   0  -2   0  -2    4   5   4  32   1   3  11   3   2   2   3   6   1   5   3   3   7   0   3   2  0.34 0.17
  488 I     0  -2  -2  -1  -2  -1   1  -1  -2   2   2  -1   1   1  -2  -1  -1   0  -1   1   10   1   1   3   1   1  13   4   1  15  22   3   3   7   1   2   2   2   1   7  0.12 0.11
  489 G     0  -2  -1  -1   0  -2  -2   5  -2  -1  -2   0  -2  -3  -2  -1   0  -3  -1  -2    6   2   2   2   3   1   2  51   1   4   4   6   1   1   1   3   5   0   3   3  0.63 0.26
  490 I     0   0   0   0  -2   0   0   0  -1   1   0   0   1  -2   1   0   0  -2  -2   0    9   4   4   6   1   4   7   8   2  12   6   7   6   1   6   4   5   0   1   7  0.04 0.04
  491 N     1  -1   3   0  -3  -1   1   2  -2  -1  -1  -1  -1  -1  -1  -1   0  -3   0  -1   12   3  19   4   0   1   9  18   0   4   4   3   2   2   2   3   4   0   4   3  0.18 0.15
  492 D     0   0   0   3  -1   0   1  -1   0  -2  -1   0  -1  -2   1   0   1  -3   0  -1    8   6   3  21   1   3   9   4   2   1   6   4   1   1   6   4  10   0   5   5  0.16 0.13
  493 P     0  -2  -1  -1  -1  -2  -2   0   3  -2  -2   1  -1  -2   4  -1  -2   5   0  -2    8   2   3   3   1   1   1   8   8   2   4  10   2   1  25   4   1  10   3   3  0.48 0.26
  494 K     0   1   1   0  -3   2   0   0   2  -1  -1   1  -2  -1  -2   0  -1   3   0  -1    7   7   8   4   0  12   4   7   6   4   6  10   0   2   2   4   1   5   4   5  0.12 0.11
  495 N     0  -2   1   0  -2   1   0   2   0  -2  -2  -1  -1  -2  -2   1   0   0   3  -1    9   1   9   4   0   8   7  17   2   2   2   4   1   1   1   9   5   1  12   4  0.17 0.13
  496 P    -1   1   1   0  -1   0   0  -1  -1  -2   0   2   1  -2   3   0  -1  -2   0  -1    4   6   7   5   2   4   7   4   1   1  12  14   4   1  14   6   2   0   4   3  0.15 0.11
  497 N     1   0   1   1  -2   0  -1  -1  -2  -1  -2   0  -2  -2   3   0   1  -3  -1  -1   11   5   9   9   0   3   3   3   1   3   4   6   1   1  18   7  11   0   2   4  0.23 0.13
  498 N     0  -1   3   1  -1   0   0   0   4  -2  -1   0  -2  -2   0   1   1  -2  -1  -1    6   2  15   7   1   4   3   6  12   2   6   4   1   1   4  12   9   0   2   4  0.17 0.11
  499 Y    -2  -2   0  -2  -2  -2  -1  -2   1  -1  -2  -2   0   2  -1  -2   0   4   6   0    3   2   4   2   1   1   4   3   4   2   3   2   2   7   3   2   6   6  34   8  0.57 0.24
  500 T     0   1   0   1   1   1   2  -1   0  -1  -2   1  -1  -2  -1   0   1  -2  -2  -1    9  10   4   8   3   6  13   3   3   4   3   7   2   1   2   4  13   0   1   4  0.12 0.08
  501 Q     0  -1   1   2  -2   2   2  -1  -1  -2  -2   0  -2  -1  -2   1   1  -2  -2  -2    8   1   7  15   1   8  14   4   1   1   4   6   1   3   1   9  12   0   1   2  0.21 0.14
  502 A     2   0  -1  -1  -2   2   1   1   0  -2  -2   0  -2   0   0   0   0  -2   1  -2   23   6   1   2   1  11   8  12   3   1   3   4   1   4   4   6   5   0   5   2  0.17 0.13
  503 R    -1   2  -1   0  -3   1   2  -1  -1  -1  -2   3  -2  -2   0  -1  -1   0  -1  -1    6  12   1   5   1   6  13   4   1   3   2  24   1   1   4   3   4   2   3   6  0.24 0.15
  504 I    -1   0   0   2  -2   1   1  -1   0   1  -1  -1   2  -1   1  -1  -1  -2   0   0    3   4   5  12   1   6  13   5   2   9   4   2   8   2   6   4   3   0   4   7  0.08 0.08
  505 W    -4   0  -4  -2  -4  -4  -4  -2  -3  -4  -2  -2  -3   3  -3  -3  -2  10   4  -1    1   5   1   3   0   1   1   3   0   1   4   3   0  12   2   2   2  42  14   4  1.62 0.58
  506 G     0   0  -2  -2  -1   1  -1   4  -2  -1  -2   0   0  -1   0   0  -2   0  -1  -2    9   6   1   1   2   9   4  33   0   5   3   5   3   2   4   5   1   1   3   3  0.27 0.17
  507 E     0   2  -1   0  -4   3   3  -3  -2  -2  -3   3  -2  -1  -1  -1   0  -3  -1  -1    8  11   2   3   0  12  23   1   0   2   2  18   0   4   2   2   5   0   2   5  0.36 0.25
  508 K     0   3   0  -1  -3  -1   1  -2  -1  -1  -1   2   1  -3  -2   1   0  -3  -3   1    9  16   4   3   0   0  10   1   1   3   4  17   5   0   1   9   6   0   0  10  0.19 0.17
  509 Y    -4  -4  -4  -4  -4  -4  -3  -5   5  -1  -2  -4  -3   4  -4  -4  -4   5   8  -3    1   1   1   1   0   1   2   1  12   3   4   1   0  14   1   1   1   7  50   2  1.56 0.60
  510 F    -2  -2  -2  -4  -4  -4  -4  -3  -3  -3  -3  -2  -3   6  -2  -2  -2   7   6  -3    3   2   3   1   0   1   1   2   0   1   1   3   0  36   2   2   2  15  24   1  1.27 0.50
  511 G    -1  -1  -2  -3  -4  -1  -3   6  -4  -4  -1   2  -3  -4   0  -1  -3  -4  -4  -4    4   2   1   1   0   2   1  56   0   1   8  12   0   0   6   3   1   0   0   1  0.93 0.43
  512 K     1  -1   1   2  -3   0   2   1  -2  -4  -4   1  -3  -4   1   1   0  -4  -2  -3   13   3   5  14   0   2  17  11   0   0   1   9   0   0   7  11   5   0   2   0  0.31 0.22
  513 N    -3   1   7   1  -4  -1  -1  -2   0  -3  -4   1  -4  -5  -4  -2   0  -5  -4  -1    1   6  51   7   0   2   3   3   2   2   1   9   0   0   0   2   5   0   0   6  0.96 0.48
  514 F    -2  -2  -5  -5  -4  -4  -5  -5  -3  -1   2  -2  -2   5  -3  -4  -3   7   5  -1    3   2   0   0   0   0   0   0   0   4  22   2   0  21   2   0   1  17  22   3  1.06 0.49
  515 D     1   0   1   2  -1   0   3  -1   1  -4  -3   1  -3  -4   1   0  -2   0  -3  -4   12   5   7  14   1   3  21   4   4   0   2  11   0   0   7   5   1   2   0   0  0.35 0.24
  516 R    -1   7  -4  -3  -6   0  -1  -5  -4  -6  -5   3  -4  -6  -5  -3   0  -6  -5  -5    5  62   0   1   0   2   3   0   0   0   0  17   0   0   0   1   7   0   0   0  1.48 0.66
  517 L    -3  -5  -6  -6  -4  -5  -6  -6  -1   0   5  -5  -2   4  -6  -5  -4   3  -3   0    2   0   0   0   0   0   0   0   1   3  64   0   0  20   0   0   0   4   0   4  1.29 0.58
  518 V     1   1  -3  -3   2   1   0  -2  -3   0   1  -1   2  -2  -3  -1  -1  -3   0   2   13   9   0   0   4   7   7   2   0   5  16   4   5   0   0   3   1   0   4  20  0.18 0.20
  519 K     2   2  -1   1  -4   2   1  -3  -3  -3  -3   3  -2  -4  -3   1  -2  -5  -2  -4   22  12   3   8   0   9   8   0   0   1   2  21   1   0   0  11   1   0   1   0  0.44 0.32
  520 V    -1   0  -5  -5  -4  -4  -5  -5  -5   5   2  -4   0  -1  -5  -4  -1  -5  -4   4    4   6   0   0   0   0   0   0   0  32  18   0   1   2   0   0   4   0   0  32  0.82 0.42
  521 K    -5   3  -4  -5   0  -3  -3  -4  -5  -7  -6   7  -5  -7  -5  -3  -5  -7  -6  -6    0  15   0   0   2   0   0   1   0   0   0  80   0   0   0   1   0   0   0   0  2.07 0.87
  522 T     2   3   0  -1  -4   1   1  -2  -1  -4  -4   3  -3  -5  -3   0   2  -5  -4  -3   20  17   3   3   0   7   9   2   1   0   0  19   0   0   0   4  14   0   0   1  0.46 0.33
  523 L     1   3  -2  -3  -5   1   1  -4  -3  -5  -2   5  -1  -5  -4  -1  -1  -5  -4  -3   12  15   1   0   0   6   9   0   0   0   5  42   1   0   0   3   4   0   0   1  0.75 0.45
  524 V    -4  -5  -6  -6  -3   0  -5  -6  -3   0   0  -5  -3   2  -6  -4  -5   7   7   2    1   0   0   0   0   4   0   0   0   4  11   0   0   7   0   0   0  17  38  17  1.40 0.62
  525 D    -6  -6  -3   8  -8  -5  -3  -6  -6  -8  -8  -5  -8  -8  -6  -5  -6  -9  -8  -8    0   0   0 100   0   0   0   0   0   0   0   0   0   0   0   0   0   0   0   0  3.07 1.10
  526 P    -4  -3  -6  -6  -7  -6  -4  -7  -7  -7  -7  -5  -7  -8   9  -3  -3  -8  -7  -7    1   2   0   0   0   0   1   0   0   0   0   0   0   0  95   1   1   0   0   0  3.17 1.12
  527 N    -2   0   3   3  -4  -1   3  -2   1  -3  -2   1  -2  -3  -3   0   1   0  -3  -4    1   4  16  19   0   1  19   2   4   1   4   9   1   1   0   5  11   2   0   0  0.43 0.29
  528 N    -2  -2   6   2  -5  -1   0   3   1  -6  -4  -3  -5  -6  -5  -1  -3  -6  -5  -5    2   2  41  13   0   3   6  25   4   0   2   0   0   0   0   3   0   0   0   0  1.00 0.49
  529 F    -3   1  -5  -5  -4  -4  -5  -5  -4   1   2  -2   4   5  -5  -4  -2  -3  -2   3    0   9   0   0   0   0   0   0   0   8  19   1  11  24   0   0   2   0   0  26  0.73 0.40
  530 F    -6  -6  -6  -7  -6  -6  -7  -6  -5  -2  -1  -6  -4   9  -7  -6  -6   1  -1  -4    0   0   0   0   0   0   0   0   0   2   4   0   0  91   0   0   0   1   0   0  2.73 0.89
  531 R    -2   5  -1  -4   2   0  -3  -1   0  -3   0   1   0  -2  -4  -1  -1   3   3  -1    2  36   2   0   5   2   0   5   2   0   8   6   3   0   0   4   2   4  14   4  0.47 0.31
  532 N    -2  -3   6   0   0  -2  -3  -1   4  -4  -4  -2  -3   2  -4  -1  -1   2   2  -2    2   0  44   4   3   0   0   5  10   0   0   2   0  10   0   4   3   3   8   2  0.74 0.38
  533 E    -1   0   1   1  -4   0   4   0   0  -4  -4  -1  -3  -3   3  -2  -2  -3   2  -3    4   5   9   5   0   3  31   7   2   0   0   2   0   0  18   0   0   0  10   2  0.52 0.29
  534 Q    -2  -2  -1  -3  -5   6  -1   0   0  -4  -3  -2  -3  -1  -4  -2   1  -3   4  -2    3   0   2   0   0  53   0   6   2   0   2   0   0   3   0   0  10   0  16   2  0.94 0.47
  535 S     0  -3   1  -2   1  -2  -2   0  -3  -4  -2   0  -3  -4   3   4   1  -5  -4  -3    6   0   8   0   3   0   0   5   0   0   3   4   0   0  14  49   6   0   0   0  0.63 0.33
  536 I    -3  -1  -5  -5  -3  -4  -5  -6  -5   6   2  -4  -1  -2  -5  -4  -3  -5  -3   3    0   3   0   0   0   0   0   0   0  67  13   0   0   0   0   0   0   0   0  17  1.17 0.43
  537 P    -3   1  -3  -1  -5  -2   1  -4  -4  -4  -2   0  -4  -5   7  -3  -3  -5  -5  -4    0   9   0   3   0   0   9   0   0   0   6   6   0   0  67   0   0   0   0   0  1.60 0.44
  538 P    -3  -4  -4  -4  -4  -3  -3  -4  -4  -2  -4  -3  -4  -5   7  -2   2  -5  -5   0    0   0   0   0   0   0   0   0   0   2   0   0   0   0  72   0  17   0   0   9  1.86 0.46
  539 L    -2  -3  -4  -4  -2  -3  -4  -4  -4   2   4  -3   3   0  -4  -1  -2  -3  -2   1    0   0   0   0   0   0   0   0   0  10  58   0  11   2   0   7   0   0   0  11  0.57 0.19
  540 P     1   1  -2  -2  -3   2  -1   0  -2  -3  -2   1   1  -3   5   0  -1  -4  -3  -2   12  11   0   0   0  13   0   7   0   0   2  11   6   0  30   8   0   0   0   0  0.51 0.13
  541 R    -1   3   3  -1  -3  -1  -1  -2  -1  -3  -2   1  -2  -3   5   1  -1  -4  -3  -3    0  23  21   0   0   0   0   0   0   0   3   6   0   0  35  12   0   0   0   0  0.68 0.10
  542 H    -1   2   2   2  -3   0   1  -2   5  -3  -3   0  -2  -3  -2   1  -1  -3  -1  -3    0  16   9  19   0   0   9   0  27   0   0   0   0   0   0  20   0   0   0   0  0.39 0.04
  543 R    -1   4  -1  -1  -3   1   2  -2   4  -2  -2   2  -1  -3  -2  -1  -1  -3  -1  -1    0  38   0   0   0   0  21   0  19   0   0  11   0   0   0   0   0   0   0  12  0.37 0.04
  544 H    -1   4   0  -1  -3   1   0  -2   5  -3  -3   3  -2  -2  -2  -1  -1  -3   0  -3    0  34   0   0   0   0   0   0  36   0   0  29   0   0   0   0   0   0   0   0  0.52 0.03

                      K         Lambda
Standard Ungapped    0.1387     0.3217
Standard Gapped      0.0388     0.2670
PSI Ungapped         0.1267     0.3176
PSI Gapped           0.0388     0.2670
