
Last position-specific scoring matrix computed, weighted observed percentages rounded down, information per position, and relative weight of gapless real matches to pseudocounts
            A   R   N   D   C   Q   E   G   H   I   L   K   M   F   P   S   T   W   Y   V   A   R   N   D   C   Q   E   G   H   I   L   K   M   F   P   S   T   W   Y   V
    1 M    -1  -2  -2  -3  -2  -1  -2  -3  -2   1   2  -2   6   0  -3  -2  -1  -2  -1   1    0   0   0   0   0   0   0   0   0   0   0   0 100   0   0   0   0   0   0   0  0.38 0.01
    2 S     0  -1   3   0  -2  -1  -1   4  -1  -3  -3  -1  -2  -3  -2   2   0  -3  -2  -3    0   0  31   0   0   0   0  37   0   0   0   0   0   0   0  32   0   0   0   0  0.47 0.01
    3 C    -1  -3  -3  -4   8  -3  -3  -3   0  -1  -1  -3  -1   1  -3  -1  -1   0   4  -1    0   0   0   0  63   0   0   0   0   0   0   0   0   0   0   0   0   0  37   0  0.83 0.02
    4 I    -1  -3  -3  -4  -1  -3  -3  -4  -3   4   2  -3   1   0  -3  -2  -1  -3  -1   3    0   0   0   0   0   0   0   0   0  56  28   0   0   0   0   0   0   0   0  17  0.36 0.01
    5 A     3  -1   0  -1  -1  -1  -1   0  -1  -2  -2  -1  -1  -3  -1   3   1  -3  -2  -1   54   0   0   0   0   0   0   0   0   0   0   0   0   0   0  46   0   0   0   0  0.37 0.02
    6 V    -1  -2  -3  -4  -1  -2  -3  -3  -3   2   2  -2   3   0  -3  -2  -1  -2  -1   3    0   0   0   0   0   0   0   0   0   0  32   0  15   0   0   0   0   0   0  54  0.31 0.01
    7 E     1  -1   3   0  -2   0   2  -1  -1   0  -2   0  -1  -2  -2   1   0  -3  -2  -1   15   0  28   0   0   0  26   0   0  17   0   0   0   0   0  15   0   0   0   0  0.20 0.01
    8 A     2  -2  -1  -2  -1  -2  -2   3  -2   0   0  -2   0  -2  -2   1   0  -3  -2   1   23   0   0   0   0   0   0  26   0   0  12   0   0   0   0  12   0   0   0  26  0.18 0.01
    9 V     0  -3  -3  -3  -1  -2  -3  -3  -3   3   1  -2   1  -1  -2  -1   1  -3  -1   4    0   0   0   0   0   0   0   0   0  12   0   0   0   0   0   0  13   0   0  74  0.32 0.02
   10 L     1  -2  -3  -3  -1  -2  -2  -2  -3   2   3  -2   1   0  -2  -1  -1  -2  -1   1   25   0   0   0   0   0   0   0   0  13  62   0   0   0   0   0   0   0   0   0  0.26 0.01
   11 L    -2  -2  -3  -4  -2  -2  -3  -4  -3   1   4  -3   3   2  -3  -3  -1  -1   0   1    0   0   0   0   0   0   0   0   0   0  71   0  19  10   0   0   0   0   0   0  0.41 0.03
   12 G    -1  -1  -1  -2  -2  -1  -2   4  -2  -1   1   1   0  -2  -2  -1  -1  -3  -2  -1    0   0   0   0   0   0   0  49   0   0  32  19   0   0   0   0   0   0   0   0  0.32 0.02
   13 I    -1  -2  -2  -2  -1  -2  -2  -3  -2   3   1  -2   1  -1  -2  -2   0  -2  -1   3    1   1   1   1   0   1   1   1   0  21  12   1   0   1   1   1   1   0   1  52  0.21 0.01
   14 L    -1  -2  -2  -2  -1  -2  -2  -2  -2   1   2  -2   1   2   3  -1  -1  -1   0   1    1   1   1   1   0   1   1   1   0   1  32   1   0  11  19   1   1   0   1  23  0.23 0.01
   15 L    -1  -1  -2  -1  -2  -1   1  -2  -1   1   2  -1   2   3  -2  -1  -1  -1   0   0    1   1   1   1   0   1  19   1   0  12  22   1  11  22   1   1   1   0   1   1  0.11 0.01
   16 Y     1  -1  -1  -2  -1  -1  -1  -1   0   0  -1  -1  -1   1  -1   0   1   0   5   0   23   1   1   1   0   1   1   1   0   1   2   1   0   1   1   1  12   0  39  12  0.21 0.02
   17 I     0  -1  -1  -1  -1  -1  -1  -1  -2   2   0  -1   0   1  -1   2   0  -2   0   1    1   1   1   1   0   1   1   1   0  21   2   1   0  12   1  34   1   0   1  19  0.08 0.01
   18 P    -1  -2  -2  -2  -2  -1  -1  -2  -2  -1   0  -1  -1  -2   7  -1  -1  -2  -2  -1    1   1   1   1   0   1   1   1   0   1  20   1   0   1  64   1   1   0   1   1  1.06 0.02
   19 I    -1  -2  -2  -2  -1  -2  -2  -3  -2   2   1  -2   2  -1   3  -1  -1  -2  -1   2    1   1   1   1   0   1   1   1   0  18  16   1  10   1  15   1   1   0   0  30  0.22 0.01
   20 V    -1  -2  -3  -3  -1  -2  -2  -3  -3   2   3  -2   1   0  -2  -2  -1  -2  -1   3    1   1   1   1   0   1   1   1   0   1  39   1   0   1   1   1   1   0   0  50  0.27 0.03
   21 L    -2  -2  -3  -3  -2  -2  -3  -3  -2   1   3  -2   1   4  -3  -2  -1  -1   1   0    1   1   1   1   0   1   1   1   0   1  59   1   0  30   1   1   1   0   0   1  0.34 0.03
   22 S     2  -1   0  -1  -1   1   0   1  -1  -3  -3   0  -2  -3  -1   4   1  -3  -2  -2   23   0   0   0   0  11   0   8   0   0   0   0   0   0   0  58   0   0   0   0  0.38 0.05
   23 D    -2  -1   3   5  -3   0   1  -2   2  -3  -4   1  -3  -3  -2   0   0  -4  -2  -3    0   0  16  58   0   0   0   0  10   0   0  10   0   0   0   0   7   0   0   0  0.63 0.06
   24 D    -2  -1   2   5  -3   0   2  -2   3  -4  -4  -1  -3  -3  -2   1  -1  -4  -2  -3    0   0   9  60   0   0   9   0  12   0   0   0   0   0   0  10   0   0   0   0  0.68 0.06
   25 R     0   2  -1  -2  -2   0  -1   0   2   0   0   1   0  -2  -2  -1   0  -3  -1   1    7  22   0   0   0   0   0  11  10   7  12   9   0   0   0   0   7   0   0  16  0.08 0.02
   26 A     1  -2  -1   0  -1  -1  -1  -2  -2   1  -1  -1  -1   1  -2   1   3  -2  -1   0   19   0   0   7   0   0   0   0   0  20   0   0   0   9   0  12  32   0   0   0  0.16 0.04
   27 P    -1   1  -2  -2  -3  -1  -1  -3  -2  -3  -3   1  -3  -4   7  -1   0  -4  -3  -3    0  12   0   0   0   0   0   0   0   0   0   9   0   0  69   0  10   0   0   0  1.35 0.08
   28 I    -1  -2  -2  -2  -1  -2  -2  -3  -3   3   2  -2   1  -1  -2   0   1  -2  -1   2    1   0   0   0   0   0   1   1   0  38  28   0   0   0   0  10   9   0   0   9  0.21 0.04
   29 P     0  -2  -2  -2  -2   0  -1  -2  -2   0  -2  -1  -1  -2   6  -1   0   4  -2   0    8   0   0   0   0   8   0   1   0   7   1   0   0   0  44   1   9   9   0  11  0.69 0.06
   30 S     1   1   1   0  -2   0   2   1  -1  -2  -2   0  -1  -3  -1   2   0  -3  -2   0   12   9   8   0   0   0  18   8   0   0   1   0   0   0   0  31   0   0   0   9  0.19 0.04
   31 N    -2   1   5   2  -3   0   0   0   2  -3  -3   0  -2  -3  -2   0  -1  -4  -2  -3    1   7  60  14   0   0   0   6   7   0   1   0   0   0   0   0   0   0   0   0  0.60 0.08
   32 S     0   2   1   1  -2   0   0  -1  -1  -2  -2   2  -2  -3  -1   2   1  -3  -2  -2    8  19   8   9   0   0   0   1   0   0   1  19   0   0   0  20  12   0   0   0  0.25 0.04
   33 A     1  -2  -2  -2  -2  -1   0   1  -2   0   2  -1   0  -1   1   0   0  -2  -2   0   21   0   0   0   0   0   7  13   0   0  34   0   0   0   6   7   8   0   0   0  0.12 0.04
   34 Q     1   1  -1  -1  -2   3   1  -2   2  -2   0   0   1  -1  -2   0   1  -2   1  -1   13   6   0   0   0  26   8   0   7   0   7   0   7   0   0   6   9   0   7   0  0.17 0.04
   35 L    -2   0   0  -3  -2  -2  -2  -3  -2   3   3  -2   1   1  -3  -2  -1  -2  -1   1    0   8   7   0   0   0   0   0   0  29  39   0   0   7   0   0   0   0   0   6  0.22 0.05
   36 N     0   1   4   0  -2   0   0  -1  -1  -1  -2   0  -2  -2   3   1   0  -3  -2  -1    7   8  36   1   0   1   6   1   0   8   1   1   0   1  18   8   1   0   0   1  0.33 0.05
   37 S     0   0   1  -1  -2   3   0  -1  -1  -2  -1   1  -1  -2  -1   3   1  -3  -2  -2    1   0   7   0   0  22   1   1   0   0   8   6   0   0   0  43   8   0   0   1  0.28 0.06
   38 W    -2   0  -3  -3  -2  -2  -3  -3  -2  -1   0  -2  -1   2  -3  -1  -2  10   2   0    1   6   0   0   0   0   1   1   0   0   8   1   0   7   0   7   1  52   6   8  1.18 0.11
   39 F     0  -2  -3  -3  -2  -2  -3   0  -2   0   1  -1   1   5  -3  -2  -2  -1   1   2    7   0   0   0   0   0   0   7   0   0   7   5   6  45   0   0   0   0   0  23  0.30 0.07
   40 D    -1  -1   2   4  -3   0   1   1  -1  -3  -3   0   0  -3   3   0  -1  -3  -3  -3    0   0  11  31   0   0   6  15   0   0   1   6   6   0  14   7   0   0   0   0  0.38 0.05
   41 G     1   1   2  -1  -2   1  -1   2  -1  -2  -2   0   0  -2  -1   0   1  -2  -2  -1   17   7  14   1   0   6   1  22   0   1   1   7   7   0   1   1  15   0   0   1  0.18 0.03
   42 I    -1  -2   3  -1  -2  -1  -2  -2   1   3   0  -2   0   0  -2  -1  -1   3  -1   1    1   1  26   1   0   1   1   1   6  32   1   1   0   5   1   1   1   6   1  12  0.17 0.05
   43 I     1  -2  -2  -2  -1  -1   0   0  -2   2   0  -1   2  -1  -2  -1  -1  -2   0   2   14   1   1   1   0   1   7   6   0  18   2   1   9   1   1   1   1   0   6  28  0.08 0.03
   44 Q    -1   2   0   1  -2   3   1   0  -1  -2  -1   2  -1  -2  -1   0  -1  -2  -2  -2    1  12   1   7   0  21   6   6   0   1  10  23   0   1   1   7   1   0   0   1  0.22 0.04
   45 P     0   0  -2  -2  -3  -1   0   0  -2  -3  -3  -1  -3  -4   7   1  -1  -4  -3  -3    6   6   0   0   0   0   5   9   0   0   0   0   0   0  60  11   0   0   0   0  1.11 0.11
   46 V    -1  -1   0  -2  -2  -1  -2  -2  -1   0   2   0   0   2  -2   0   1  -1   1   0    1   1   7   1   0   0   1   1   0   1  30   9   0  16   1   7  11   0   5   9  0.10 0.03
   47 A     2  -2  -1  -2  -2  -1  -1   2  -2  -2  -1   0  -1  -2   1   2  -1   5  -2  -2   34   0   0   0   0   0   0  15   0   0   6   6   0   0   8  18   0  10   0   0  0.31 0.07
   48 V     0   0  -2   0  -2   1  -1  -3  -2   1   1   0   2  -1  -2  -1  -1  -3  -2   2    8   5   0   5   0  13   0   0   0   4  17   8   8   0   0   0   0   0   0  29  0.11 0.05
   49 R    -1   4   1  -1  -2   1   0  -2  -1  -2  -1   1  -1  -2  -2   1   1  -3  -2  -2    1  42   6   1   0   9   1   1   0   1   8   5   0   0   1  16   8   0   0   1  0.33 0.07
   50 K     0   3  -1  -1   2   0   0  -2   2  -3  -2   4  -2  -3   0  -1  -1  -3  -2  -2    6  21   0   1   8   0   1   1   6   1   1  47   0   0   5   1   1   0   0   1  0.40 0.08
   51 A     1   0  -1  -1   2  -1  -1   2  -2   0   0   0  -1  -2  -1   1   1  -2  -2   0   13   6   1   1   7   1   1  17   0   5  10   6   0   1   1  16   9   0   0   6  0.10 0.02
   52 T     0  -1   0   0  -1  -1  -1  -1  -1  -1   0   1  -1   1  -1   1   3  -2  -1  -1    6   1   1   6   0   1   2   2   1   1   7  14   1   8   1   6  39   0   1   2  0.16 0.05
   53 M     0  -1  -1  -1   2  -1  -1  -1  -2   0   1   0   2   1  -2   0   0  -2  -1   0    8   1   1   5   7   1   1   5   0   1  23  10  15   8   1   6   6   0   1   1  0.06 0.03
   54 D    -2  -1   0   5  -3  -1   1  -2  -2  -2   0   0  -2  -2  -2   0   0  -3  -2  -2    1   1   1  54   0   1   5   1   0   1  14   9   0   1   1   5   5   0   0   1  0.48 0.09
   55 P     0   2  -1   1  -2  -1  -1  -2  -2  -3  -3   0  -2  -3   5   0   0  -3  -2  -2    8  22   1  12   0   1   1   1   0   1   1   1   0   1  36   5   8   0   0   1  0.60 0.08
   56 A     1   2   0  -1  -2   0   0  -1   3  -2  -1   1  -1  -2   1   1  -1  -2  -1  -1   20  16   4   1   0   1   5   1  11   1   9  13   0   1   8   9   1   0   0   1  0.16 0.04
   57 L    -2  -2  -3   0  -2  -2  -2  -3  -2   0   4  -1   2   0  -3  -1  -2   4   1   0    1   0   0   7   0   0   1   1   0   0  66   4   3   0   0   4   0   6   5   1  0.37 0.10
   58 V     0  -2  -3  -2  -2  -2   0  -3  -3   2   3  -2   1  -1  -2  -2   0  -2  -2   2    7   0   0   0   0   0   7   1   0   9  41   0   3   0   0   1   4   0   0  24  0.23 0.06
   59 T     1  -1   1  -1  -2   3   1  -1  -1  -2  -2   0  -1  -2  -1   0   3  -2  -2   0   12   1  10   1   0  25   7   1   0   1   2   1   0   1   1   1  30   0   1   5  0.26 0.08
   60 A     4  -1  -1  -1  -1  -1   0   0  -2  -2  -2   0  -1  -2  -1   2   2  -3  -2  -1   49   1   1   1   0   1   7   3   0   1   1   4   0   1   1  15  14   0   0   1  0.32 0.09
   61 E     0   1   0   1  -2   1   3  -1  -1  -2  -2   2  -2  -3  -1   1   0  -3  -2  -1    4   4   3   3   0   4  33   4   0   1   1  18   0   1   1  11   7   0   1   3  0.28 0.07
   62 G     2  -1   0   0  -2   0  -1   4  -2  -1  -2  -1  -2  -3  -1   0  -1  -3  -2  -1   23   4   3   4   0   7   1  38   0   6   3   1   0   0   3   3   3   0   0   1  0.31 0.07
   63 Q     0   0  -2  -1  -2   0   1  -2  -2   1   1   0   0   0  -2  -1  -1  -2  -1   1   12   5   0   3   0   6  11   1   0   7  23   8   0   5   1   4   1   0   0  14  0.06 0.03
   64 T     1   2  -1  -1  -2  -1  -1  -2  -2  -2  -1   2  -1  -3   1   1   3  -3  -2  -1   10  13   0   3   0   0   1   1   0   0   6  16   0   0   8   8  31   0   0   1  0.26 0.09
   65 K    -1   3  -1   0  -3   1   1  -2  -1  -1  -2   2   0   0   2   0  -1  -2   1  -1    4  21   2   4   0   5   7   1   0   2   1  18   3   4   9   4   1   0   7   6  0.19 0.06
   66 V    -1  -2   0   1   1  -2  -1  -3  -1   2   0  -2   1  -1  -2   0   0  -3  -1   2    1   0   4  13   4   0   4   1   2  17   7   0   3   0   0   6   7   0   3  27  0.14 0.08
   67 I     0  -3  -3  -4  -2  -3  -3  -4  -4   4   1  -3   0  -1  -3  -1  -1  -3  -2   4    6   0   0   0   0   0   0   0   0  38  13   0   0   0   0   5   2   0   0  34  0.51 0.17
   68 K    -1   0   1  -2   0  -2  -2  -3  -2   2   0   1  -1  -1  -2  -1   3  -3  -2   3    0   5   7   0   2   0   0   0   0  11   5  10   0   3   0   2  25   0   0  28  0.21 0.12
   69 L    -1  -4  -4  -5  -2  -4  -4  -4  -4   1   0  -4  -1  -2  -4  -2  -2  -4  -3   6    2   0   0   0   0   0   0   0   0   0   6   0   0   0   0   3   0   0   0  87  1.10 0.33
   70 K     3  -2   1   3   1  -1  -1  -1  -2  -2  -3   0  -2  -4  -2   1   0  -4  -3  -2   42   0   6  21   3   0   0   3   0   1   0   7   0   0   0  12   3   0   0   0  0.41 0.18
   71 S     1   0  -2  -2  -3   4  -1  -2  -1  -1   0   3  -1  -3   0   0  -1  -3  -3  -1   14   0   0   0   0  28   0   2   1   3  11  27   0   0   3   7   0   0   0   3  0.34 0.17
   72 D    -3  -3   3   7  -5  -2   0  -1  -1  -5  -5  -1  -5  -5  -3   1  -2  -6  -5  -5    0   0  17  66   0   0   3   3   1   0   0   3   0   0   0   8   0   0   0   0  1.26 0.35
   73 G    -2  -3  -1  -4  -5  -4  -4   7  -4  -5  -6  -4  -5  -5  -4  -2  -4  -5  -5  -2    0   1   2   0   0   0   0  94   0   0   0   0   0   0   0   0   0   0   0   3  1.85 0.43
   74 S    -1  -1  -1  -2   2  -2  -2   1   2  -4  -4   1  -3  -4  -3   4   3  -4  -3  -3    0   1   1   0   5   0   0   9   6   0   0  10   0   0   0  47  21   0   0   0  0.59 0.26
   75 G     0  -4  -2  -2   0  -4  -4   7  -4  -5  -5  -3  -4  -5  -4  -2  -3  -4  -5  -5    7   0   0   1   3   0   0  86   0   0   0   1   0   0   0   0   0   0   0   0  1.61 0.39
   76 D    -3  -1   4   4  -4   3   0  -2   2  -4  -4   1  -3  -4  -3  -1   1  -5  -3  -4    0   2  27  29   0  14   1   1   6   0   0   9   0   0   0   0   9   0   0   0  0.70 0.25
   77 F    -4  -5  -5  -6  -1  -4  -5  -5   1  -3  -2  -5  -3   7  -6  -3  -4  -1   7  -2    0   0   0   0   2   0   0   0   3   0   0   0   0  51   0   2   0   0  41   2  1.67 0.44
   78 K    -1   2   1  -1  -1   0  -1  -3  -2  -3  -3   4  -1  -4  -2   1   3  -4  -3  -2    1  11   5   2   2   1   1   0   0   0   1  38   1   0   1  10  25   0   0   2  0.52 0.24
   79 S    -2  -2   0  -3  -3  -3  -3  -4  -4  -1  -4  -1  -3  -4  -3   1   7  -5  -4  -2    0   2   3   0   0   0   0   0   0   3   0   4   0   0   0  10  79   0   0   0  1.30 0.44
   80 I    -3  -5  -5  -5  -3  -4  -5  -6  -5   6   1  -4  -1  -2  -5  -4  -2  -5  -3   5    0   0   0   0   0   0   0   0   0  50   7   0   0   0   0   0   0   0   0  43  1.13 0.35
   81 N     0  -2   4  -2  -4   5  -1   1  -2  -4  -4   0   0  -4  -3   0   1  -4  -3  -3    9   0  21   0   0  37   0  12   0   0   0   3   3   0   0   7   8   0   0   0  0.61 0.28
   82 E     2  -1  -1   3  -4   1   4  -1  -2  -4  -4   1  -3  -4  -3   1  -2  -4  -4  -2   22   1   0  21   0   4  33   2   0   0   0   7   0   0   0   8   0   0   0   3  0.54 0.23
   83 A     7  -4  -4  -4  -3  -3  -3  -2  -4  -4  -4  -3  -3  -5  -3  -1  -2  -5  -4  -3   99   0   0   0   0   0   0   0   0   0   0   0   0   0   0   1   0   0   0   0  1.65 0.50
   84 I    -3  -5  -5  -5  -3  -4  -5  -5  -5   5   2  -4   0  -1  -5  -4  -2  -4  -3   4    0   0   0   0   0   0   0   0   0  49  18   0   0   2   0   0   0   0   0  32  0.97 0.30
   85 K     3  -1   2   4  -3   0   0  -2  -2  -3  -2   1  -2  -3  -3   0   0  -1  -3  -3   28   2   9  32   0   2   2   0   0   0   3  11   1   1   0   3   4   1   0   0  0.46 0.21
   86 S     4  -2  -2  -2  -2  -2  -1  -2  -3  -3  -3  -1   0  -1  -3   3  -1  -4  -3  -1   53   1   0   1   0   0   2   1   0   0   1   4   3   3   0  27   1   0   0   2  0.61 0.27
   87 I     3  -3  -3  -4   1  -3  -3  -3  -3   2   1  -3   0  -2  -3  -1  -1  -3  -3   3   31   0   0   0   3   0   0   0   0  13  14   0   2   0   0   2   1   0   0  31  0.42 0.19
   88 P    -1  -2  -1  -3  -4  -3  -2   1  -3  -3  -4  -2  -4  -5   7   1  -2  -5  -4  -4    3   2   2   0   0   0   1   9   0   2   1   2   0   0  66  10   0   0   0   0  1.52 0.36
   89 D     0   0   1   3  -3   1   2  -1  -1  -1  -1   1  -1  -3   1   0   0  -3  -3  -1    8   4   6  20   0   7  13   2   0   4   6   9   1   0   6   5   6   0   0   3  0.19 0.09
   90 D    -1   0   2   1  -3   0  -1   2   2  -2  -2   2  -1  -2   0   1   0  -3  -1  -2    3   3  12   7   0   3   0  16   8   1   2  18   2   2   3  13   4   0   2   2  0.20 0.11
   91 N    -1   1   5  -1  -3  -2  -2   1  -2  -4  -4  -1  -3  -4  -3   4   1  -4  -2  -4    2   7  38   0   0   0   0   8   0   0   0   2   0   0   0  34   6   0   2   0  0.73 0.29
   92 T    -1   0   1  -1  -3   2   0  -1   1  -2  -2   1  -1  -1   1   2   3  -3  -2  -1    3   4   6   0   0  11   5   4   4   0   2   8   2   3   6  16  22   0   0   4  0.21 0.13
   93 K     0   1   1   1  -1   1   1   1   1  -3  -3   2  -2  -3   0   0   0  -4  -2  -1    5   8   9   7   2   5   9  10   4   0   0  20   0   0   4   4   8   0   0   5  0.20 0.10
   94 R    -1   6  -2  -2  -4   0  -1  -4  -2  -4  -3   1  -1  -1   1  -1   0   6  -1  -4    4  50   0   1   0   4   2   0   0   0   2   5   1   3   6   3   6  12   1   0  0.79 0.29
   95 V    -1  -2  -2  -4   3   0  -3  -4  -2   1  -1  -1  -1   5  -4  -2   0  -1   3   2    3   2   2   0   7   4   0   0   0  10   1   4   0  30   0   1   7   0  12  18  0.42 0.20
   96 I    -2   0  -4  -4   0  -3  -3  -4  -3   4   0  -2  -1   1  -4  -2   0  -3   0   4    0   5   0   0   2   0   0   0   0  27   5   3   0   6   0   1   6   0   3  40  0.49 0.22
   97 L    -3  -5  -5  -5  -3  -5  -5  -5  -5   7   0  -4  -1  -1  -5  -4  -1  -4  -1   2    0   0   0   0   0   0   0   0   0  76   4   0   0   2   0   0   2   0   1  13  1.26 0.38
   98 S    -2   0   0  -3  -3  -2  -2  -3   4  -2  -1   1  -2   3  -3   1  -2   3   6  -3    1   5   4   0   0   0   0   1  12   2   5   8   0  10   0  11   0   3  35   1  0.60 0.23
   99 L    -2  -4  -4  -4  -3  -4  -4  -5  -4   5   1  -4   0  -1  -4  -3  -1  -4  -3   4    2   0   0   0   0   0   0   0   0  45  10   0   1   1   0   0   3   0   0  35  0.80 0.27
  100 A     1   1   0  -1  -4   0   0  -1  -1  -4  -3   5  -3  -4  -3   0  -1  -4  -3  -3   14   6   3   2   0   3   4   3   1   0   2  51   0   0   0   7   3   0   0   0  0.57 0.25
  101 P     3   0   1  -2  -1   0   1  -2   1  -3  -3   1  -2  -2   3   0   0  -4  -3  -2   30   4   7   0   1   3  12   1   3   0   0   8   1   2  17   5   6   0   0   0  0.36 0.17
  102 G    -1  -5  -3  -4  -5  -4  -4   7  -4  -6  -6  -4  -5  -6  -5  -1  -4  -5  -5  -5    4   0   0   0   0   0   0  93   0   0   0   0   0   0   0   3   0   0   0   0  1.96 0.48
  103 N    -2  -1   0  -1  -2  -3  -1  -4  -3   4   1  -3   0  -1  -3  -1   2  -4  -3   3    1   4   4   4   0   0   3   0   0  31   8   0   2   1   0   4  15   0   0  24  0.34 0.18
  104 Y    -4  -4  -5  -6  -5  -4  -5  -6  -1  -4  -4  -5  -4   1  -6  -4  -4  -1  10  -4    0   0   0   0   0   0   0   0   0   0   0   0   0   2   0   0   0   0  96   0  2.70 0.63
  105 S    -2   4   2   1  -4   0   1  -3   0  -3  -2   3  -2  -1  -3   0  -2  -4  -1   0    0  26   9   9   0   2  10   0   2   0   2  21   0   3   0   5   0   0   2   8  0.37 0.17
  106 E    -1  -3  -3  -1  -6   0   7  -4  -3  -3  -5  -2  -4  -5  -3  -2  -3  -5  -4  -4    4   0   0   0   0   2  90   0   0   2   0   0   0   0   0   0   0   0   0   0  1.72 0.50
  107 K    -2   2   4  -2  -4   3  -1  -3  -1  -1  -2   3  -2  -3  -2  -1  -1  -3   2  -2    0  10  23   0   0  13   1   0   0   5   4  28   0   0   2   1   3   0   9   1  0.44 0.22
  108 V    -2  -4  -5  -5  -3  -4  -4  -5  -5   3   1  -4  -1  -1  -4  -4  -2  -4  -3   6    0   0   0   0   0   0   0   0   0  16   9   0   0   2   0   0   0   0   0  72  1.11 0.36
  109 K    -1   0   1   1   1   0   1  -3   0   0  -2   1  -2  -2  -2   0   2  -3   1   1    1   4   8   8   3   2  10   0   3   6   1   8   0   0   0   2  22   0   6  15  0.16 0.13
  110 I    -3  -2  -4  -5  -3  -4  -4  -5   1   5   0  -4   0  -1  -4  -4  -2  -4  -3   4    0   2   0   0   0   0   0   0   4  51   4   0   1   2   0   0   0   0   0  33  0.89 0.30
  111 G    -1  -2   0   2  -4  -2   0   2  -1  -4  -4   0  -3  -4   6  -1   0  -4  -4  -3    4   1   4  12   0   0   4  16   2   0   1   6   0   0  41   2   5   0   0   0  0.83 0.24
  112 M     0   2   1  -1  -3   2   1  -2  -1  -1  -2   4   0  -1  -1   0  -1  -3   0  -2    8   9   8   1   0   8   9   1   0   6   2  33   3   2   2   3   1   0   3   2  0.26 0.14
  113 Y    -1   0   2  -1  -3   0   1  -1  -1  -3  -2   3   1  -2  -3   1   1   0   3  -3    1   3  11   2   0   1  11   5   1   0   4  23   5   0   0  10   9   1  14   0  0.24 0.16
  114 K     0   2   0  -3  -4   1  -1  -3  -2  -3  -3   6   2  -4  -3  -1  -1  -5  -4  -3    7   7   4   0   0   6   0   0   1   1   0  62   7   0   0   3   3   0   0   1  0.85 0.32
  115 H    -1  -1   1  -1  -3  -1   0   2   0  -3  -3   1  -1  -3   4   0   1   3  -3  -2    2   3  10   2   0   0   4  16   3   1   1   9   2   0  26   4  10   5   0   1  0.44 0.16
  116 Y    -3  -2   5  -1  -4  -2  -2  -3   2  -2  -2   0  -1   3   0  -2  -1  -2   3  -3    0   0  42   1   0   0   0   0   5   1   2   7   2  17   5   0   3   0  13   0  0.68 0.27
  117 I    -3  -4  -5  -5  -3  -4  -4  -5  -4   5   3  -4   0  -2  -4  -4  -1  -4  -3   3    0   0   0   0   0   0   0   0   0  45  28   0   1   0   0   0   2   0   0  23  0.83 0.27
  118 T    -2  -3   0  -3  -3  -2  -3  -4   0   0  -1  -3   5   1  -3  -1   4  -3   1   2    0   0   4   0   0   0   0   0   2   5   0   0  24   7   0   2  33   0   6  16  0.54 0.26
  119 F    -3  -3  -4  -4  -3  -3  -4  -3  -4   2   3  -4   4   4  -4  -2  -2  -2  -1   1    0   0   0   0   0   0   0   1   0  13  38   0  17  19   0   3   0   0   0   7  0.62 0.23
  120 Y    -2   0  -3  -2  -3   1  -2  -4   0   3   0  -1   1   1  -3  -2  -2  -2   4   2    2   5   0   1   0   9   1   0   3  23   4   3   4   3   0   2   1   0  18  20  0.29 0.16
  121 G    -1  -4  -3  -3  -4  -4  -4   7  -4  -5  -4  -4  -5  -5  -4  -2  -4  -5  -5  -5    3   0   0   0   0   0   0  91   0   0   1   0   0   0   0   2   0   0   0   0  1.83 0.43
  122 E     0  -1   0   5  -4   2   2  -1   0  -2  -2   0  -1  -3  -2  -1  -1  -4  -3  -3    6   2   4  41   0   9  16   3   2   2   4   5   1   0   1   1   2   0   0   1  0.53 0.19
  123 D    -1  -3  -1   2  -3  -1  -1   5  -3  -4  -4  -2  -3  -4  -3   0   1  -3  -3  -3    1   1   2  14   0   2   3  55   0   1   1   1   0   1   1   5  11   0   0   1  0.75 0.22
  124 P     0   1  -2  -1  -3   0   0  -1  -2   1  -2   1   0  -2   4   0   0  -3  -1  -1    9   6   0   1   0   5   6   5   0  15   1  11   4   2  20   6   6   0   2   0  0.23 0.11
  125 N     0   1   3   3  -3   0   1   1  -1  -4  -4  -1  -2  -3  -3   0   0  -4  -1  -3    8   9  20  22   0   4   8  11   1   0   0   0   1   0   0   6   6   0   3   0  0.36 0.15
  126 N     0   1   3   0  -3   1  -1   0  -1  -1  -3   3  -2  -3  -2   1   0  -3   0  -2   10   4  17   5   0   6   0   8   0   4   0  25   0   0   0   9   5   0   4   2  0.24 0.13
  127 M    -1  -2  -1  -3  -3  -1  -1  -2  -3  -1  -1  -1   3  -3   0  -1   5  -4  -3  -1    3   0   2   0   0   2   3   2   0   2   6   3  10   0   3   0  57   0   0   3  0.64 0.28
  128 P     0  -1  -2  -1  -2  -1  -2  -1  -2   2   0  -1  -1   0   0   0   1  -1   0   2    7   3   1   4   0   2   1   5   0  18   3   4   0   4   5   4  14   1   3  21  0.10 0.08
  129 I    -2  -3  -2  -1  -2  -3  -3  -4  -3   5   0  -1  -1  -1  -3  -2   2   2   0   2    1   0   1   3   0   0   0   0   0  46   4   5   0   2   0   0  13   3   3  17  0.48 0.21
  130 L    -1  -3  -2  -3  -2  -2   0  -3   0   3   1  -1  -1  -2  -3  -1   3  -3   0   1    4   0   1   0   0   0   6   0   2  23  16   2   0   0   0   3  30   0   3   8  0.29 0.17
  131 V     0  -3  -1  -3   1  -2  -2   2  -2   1  -2  -2   0   0  -3  -1   2   4   1   1   10   0   2   0   3   0   2  18   0   8   0   0   3   4   0   2  19   6   7  15  0.21 0.14
  132 F    -1  -1   3   0  -3  -2  -2   0   3   0  -1  -2  -2   1  -3   2   0   2   3  -2    3   2  22   5   0   0   0   5   8   7   5   0   0   5   0  19   3   4  12   0  0.25 0.16
  133 G    -1   2   2   2  -3  -1   0   2   0  -1  -1   0  -2  -3  -3   0   0  -4  -3  -2    4  15  11  12   0   0   3  18   3   3  10   6   0   0   0   6   6   0   0   2  0.18 0.10
  134 G     0  -2   3   0   0  -2  -1   3   1   0  -2  -1  -2  -3  -3   2   0  -4  -3  -2    6   0  17   3   2   0   2  23   3   8   3   3   0   0   0  24   5   0   0   0  0.31 0.16
  135 T    -1   0   1   0   1   1  -1  -2   1  -1  -2   0  -1  -1  -2   2   2   1   0   1    2   3   6   4   3   8   2   0   4   2   2   4   0   3   0  17  21   2   2  14  0.15 0.12
  136 A     3  -1   1  -1  -2   0  -2   1  -2  -1  -2  -1  -1  -3  -1   2  -1  -3   0   0   28   3   6   2   0   6   0   8   0   4   0   2   1   0   2  24   1   0   4  10  0.22 0.15
  137 A     1  -1   0   3  -2   0   0   0  -1  -1  -2   0  -1  -2   1   1   0  -3  -1   0   15   1   4  20   0   3   2   5   1   3   3   6   1   1   8  13   6   0   2   7  0.16 0.09
  138 E     0  -1   0   1  -3   1   1   3   0  -2  -3   2  -2  -3  -1   1   1  -3  -3  -2    4   0   2   9   0   8   7  23   2   1   0  14   1   0   2  11  13   0   0   2  0.26 0.12
  139 Y     1  -1  -1  -1  -2  -2  -2  -2  -2   1   0  -1   0   1   0   0  -1   5   3   1   12   2   3   5   0   0   0   1   0  12   8   3   1   6   3   7   2  11  12  10  0.19 0.11
  140 G     0   1   0   1  -3  -2  -2   4  -3  -3  -3  -1  -3  -4  -2   1   3  -4  -3  -3    5   8   2   7   0   0   0  41   0   0   1   2   0   0   1   8  23   0   0   0  0.52 0.18
  141 T     0  -3   0  -1  -3  -2  -1  -3  -3  -1  -3  -2  -2  -4  -3   1   6  -4  -3   0    4   0   3   3   0   0   2   0   0   2   0   0   0   0   0   8  72   0   0   6  0.94 0.31
  142 V    -1  -3  -3  -4  -3  -3  -3  -3  -2   0   1  -3  -1   5  -3  -1   0  -1   4   2    5   0   0   0   0   0   0   0   0   2  14   0   0  32   0   3   5   0  19  16  0.51 0.17
  143 D     0   1   2   2   3   1   1  -1   2  -3  -2   0  -2  -3   0   0  -1  -3  -1  -2    7  11  15  17   8   5   7   4   6   0   4   4   0   0   4   2   3   0   2   0  0.21 0.09
  144 S     0  -3  -1   0   1  -2  -2  -2  -3  -3  -4  -2  -3  -4  -3   5   4  -4  -3  -3    2   0   0   4   4   0   0   0   0   0   0   0   0   0   0  59  30   0   0   0  0.89 0.31
  145 A     5  -3   0  -3  -2  -2  -3   0  -3  -3  -2  -2  -3   0   0   0  -1  -4  -3  -2   73   0   6   0   0   0   0   4   0   0   2   0   0   6   5   5   1   0   0   0  0.76 0.28
  146 T    -2  -3  -2  -3  -3  -3  -3  -4  -4  -1  -3  -3  -2  -4  -3   2   7  -5  -4   1    0   0   0   0   0   0   0   0   0   3   0   0   0   0   0  11  79   0   0   8  1.19 0.37
  147 L     0  -4  -4  -4  -3  -4  -4  -3  -4   1   1  -4   1   5  -4  -3  -2  -2   0   4   10   0   0   0   0   0   0   1   0   6  14   0   3  29   0   0   0   0   0  37  0.55 0.20
  148 I     2  -1   0  -2  -2   0  -2   0  -2   1  -2  -1   0   0  -2   0   1   4  -2   0   31   3   6   0   0   5   0   8   0  11   0   3   3   4   0   4   9   8   0   6  0.19 0.12
  149 V     1  -2  -1  -3  -2  -2  -3  -3  -3   2  -1  -1  -1   0  -3   1   0  -4  -2   4   15   1   3   0   0   0   0   0   0  13   1   2   0   3   0  13   6   0   0  43  0.35 0.17
  150 E    -1   1   1   0  -3   1   1  -1  -1  -1  -1   0   0   1  -2   0   0   1   0   0    1   8  11   4   0  10  14   4   0   0   6   5   2   7   0   7   3   2   4  12  0.09 0.07
  151 S     2  -3   1   0  -3  -2  -2   4  -3  -1  -3  -2  -1  -4  -3   2  -1  -4  -4  -3   20   0   5   4   0   0   1  44   0   5   0   0   1   0   0  19   0   0   0   0  0.61 0.20
  152 N    -1   0   2   4  -3   0   2  -2  -2  -2  -3   1  -3  -4  -1   1   0  -4  -3  -3    5   2  14  29   0   2  15   1   0   4   1  10   0   0   3   8   7   0   0   0  0.40 0.14
  153 Y    -1  -1   2   1  -4  -1  -2   4   2  -3  -3  -1  -3   1  -3  -1  -2  -3   2  -2    2   4  14   8   0   1   0  41   6   0   1   2   0   8   0   0   0   0   8   4  0.46 0.17
  154 F    -2  -4  -5  -5  -4  -4  -5  -5  -3   0   0  -2  -2   8  -5  -2  -2  -1   1  -1    2   0   0   0   0   0   0   0   0   4   6   3   0  76   0   3   2   0   1   4  1.35 0.34
  155 S    -1  -2   0  -3   0   1  -2  -2  -1   3   0  -1   3  -2  -3   0   0  -1  -2   2    3   0   7   0   2   9   0   2   2  24   6   2  16   0   0   9   7   1   0  13  0.19 0.13
  156 A     4  -1  -3  -3   0  -2  -2   0  -3  -1   0  -1   2  -3  -3   0  -1  -4  -3   0   59   3   0   0   2   0   0   7   0   3   7   3   8   0   0   4   0   0   0   4  0.48 0.21
  157 V    -1   3  -2  -3  -4   2  -1  -3  -1  -1  -2   3  -2   0  -3  -2  -1  -2   4   1    2  22   0   0   0  11   1   0   0   4   0  24   0   3   0   0   2   0  18  13  0.41 0.19
  158 N    -2  -3   6   5  -4  -2  -1   0  -1  -5  -5  -2  -4  -2  -3   0   0   2  -3  -4    2   0  45  33   0   0   0   6   1   0   0   0   0   2   0   5   4   3   0   0  0.91 0.27
  159 L    -3  -4  -5  -5  -3  -4  -5  -5  -4   5   3  -4   4   1  -4  -4  -2  -3  -2   1    0   0   0   0   0   0   0   0   0  54  26   0  13   6   0   0   0   0   0   2  0.86 0.26
  160 K     0  -2   2  -2   3  -2  -2   2  -3  -2  -3   0  -2  -4  -1   1   4  -2  -3  -2    4   0  11   0   9   0   0  15   0   1   0   5   1   0   2  10  39   1   0   1  0.44 0.19
  161 I    -3  -4  -1  -4  -3  -4  -4  -5  -3   4   0  -4  -1   6  -5  -1  -3  -2   0   1    0   0   4   0   0   0   0   0   0  29   1   0   0  51   0   5   0   0   0  10  0.90 0.27
  162 V     0   3  -2  -1  -3   2   2  -3  -2   0  -2   2  -1  -3  -2  -1   0  -4  -3   1    8  20   0   0   0  12  18   0   0   9   0  13   1   0   0   3   5   0   0  11  0.28 0.13
  163 N    -4  -3   8  -1  -5  -2  -3  -3  -2  -6  -6  -2  -4  -5  -4  -1  -2  -5   0  -5    0   0  94   0   0   0   0   0   0   0   0   0   0   0   0   3   0   0   4   0  1.96 0.46
  164 S     0  -2   1   0  -2  -2  -2  -2  -2  -2  -3   0  -2  -3  -2   2   5  -2  -1  -1    5   0   6   5   0   0   0   0   0   1   1   4   0   0   0  15  56   1   2   2  0.62 0.23
  165 A     4  -3  -1  -3   2  -2  -2  -2  -2  -1   0  -2  -1   0   0   0   0  -3   1   0   57   0   3   0   5   0   0   0   0   4   8   0   0   4   3   1   5   0   6   3  0.40 0.19
  166 P    -1  -2  -1   0  -2  -2  -2   3  -2  -2  -2  -2  -2  -2   4  -1  -1   2  -2   0    2   1   3   5   0   1   1  31   0   1   4   1   0   1  26   2   4   4   1  10  0.49 0.12
  167 R     1   0  -1  -1  -1   0   1   0  -1  -1  -1   0   0   0   3   0   0  -1  -1   0   12   7   2   2   1   4   9   6   2   3   3   6   4   5  15   7   4   1   1   7  0.12 0.03
  168 P     1  -2  -2  -1  -2  -1  -1   1  -2  -2  -2   0  -2  -2   6   0  -1  -2  -2   0   11   1   1   2   1   1   4  10   1   1   4   6   1   1  40   5   2   0   1   7  0.60 0.11
  169 D    -1   0   1   2  -2   0   2  -1   1  -2  -1   2   0  -2  -1   0   0  -2  -1  -2    4   3   8  15   1   2  16   2   3   2   5  18   4   1   2   6   5   0   1   2  0.17 0.05
  170 G     0  -1   1  -1  -2  -1  -1   4  -1  -2  -2   1  -2  -1   2   0   0  -2  -1  -2    6   2   6   2   1   1   2  35   1   2   3  12   1   3  10   5   4   0   3   2  0.28 0.07
  171 K     0   0  -1   0  -2   0   0   2   3  -2  -2   1  -1   0   1   0  -1  -1   1  -1    6   5   1   5   1   1   5  21  12   2   3  11   1   4   7   4   2   0   7   4  0.15 0.05
  172 R     0   1   0   1  -1   1   0   0   0  -1  -1   0   0  -1   1   0   0  -1  -1  -1    8   9   2   9   1   7   4   9   2   2   4   7   2   2   6   8   8   1   2   7  0.07 0.01
  173 V     0   0   0   0  -1   0   0  -1  -1   0   0   0   1  -1  -1   0   0  -1  -1   1   10   2   6   3   1   5   8   4   1   6   6   9   5   2   3  10   5   1   2  15  0.03 0.01
  174 G     0  -1   1   1   2  -1   0   3  -1  -1  -1   0  -1  -2  -1   0  -1  -2  -1  -1    8   2   7  10   5   2   6  28   1   6   4   7   1   2   2   3   2   1   1   3  0.16 0.04
  175 A     2   0   0  -1  -1   0   0   0   5  -1  -1   0  -1  -1  -1   0   0   0   0   0   21   4   5   2   1   5   3   5  20   2   3   5   1   1   2   3   6   2   2   8  0.16 0.06
  176 Q    -2   0  -1  -2  -4   7   0  -3  -2  -4  -4  -1  -2  -4   2  -1  -2  -4  -3  -4    1   2   2   0   0  75   1   1   0   0   1   0   0   0  10   4   0   0   0   1  1.32 0.36
  177 A     6  -3  -3  -3  -2  -2  -2  -1  -3  -3  -3  -2  -2  -4  -2   0  -1  -4  -3  -2   92   0   0   0   0   0   0   0   0   0   0   0   0   0   0   4   0   0   0   0  1.10 0.27
  178 A    -1  -4  -4  -4  -2  -3  -4  -4  -4   1   1  -3  -1  -2  -3  -3  -1  -4  -2   6    3   0   0   0   0   0   0   0   0   1  10   0   0   0   0   0   0   0   0  83  0.92 0.24
  179 A     6  -3  -3  -3  -2  -2  -2  -1  -3  -3  -3  -2  -3  -4  -2   0   0  -4  -3  -2   91   0   0   0   0   0   0   0   0   0   0   0   0   0   0   3   6   0   0   0  1.09 0.28
  180 L     0  -3  -4  -4  -2  -3  -4  -4  -4   2   4  -3   2   1  -4  -3  -2  -3  -2   1   10   0   0   0   0   0   0   0   0   9  64   0   6   6   0   0   0   0   0   5  0.60 0.16
  181 R    -1   6  -2  -3  -2  -1  -2  -4  -2  -3  -2   0   1   0  -4   0  -2  -4  -1  -1    4  71   0   0   1   0   0   0   0   0   2   1   4   5   0   6   0   0   2   4  0.91 0.24
  182 I     0  -3  -2  -3  -2  -3  -3  -2  -3   3   0  -3   1  -2  -3   1   1  -4  -2   4    8   0   2   0   0   0   0   1   0  18   0   0   4   0   0  13   8   0   0  46  0.39 0.15
  183 S     0  -1   3   2  -3   0  -1   2  -1  -2  -2  -1  -2  -3  -2   2   0   0   0  -2    6   3  17  13   0   3   1  17   0   2   5   0   0   0   0  24   4   1   4   1  0.25 0.10
  184 G     3  -3  -2  -2  -3  -2  -2   5  -3  -4  -4  -2  -3  -4  -3   2  -1  -4  -4  -3   33   0   0   0   0   0   0  46   0   0   0   0   0   0   0  19   2   0   0   0  0.78 0.19
  185 D    -3  -3   1   7  -5  -2   0  -3  -3  -5  -5  -2  -5  -5  -3  -1  -3  -6  -5  -5    0   0   3  92   0   0   2   0   0   0   0   0   0   0   0   3   0   0   0   0  1.75 0.32
  186 K    -2   3  -1  -2  -4   2   1  -2   0  -2   0   3   2   1  -3  -2  -2  -3  -1  -2    0  15   1   0   0  13   6   2   2   0  12  29   9   9   0   0   0   0   1   0  0.30 0.12
  187 A     3  -2  -1  -2   0   0  -2  -1  -2  -1  -1  -2  -2  -2  -2   4   0  -3   0   1   28   0   0   0   1   5   0   1   0   2   4   0   0   0   0  41   3   0   4  10  0.35 0.15
  188 S     2  -3  -3  -3  -2   1  -2   1  -3   2  -1  -2  -1  -1  -3  -1  -1  -3  -1   3   29   0   0   0   0   8   0  10   0  16   2   0   0   1   0   3   1   0   2  30  0.26 0.12
  189 F    -3  -4  -4  -5  -3  -4  -4  -5  -3   3   1  -4  -1   6  -5  -4  -3  -1   3   0    0   0   0   0   0   0   0   0   0  23   9   0   0  56   0   0   0   0   7   5  0.96 0.22
  190 Y    -3  -3   1  -3  -4  -2   0  -4   1  -2  -2  -2  -2   3  -4  -2  -2   0   8  -2    0   0   8   0   0   0   8   0   2   2   2   2   0   7   0   1   2   0  65   1  1.11 0.26
  191 N    -1   4   4   1  -4   0  -1   1   1  -4  -4   0  -3  -4  -3   0  -1  -4  -3  -4    5  32  31   5   0   2   0  13   3   0   0   2   0   0   0   7   0   0   0   0  0.55 0.16
  192 V    -2  -5  -4  -5  10  -5  -5  -4  -5  -2  -3  -5  -3  -4  -5  -1  -2  -4  -4   2    0   0   0   0  76   0   0   0   0   0   0   0   0   0   0   4   0   0   0  20  2.07 0.35
  193 K     0   3   1   0  -3   2   0   1  -1  -3  -3   1  -2  -4  -2   2   0  -4  -3  -2    5  27   8   5   0  11   2   9   1   0   0   6   0   0   0  24   2   0   0   2  0.35 0.11
  194 I    -3  -4  -4  -5  -3  -4  -4  -5  -3   3   1  -4   3   6  -4  -4  -3  -1   0   2    0   0   0   0   0   0   0   0   0  22   5   0  10  50   0   0   0   0   0  13  0.84 0.20
  195 Y    -1  -1  -1   3  -3  -1   2  -3   0   0   1  -1  -1   0  -3  -1   0  -2   2   0    3   2   2  21   0   0  16   0   2   6  17   2   0   2   0   2   6   0  12   6  0.16 0.08
  196 G     1  -3  -2  -2  -4  -3  -1   6  -3  -5  -5  -3  -4  -4  -3   0  -2  -4  -4  -4   12   0   0   0   0   0   5  77   0   0   0   0   0   0   0   7   0   0   0   0  1.21 0.23
  197 F    -1   1   0  -4  -4  -3  -3  -4   0  -1   0  -3  -2   3  -4  -2  -3   2   7  -2    4   8   6   0   0   0   0   0   1   3   7   0   0  12   0   2   0   1  56   0  0.90 0.22
  198 Q    -3  -1  -2  -2  -5   8   0  -4   1  -5  -4  -1  -3  -5  -3  -2  -3  -4  -3  -4    0   0   0   0   0  97   0   0   3   0   0   0   0   0   0   0   0   0   0   0  1.89 0.40
  199 D    -4  -3   2   7  -5  -2   0  -3  -3  -5  -6  -2  -5  -5  -3  -2  -3  -6  -5  -5    0   0   8  92   0   0   0   0   0   0   0   0   0   0   0   0   0   0   0   0  1.80 0.33
  200 T     0  -3  -2  -3  -3  -2  -3  -3  -3  -3  -3  -2  -2  -4  -3   0   7  -4  -3  -2    8   0   0   0   0   0   0   0   0   0   0   0   0   0   0   3  89   0   0   0  1.30 0.32
  201 L    -3  -4  -5  -5  -3  -4  -4  -5  -4   1   5  -4   1   1  -4  -4  -3  -3  -2   1    0   0   0   0   0   0   0   0   0   4  85   0   1   4   0   0   0   0   0   5  0.96 0.23
  202 C    -3  -3  -4  -5   3  -3  -4  -4   0  -2   0  -3  -1   3  -4  -3   1   4   7  -2    0   0   0   0   8   0   0   0   1   0   7   0   1   7   0   0   9   5  61   0  1.15 0.26
  203 D     2  -3   0   4  -2  -2  -1  -2  -3  -1  -1  -2  -2  -3   2  -1   1  -4  -3   2   20   0   4  30   0   0   0   0   0   1   4   0   0   0   9   0   9   0   0  23  0.33 0.13
  204 D    -2   1   2   2  -4   1   0  -1   7  -4  -3   0  -3  -2  -3  -1  -2  -4   0  -4    1   8   8  14   0   4   3   4  44   0   1   4   0   2   0   3   1   0   2   0  0.71 0.18
  205 K     1   0   1   0  -2   0   0  -1   0  -2  -2   1  -2  -2  -2   3   2  -3   0  -1   10   2   7   3   0   4   1   3   1   1   2  13   0   0   0  31  12   0   5   3  0.22 0.10
  206 G    -1  -2   2  -1  -3   1  -2   4   2  -2  -1  -1  -1  -2   0   0  -1  -3  -1  -3    1   0  12   2   0   8   0  44   7   1   8   2   2   1   4   5   2   0   2   0  0.41 0.12
  207 K    -3   7   2  -3  -5  -1  -2  -4   0  -4  -4   1  -3  -4  -4  -1  -2  -4  -1  -3    0  78   9   0   0   0   0   0   1   0   0   4   0   0   0   2   1   0   3   1  1.23 0.27
  208 H    -1  -1  -1  -2  -4   7   0  -3   6  -4  -4  -1  -2  -4  -3  -1   0  -4  -2  -4    5   0   2   0   0  61   0   0  26   0   0   0   0   0   0   2   4   0   0   0  1.18 0.29
  209 F    -3  -4  -4  -5   2  -4  -4  -5   0  -2   0  -4  -2   7  -5  -4  -3   0   6  -1    0   0   0   0   5   0   0   0   1   0   6   0   0  53   0   0   0   0  32   3  1.23 0.25
  210 Y    -3  -4  -4  -5  -4  -4  -4  -5  -1   0  -1  -4  -2   5  -5  -4  -3   0   8  -1    0   0   0   0   0   0   0   0   0   4   2   0   0  30   0   0   0   0  60   4  1.42 0.28
  211 K    -1   5  -1  -2  -4   0  -1  -3   2  -2  -3   4  -2  -3  -3   0   0  -4  -1  -2    3  44   0   0   0   0   0   0   7   3   0  28   0   0   0   7   4   0   2   3  0.63 0.18
  212 D    -2   1   4   4  -4   1   3  -1  -1  -4  -4   0  -3  -4  -3  -1  -2  -5  -3  -4    0   7  26  29   0   3  28   4   0   0   0   1   0   0   0   2   0   0   0   0  0.71 0.17
  213 C    -2  -3  -3  -4  10  -4  -4  -4  -4  -2  -3  -4  -3  -3  -4   2   0  -4   0  -3    0   1   0   0  71   0   0   0   0   3   0   0   0   0   0  16   5   0   5   0  1.79 0.32
  214 Y    -2   0  -1   1  -3  -2  -2  -4   0  -1  -1  -2  -1   3  -3  -1   0   0   6   0    0   5   2  12   0   0   1   0   1   3   2   1   1  13   0   2   9   0  39   8  0.48 0.16
  215 I    -3  -5  -5  -5  -3  -4  -5  -5  -5   7   1  -4   0  -2  -4  -4  -2  -4  -3   3    0   0   0   0   0   0   0   0   0  82   5   0   0   0   0   0   0   0   0  14  1.15 0.26
  216 E    -1  -1  -1  -1  -3   3   3  -3  -1  -2  -2  -1   1  -2  -2   2   2  -2   3  -2    3   0   0   0   0  15  32   0   0   2   1   0   5   0   0  17  13   0  12   1  0.39 0.15
  217 G    -2  -4  -2   0  -4  -3  -4   7  -4  -6  -5  -3  -4  -5  -4  -2  -3  -4  -5  -5    0   0   0   5   0   0   0  95   0   0   0   0   0   0   0   0   0   0   0   0  1.74 0.30
  218 T     1  -2   0   2  -2  -2  -2  -1  -3  -3  -3  -2  -2  -4  -2   1   5  -4  -3  -2   15   0   3  11   0   0   0   4   0   0   0   0   0   0   0  10  56   0   0   0  0.63 0.20
  219 V    -2  -4  -4  -4  -2  -4  -4  -5  -4   4   0  -4   0   0  -4  -3   0  -4  -1   5    0   0   0   0   0   0   0   0   0  26   0   0   0   3   0   0   5   0   2  64  0.80 0.21
  220 D    -4  -4  -1   8  -6  -2   0  -3  -3  -5  -6  -3  -5  -6  -3  -2  -3  -6  -5  -5    0   0   0 100   0   0   0   0   0   0   0   0   0   0   0   0   0   0   0   0  2.02 0.36
  221 F    -4  -5  -5  -5  -4  -5  -5  -5  -3   0  -1  -5  -2   8  -5  -4  -4  -1   4  -2    0   0   0   0   0   0   0   0   0   4   0   0   0  85   0   0   0   0  10   0  1.74 0.32
  222 I    -3  -5  -5  -5  -3  -4  -5  -5  -5   7   0  -4   0  -2  -4  -4  -2  -4  -3   2    0   0   0   0   0   0   0   0   0  88   2   0   0   0   0   0   0   0   0  11  1.26 0.28
  223 F    -4  -5  -5  -5   3  -5  -5  -5  -3  -2  -1  -5  -2   8  -5  -1  -4  -1   1  -3    0   0   0   0   8   0   0   0   0   0   2   0   0  86   0   4   0   0   0   0  1.64 0.32
  224 G    -2  -4  -2  -3  -4  -4  -4   7  -4  -6  -6  -3  -5  -5  -4  -2  -3  -4  -5  -5    0   0   0   0   0   0   0 100   0   0   0   0   0   0   0   0   0   0   0   0  1.90 0.32
  225 S    -1   2   5   3  -4   0   0  -1  -1  -4  -4   0  -3  -4  -3   1  -1  -4  -1  -4    4  14  41  17   0   4   2   2   0   0   0   3   0   0   0  10   2   0   2   0  0.58 0.16
  226 G     5  -2  -2  -3  -2  -2  -2   4  -3  -3  -3  -2  -3  -4  -2   1  -1  -4  -3  -2   59   2   0   0   0   0   0  30   0   0   0   0   0   0   0  10   0   0   0   0  0.76 0.21
  227 K     4   1  -2  -2  -2   1  -1  -2  -2  -2  -2   1  -2  -2  -2   1   2  -3  -2  -1   45   9   0   0   0   8   1   0   0   1   1   7   0   2   0   8  18   0   0   2  0.36 0.14
  228 S     4  -3  -2  -3   0  -2  -2  -1  -3  -1  -2  -2  -2  -3  -2   3   0  -4  -3   2   43   0   0   0   1   0   0   2   0   0   0   0   0   0   0  27   3   0   0  24  0.47 0.17
  229 I    -2  -4  -4  -5  -2  -3  -4  -5  -4   3   2  -4   1  -1  -4  -3  -2   5  -2   5    0   0   0   0   0   0   0   0   0  16  15   0   3   0   0   0   0  10   0  56  0.74 0.19
  230 F    -4  -4  -5  -5  -4  -4  -5  -5  -2   0   1  -4  -1   7  -5  -4  -3   0   5  -2    0   0   0   0   0   0   0   0   0   3  12   0   0  67   0   0   0   0  18   0  1.30 0.26
  231 L    -3  -1   1   1  -5   6   2  -1   3  -4  -1   0  -2  -4  -3  -2  -2  -4  -3  -4    0   0   5   8   0  55   9   5   7   0   9   2   0   0   0   0   0   0   0   0  0.82 0.29
  232 N    -2   0   5   2  -4  -1   1   1   0  -4  -4   0  -3  -2  -3   1  -1  -4  -2  -4    0   5  44  12   0   0   7  12   1   0   0   4   0   3   0   9   1   0   1   0  0.62 0.21
  233 T    -3  -5  -4  -5  10  -5  -5  -5  -5  -3  -3  -5   0  -5  -5  -1   2  -5  -4   0    0   0   0   0  76   0   0   0   0   0   0   0   2   0   0   4  12   0   0   6  2.19 0.44
  234 E    -2   0   2   3  -3   2   2  -2   2  -2  -1   1  -2  -3  -2   0   1  -4  -2  -2    0   5  12  20   0  12  13   0   7   1   5   6   0   0   1   3  12   0   0   3  0.32 0.13
  235 L    -3  -4  -4  -4  -3  -4  -4  -5  -4   5   3  -4   0   2  -4  -4  -2  -3  -2   1    0   0   0   0   0   0   0   0   0  56  30   0   0   8   0   0   0   0   0   2  0.83 0.24
  236 H    -2   2   0  -1  -3   1  -1  -2   5  -1  -1   1   0   1  -2  -2  -2  -2   2   1    1  13   5   3   0   9   1   3  23   1   3   8   2   5   1   0   0   0   8  13  0.27 0.13
  237 A     2  -1  -2  -2   1  -2  -2   0  -2   0  -1  -1  -1  -2   1   1   0  -3  -1   2   29   2   0   0   3   0   0   6   0   3   2   2   0   0   7  12   5   0   2  23  0.21 0.12
  238 V    -1   3  -2  -3  -3  -1  -2  -3  -2   2   1   0   1  -2  -1  -1   0  -3  -1   2    1  28   0   0   0   0   1   0   0  13  14   5   4   0   3   3   5   0   2  21  0.26 0.13
  239 P     1   0   0  -1  -2   1   0  -1  -2  -2  -2   2  -1  -3   4   1  -1  -3  -2  -1   11   2   4   1   0   7   5   4   0   1   3  14   2   0  26  11   1   0   0   6  0.37 0.11
  240 G     1  -1  -1  -1  -3  -1  -1   5  -2  -3  -3   0  -1  -4   2   1  -2  -3  -3  -3   10   2   1   3   0   2   2  46   0   0   1   5   2   0  11  12   0   0   0   0  0.57 0.16
  241 D    -1   1   4   2  -3   2   0   0   0  -2  -3   1  -2  -3   0   1  -1  -3  -1  -3    4   6  25  12   0  12   3   5   2   2   1  11   0   0   5   9   0   0   1   0  0.32 0.12
  242 Q    -2   1   1  -2  -4   5   0   2  -1  -3  -2   2  -2  -4  -3   0   0  -3   0  -2    1   5   6   0   0  43   1  14   0   0   4  11   0   0   0   5   4   0   3   2  0.51 0.21
  243 P     1  -1   1  -1  -2   1   0   0  -2  -1  -1   1  -1   0   2   1   0  -3  -2  -1   15   1   7   0   0   5   7   8   0   4   3  14   0   6  10  12   4   0   0   3  0.14 0.07
  244 A     2   0   4  -1   2  -1  -2   3  -1  -2  -3  -1  -3  -3  -3   0  -1  -4  -2  -2   20   5  28   0   7   2   0  25   1   2   0   2   0   0   0   3   3   0   1   1  0.42 0.16
  245 I     0  -1  -2  -1   0  -2  -2  -2  -1   1   0  -2   2   1  -1   1   1  -1   3   1    7   3   0   3   1   0   1   0   0   6   4   0   9   4   2  13  14   0  16  16  0.16 0.11
  246 I    -2  -4  -2  -4  -3  -4  -4  -5  -4   6   0  -4  -1  -1  -4  -3  -1  -4   0   3    2   0   2   0   0   0   0   0   0  62   4   0   0   1   0   0   2   0   3  23  0.85 0.26
  247 T     0  -3  -2  -3  -3  -3  -3  -4   0  -1  -2  -3  -3   1  -3  -1   7  -4  -3  -2    8   0   0   0   0   0   0   0   2   2   1   0   0   6   0   0  80   0   0   0  1.17 0.37
  248 A     6  -3  -3  -2  -2  -3  -3  -2  -4  -3  -3  -3  -3  -1  -3   0  -2  -4  -3   0   89   0   0   2   0   0   0   0   0   0   0   0   0   2   0   2   0   0   0   4  1.15 0.35
  249 Q    -1  -1   1  -2  -4   6   0  -1   5  -4  -3  -1   1  -1   1  -1  -1  -3   0  -3    3   0   8   0   0  49   1   4  16   0   0   0   5   2   6   2   2   0   2   0  0.74 0.27
  250 A     2  -3   0  -2  -3  -1  -2   5   1  -4  -4  -2  -2  -4   0   2  -2  -4  -3  -4   15   0   5   0   0   2   0  52   4   0   0   0   1   0   5  16   0   0   0   0  0.75 0.22
  251 R    -3   7  -2  -1  -5  -1   0  -2  -2  -5  -4   1  -3  -5   0  -1   0  -5  -4  -4    0  74   0   3   0   0   4   3   0   0   0   3   0   0   4   2   7   0   0   0  1.19 0.33
  252 K     0  -1   0   1  -3   1   1  -1  -2  -2  -1   2  -2  -3  -1   2   2  -4  -3  -2    3   0   3   9   0   4  11   2   0   2   5  20   0   1   2  17  21   0   0   2  0.25 0.13
  253 T    -1  -2   1   4   0  -1   0  -1  -2  -1  -3  -1  -3  -3  -3   3   2  -4  -3  -3    2   0   7  30   2   1   3   4   0   4   0   2   0   1   0  30  14   0   0   0  0.47 0.19
  254 D     1  -2   0   0  -3   0   1  -3  -2  -3  -2   0  -3  -4   6   0  -1  -4  -3  -2   18   1   6   3   0   4   8   0   0   0   4   7   0   0  40   3   2   0   0   3  0.71 0.19
  255 S     0   0   3   1  -3   0   0   0  -1  -1  -2  -1  -2   0  -1   1   1   1  -1  -2    5   6  24   9   0   1   6   5   1   5   1   1   0   4   2  16   9   2   1   0  0.21 0.10
  256 E    -1  -1   0   3  -4   5   4  -3  -1  -3  -3  -1   1  -3  -3  -1  -2  -3   0  -1    3   0   2  17   0  31  27   0   0   1   0   0   4   0   0   3   1   0   4   4  0.59 0.21
  257 D     0   0   3   2  -3   1   0  -2  -1  -3  -3   3  -3  -4   2   1   1  -4  -2  -3    7   1  23  11   0   5   2   0   0   0   0  22   0   0  10   8   8   0   1   0  0.38 0.14
  258 T    -1  -3   0  -2  -3  -2  -2  -1   0  -1  -3  -2  -2  -2  -3   2   5  -3   3  -2    3   0   5   0   0   0   0   5   2   5   0   0   0   0   0  18  50   0  13   0  0.62 0.25
  259 G    -1  -4  -2  -3  -4  -4  -4   7  -4  -5  -5  -3  -4  -5  -4  -1  -3   3  -4  -5    3   0   0   0   0   0   0  88   0   0   0   0   0   0   0   2   0   5   0   0  1.67 0.35
  260 Y    -3  -4  -4  -5  -4  -4  -4  -5  -2   3   0  -4  -1   6  -5  -4  -1   1   5  -1    0   0   0   0   0   0   0   0   0  27   6   0   1  42   0   0   4   2  20   0  0.95 0.26
  261 Y     0  -3  -2  -3   0  -2  -3  -3  -3   0   1  -3  -1  -2  -3   3   0  -3   1   3    8   0   0   0   1   0   0   0   0   3  14   0   0   0   0  29   4   0   7  34  0.33 0.18
  262 F     1  -4  -4  -5  -3  -4  -4  -4  -4   4   1  -4   0   5  -4  -3  -2  -2   0   1   12   0   0   0   0   0   0   0   0  36  10   0   1  33   0   0   0   0   0   7  0.67 0.22
  263 V    -2  -2  -2   0  -3   3  -1  -4   5   3   0  -1  -1  -2  -3  -1  -1  -4  -2   2    0   0   0   5   0  24   0   0  17  20   9   2   0   0   0   2   2   0   0  20  0.40 0.19
  264 N    -2   1   6   0  -4  -1  -2   0   4  -5  -4   0  -3  -1  -3   1  -2  -5  -2  -4    1   7  52   4   0   1   0   6  12   0   0   6   0   3   0   8   0   0   0   0  0.80 0.25
  265 C    -2  -4  -3  -4  10  -4  -4  -1  -4  -4  -3  -1  -4  -5  -4   3  -2  -5  -4  -3    0   0   0   0  65   0   0   4   0   0   1   4   0   0   0  25   0   0   0   0  1.84 0.41
  266 R    -2   4   2  -1  -3   0  -1  -3   1  -3  -2   2  -2  -3  -3   0   2  -4  -2  -2    0  29  14   2   0   2   2   0   3   0   4  15   0   0   0   7  19   0   1   3  0.40 0.16
  267 V    -3  -4  -5  -5  -3  -4  -5  -5  -4   5   0  -4  -1   3  -4  -4  -1  -3  -2   4    0   0   0   0   0   0   0   0   0  50   4   0   0  12   0   0   1   0   0  32  0.87 0.26
  268 T     0   0   2  -1  -2  -1  -2  -1  -1   0  -1   0   0  -1  -3   1   4  -3   1  -1    5   4  10   1   0   0   0   5   1   6   5   6   3   1   0   9  35   0   8   3  0.22 0.13
  269 G     3  -3  -2  -2  -3  -2  -2   5  -3  -4  -4  -2  -3  -4   2   0  -1  -4  -4  -3   36   0   1   1   0   0   2  44   0   0   0   0   0   0  10   3   2   0   0   0  0.77 0.23
  270 G     1  -2   1   2  -2  -1   0   2  -2  -2  -3  -1  -2   0  -2   2   2  -3  -2  -2   11   0   6  15   0   0   3  15   0   1   1   2   0   4   0  19  21   0   0   1  0.28 0.13
  271 G     0  -1   0   0  -3   0   1   3  -2  -4  -4   2  -1  -4   0   2   0  -4  -3  -3    8   0   2   4   0   2   7  31   0   0   0  18   1   0   4  16   6   0   0   0  0.38 0.14
  272 A     2  -2  -2  -2  -2  -1  -1   0  -2  -1  -1  -2  -2  -2  -2   1   4  -3   1   1   17   0   0   0   0   3   3   6   0   3   4   0   0   0   0  12  36   0   6  11  0.31 0.16
  273 F    -4  -4  -4  -5  -4  -1  -4  -3   2  -3  -1  -4  -3   4  -5  -4  -4   2   8  -3    0   0   0   0   0   4   0   2   5   0   5   0   0  16   0   0   0   2  66   0  1.52 0.37
  274 L    -3  -4  -5  -6  -3  -4  -5  -6  -5   0   6  -4   1  -1  -5  -4  -3  -4  -3   0    0   0   0   0   0   0   0   0   0   0  97   0   2   0   0   0   0   0   0   2  1.37 0.35
  275 G    -2  -5  -3  -4  -5  -4  -4   7  -4  -6  -6  -4  -5  -5  -4  -2  -4  -5  -5  -5    0   0   0   0   0   0   0 100   0   0   0   0   0   0   0   0   0   0   0   0  2.08 0.42
  276 R    -4   8  -3  -4  -6  -1  -2  -5  -3  -6  -5   0  -4  -5  -5  -3  -4  -5  -4  -5    0 100   0   0   0   0   0   0   0   0   0   0   0   0   0   0   0   0   0   0  2.15 0.47
  277 S     3  -4  -4  -3  -4  -3  -3  -3  -4  -4  -4  -3  -4  -5   7   0  -2  -5  -5  -4   28   0   0   0   0   0   0   0   0   0   0   0   0   0  64   8   0   0   0   0  1.67 0.36
  278 W    -5  -5  -6  -7  -5  -5  -6  -5  -5  -5  -2  -2  -1  -2  -6  -6  -5  12   0  -5    0   0   0   0   0   0   0   0   0   0   4   3   2   0   0   0   0  90   1   0  3.75 0.61
  279 M    -2   3  -1   2  -4   0  -1   1   0  -4  -3   4   2  -4  -3  -1  -2  -4  -3  -3    0  19   0  13   0   2   0  14   2   0   0  38   8   0   0   4   0   0   0   0  0.53 0.20
  280 P    -1  -1   0   0  -3   3   2  -2  -2  -1  -1   1  -1  -3   3   1  -1  -4  -3   0    4   1   3   3   0  16  16   1   0   2   7   9   1   0  17  10   0   0   0  10  0.30 0.12
  281 A    -2  -3  -1  -1  -4  -3  -3   0   3  -3  -1  -3  -2   4  -4  -2  -2   0   7  -3    2   0   2   4   0   0   0   7   7   0   6   0   0  22   0   2   2   0  46   0  0.90 0.26
  282 A     3  -3  -2  -2  -2  -2  -2   0  -3  -3  -4  -2  -3  -4   0   5  -1  -4  -3  -1   28   0   0   0   0   0   0   4   0   0   0   0   0   0   5  59   0   0   0   5  0.78 0.29
  283 K    -3   6   0  -3  -5   0  -2  -4  -2  -4  -4   2  -3  -5  -4   0   1  -5  -4  -4    0  66   4   0   0   3   0   0   0   0   0  11   0   0   0   5  11   0   0   0  1.11 0.31
  284 V    -1  -3  -3  -4  -3  -3  -3  -1  -4   0  -2  -3  -2  -3  -3  -1   5  -4  -3   4    1   0   0   0   0   0   0   6   0   2   0   0   0   0   0   0  49   0   0  42  0.81 0.30
  285 V    -1  -4   0  -4   0  -4  -4  -4  -4   4  -1  -4  -1  -2  -4  -3   0  -4  -3   5    4   0   5   0   2   0   0   0   0  25   0   0   0   0   0   0   7   0   0  57  0.74 0.25
  286 F    -2  -4  -4  -4  -3  -4  -4  -1  -2   3  -1  -4  -1   5  -4  -1  -2  -1   4   2    0   0   0   0   0   0   0   5   0  21   2   0   0  34   0   6   0   0  17  15  0.64 0.21
  287 A     2  -2  -3  -2  -3   3  -2  -3  -3   1   1  -2   6  -2  -3   0  -2  -3   0   0   20   0   0   2   0  15   0   0   0   9   7   0  36   0   0   5   0   0   4   2  0.50 0.23
  288 Y    -2   1   3  -1  -4   3   1  -1  -1  -3  -3   2  -1  -1  -3  -1  -2  -2   4  -1    0   5  17   1   0  19   8   5   0   0   1  14   2   1   0   2   0   0  18   5  0.35 0.16
  289 T    -1  -2   0  -1   2  -2  -2  -2  -3  -2  -3  -2  -2  -3  -2   4   5  -4  -3   0    0   0   2   2   4   0   0   0   0   0   1   0   0   0   0  42  40   0   0   5  0.70 0.25
  290 E    -2  -1   1   0  -3   0   1  -3  -1   0  -2  -1   0   3  -3   1   0  -1   5  -1    1   2   6   6   0   3  13   0   0   5   1   1   2  14   0  11   4   0  26   5  0.28 0.13
  291 M    -2   0  -4  -4  -3  -3  -3  -4  -3   4   3  -3   5   1  -4  -3  -1  -3  -2   0    0   5   0   0   0   0   0   0   0  34  24   0  25   5   0   0   2   0   0   0  0.60 0.21
  292 V    -1  -3  -1   4  -3  -2   0   2  -1   0  -3  -2  -3  -4  -1   3   1  -4  -3  -2    1   0   0  30   0   0   4  15   1   8   0   0   0   0   3  26  12   0   0   1  0.43 0.18
  293 D     0  -1   3   5  -4  -1   0   0  -2  -4  -4   0  -4  -4  -3   2  -1  -5  -4  -4    7   1  18  42   0   1   2   7   0   0   0   5   0   0   0  16   1   0   0   0  0.69 0.21
  294 A     1  -3  -2  -3   0  -3  -3  -1   1   2   2  -3   0   1  -3  -1  -1  -3  -1   3   12   0   2   0   2   0   0   6   5  10  19   0   0   7   0   3   3   0   0  33  0.23 0.12
  295 I    -2  -4  -4  -5  -3  -4  -4  -5  -5   6   0  -4  -1  -2  -4  -1  -2  -4  -3   4    0   0   0   0   0   0   0   0   0  61   1   0   0   0   0   6   0   0   0  32  1.01 0.29
  296 H     0   1   4   3  -3   1   0  -2   2  -3  -2  -1  -2  -1  -2   1   0  -4  -1  -1    6   7  26  17   0   5   3   0   7   0   5   1   0   2   1  12   3   0   2   4  0.28 0.13
  297 P    -1  -2  -2  -3  -4  -3  -2  -3   1  -4  -3  -2  -4  -4   8  -2  -2  -5  -4  -4    3   2   2   0   0   0   2   1   4   0   2   0   0   0  77   2   1   0   0   0  1.85 0.34
  298 E     1   0   1   1  -2   0   2  -1  -2   0  -1   1  -1  -3  -2   1   0  -3  -2   0   17   5   7   6   0   2  22   2   0   4   6   7   0   0   0   9   3   0   0  11  0.14 0.08
  299 G    -2  -5  -3  -4  -5  -4  -4   7  -4  -6  -6  -4  -5  -5  -4  -2  -4  -5  -5  -5    0   0   0   0   0   0   0 100   0   0   0   0   0   0   0   0   0   0   0   0  2.07 0.42
  300 W    -5  -5  -6  -7  -5   0  -5  -5  -5  -5  -4  -5  -4   1  -6  -5  -5  12   1  -6    0   0   0   0   0   6   0   0   0   0   0   0   0   5   0   0   0  87   2   0  3.63 0.60
  301 I    -1  -1   1   0  -2   0  -1  -2   0   0   1  -1   1  -1  -2   0   1   2   0   0    3   3  10   6   0   7   0   0   3   6  21   2   5   2   0   5  14   3   3   6  0.08 0.07
  302 L     0  -1   0   0  -3  -1   3  -3  -2  -1  -2   0  -1  -2   2   0   1   6  -2   0    7   3   4   5   0   0  25   0   0   2   2   3   1   1  11   4  11  13   0   6  0.33 0.14
  303 V    -1  -4   0  -3  -4  -3  -4   0   0   0  -2  -4   3   0  -4  -1  -2  10  -1  -2    5   0   5   1   0   0   0   8   2   7   2   0   8   3   0   5   2  48   0   2  1.39 0.32
  304 K     0   2   3   2  -3   1   0   0   0  -3  -3   2  -2  -2  -2   1   0  -3  -2  -2    6  11  19  12   0   5   2   7   2   0   1  16   0   1   0  11   4   0   0   1  0.28 0.11
  305 P     0  -1  -1   1  -3  -2   0   3  -2  -3  -3  -1  -3  -4   4   1   0  -4  -2  -1    7   2   2   8   0   0   4  26   0   0   0   1   0   0  27  10   4   0   1   4  0.54 0.15
  306 E     0  -1   1   2  -3   0   2  -1  -1  -3  -3   0  -2   0  -2   0   1   6   0  -3    6   1   9  13   0   2  19   4   0   0   1   6   0   4   0   7  11  13   3   0  0.34 0.12
  307 H     0   0   0   0  -3  -1  -1   0   3  -2  -2   0  -2   3  -2  -1   0  -2   2  -1   10   5   5   5   0   2   3   9  12   1   0   6   0  23   1   1   9   0   6   3  0.18 0.11
  308 E     2  -1  -1   2  -3   0   2   1   0  -3  -1   0  -2  -2   2   0  -2  -4  -3  -2   21   1   0  11   0   3  21  13   2   0   7   5   0   2  10   5   0   0   0   0  0.25 0.12
  309 S     1   1   2   2  -3  -1   0   0  -2  -3  -3   2   0  -3  -2   2  -1  -4  -3  -3   15   8  12  12   0   0   4   4   0   0   1  20   3   0   0  19   2   0   0   0  0.29 0.13
  310 T    -2  -3  -2  -1  -3  -1  -2  -3   0  -2  -3  -1  -2  -4  -3   1   6  -4  -3   0    1   0   0   3   0   3   0   1   2   0   1   2   0   0   0   7  75   0   0   5  1.02 0.32
  311 V     1  -3  -4  -4   2  -3  -3  -4  -4   2   3  -3   0  -1   1  -2  -2  -3  -2   2   12   0   0   0   4   0   0   0   0  13  43   0   0   2   6   1   0   0   0  17  0.41 0.16
  312 R    -3   2  -3  -4  -1  -2  -3  -4   1  -2   0  -1  -1   4  -4  -2   2   1   5  -1    0  17   0   0   2   0   0   0   2   0   6   1   1  22   0   2  16   1  27   2  0.57 0.22
  313 F    -4  -4  -4  -5  -5  -4  -5  -5   1  -3  -3  -4   1   5  -5  -4  -4   0   8  -3    0   0   0   0   0   0   0   0   3   0   0   0   5  26   0   0   0   0  67   0  1.84 0.43
  314 S     1   0  -2  -3  -3  -3  -3   4  -2  -2  -3  -2  -2   1  -2  -1  -2   3   2   0   15   5   0   0   0   0   0  42   0   1   0   0   0   8   1   3   1   5  10   9  0.49 0.18
  315 E    -3  -2  -3  -1  -6   0   7  -5  -2  -5  -5  -2  -4  -6  -4  -2  -3  -5  -4  -3    0   0   0   0   0   1  97   0   0   0   0   0   0   0   0   0   0   0   0   2  1.86 0.47
  316 Y    -2  -4  -4  -5  -5  -4  -4  -5   3  -2  -3  -4  -3   3  -5  -3  -4   0   8  -1    2   0   0   0   0   0   0   0   6   1   0   0   0  12   0   1   0   0  74   3  1.78 0.42
  317 N    -1   1   4  -1  -4   2  -1   1  -2  -3  -2   3   3  -4  -3  -1  -2  -4  -3  -3    3   5  32   1   0   8   2  13   0   0   2  22  10   0   0   1   0   0   0   0  0.48 0.20
  318 N    -3  -3   7  -2   7  -3  -3  -3  -2  -5  -5  -3  -4  -5  -4  -1  -2  -6  -4  -4    0   0  71   0  26   0   0   0   0   0   0   0   0   0   0   3   0   0   0   0  1.78 0.44
  319 K    -2   2   0  -2  -3  -1  -1  -2   0  -2  -3   1  -2   1  -3   1   4  -2   2  -2    1  16   4   1   0   0   2   1   3   2   0   9   0   8   0  11  33   0  11   0  0.36 0.18
  320 G    -2  -5  -3  -4  -5  -4  -4   7  -4  -6  -6  -4  -5  -6  -4  -3  -4  -5  -5  -6    0   0   0   0   0   0   0 100   0   0   0   0   0   0   0   0   0   0   0   0  2.11 0.44
  321 P     2  -2  -3  -2  -4  -3  -3  -3  -4  -3  -3  -3  -3  -5   7   0  -1  -5  -4   0   23   2   0   1   0   0   0   1   0   0   1   0   0   0  57   4   3   0   0   6  1.31 0.31
  322 G    -1  -4  -3  -3  -5  -4  -4   7  -4  -6  -6  -2  -5  -5  -4  -1  -4  -5  -5  -5    2   0   0   0   0   0   0  95   0   0   0   2   0   0   0   2   0   0   0   0  1.89 0.41
  323 A     5  -3  -2  -3  -2  -2  -2  -1  -3  -4  -4  -2  -3  -4  -3   4  -1  -1  -4  -3   54   0   0   0   0   0   0   2   0   0   0   0   0   0   0  43   0   1   0   0  0.95 0.33
  324 N     0  -1   2   3  -1  -1   1   1   1  -2  -3   0  -3  -2  -2   1   0  -4  -3  -2    8   3  14  24   2   0   9  10   5   1   0   5   0   1   1  10   3   0   0   4  0.28 0.11
  325 M    -1   1  -2  -3  -2   0  -2  -3  -1   0   0   0   2  -2  -3   0   4  -3  -1   1    4   8   0   0   0   3   0   0   2   5   8   4   7   0   0   3  42   0   2  13  0.33 0.17
  326 E     1  -1   1   0  -2   0   0   1  -2  -3  -3   0  -2  -4  -2   3   1  -4  -3  -1   10   3   5   2   0   3   6  12   0   0   0   3   0   0   0  39  10   0   0   6  0.34 0.16
  327 K     0   3   1   0  -4   2   0   0  -2  -4  -3   3  -2  -4  -1   0  -1   2  -3  -3    8  15   8   3   0  11   4   9   0   0   2  30   0   0   2   3   2   3   0   0  0.35 0.14
  328 R    -4   8  -3  -1  -6  -1   0  -2  -2  -5  -5   0  -4  -5  -4  -3  -3  -5  -4  -5    0  89   0   3   0   0   5   2   0   0   0   0   0   0   0   0   0   0   0   0  1.76 0.43
  329 A     1  -1  -4  -4  -2  -3  -3  -4  -4   1  -1  -3  -1  -3  -2  -1  -2  -4  -3   6   15   3   0   0   0   0   0   0   0   2   1   0   0   0   2   3   0   0   0  72  0.79 0.27
  330 K    -1   1   1   0  -4   0   0  -2  -2  -4  -2   4  -3  -4   3   0   1  -4  -3  -3    2   6   7   3   0   2   5   1   0   0   3  39   0   0  16   7   8   0   0   0  0.49 0.18
  331 F    -5  -5  -6  -6  -5  -1  -5  -3  -1  -5  -4  -5  -4   2  -6  -5  -5  12   4  -5    0   0   0   0   0   3   0   2   1   0   0   0   0   9   0   0   0  71  13   0  2.88 0.50
  332 V     1  -2  -2  -3  -2  -1  -1  -2  -1   1   1  -2   0   2   0   1   0  -2   0   1   19   0   0   0   0   1   3   1   1   8  15   1   0  14   5  11   6   0   3  10  0.12 0.08
  333 K    -1   2  -1  -1  -4   2   0   1   2  -4  -4   4  -2  -4  -1   1   1  -4  -3  -3    0  10   1   2   0  10   2  11   6   0   0  37   0   0   2  10   9   0   0   1  0.41 0.16
  334 R     0   1  -1   2  -3   1   1  -2   0  -1  -1   2  -1  -1  -2   0   0  -3   1   1    5   9   0  13   0   4   9   0   1   1   3  18   2   1   0   6   8   0   5  14  0.13 0.08
  335 L     0  -2  -3  -4  -2  -3  -3  -2  -3   4   3  -3   2  -1  -3  -2  -1  -3  -2   1    7   1   0   0   0   0   0   2   0  29  44   0   4   1   0   2   3   0   0   3  0.45 0.15
  336 S    -1  -2   1   2  -2   0   0  -2   0  -2  -2   0   0  -2   0   3   3  -3  -2  -2    1   0   5  11   0   4   3   1   2   0   2   5   4   2   3  33  23   0   0   1  0.32 0.14
  337 D     1  -1   1   4  -3  -1   2  -1  -1  -2  -1   1  -2  -3  -1   0   0  -3  -1  -2   12   2   5  30   0   0  13   2   0   0   5   8   0   0   2   7   7   0   3   2  0.28 0.10
  338 A     2   0  -1   0  -2   1   1  -1  -1  -1  -2   1  -2  -1   1   1   1  -3  -2  -1   23   3   2   5   0   6   9   2   0   3   1  14   0   2   7  10   7   0   0   5  0.16 0.07
  339 E     0  -1  -1   1  -3   1   5  -3   1  -3  -3   0  -2  -3  -2   0  -1  -3  -1   0    7   2   1   7   0   4  50   0   3   0   1   4   0   0   0   6   3   0   2   8  0.51 0.18
  340 A     4  -3  -3  -1  -2  -1   1  -2  -3   0  -2  -1  -2  -3  -2  -1   0  -3   0   2   50   0   0   4   0   2   9   0   0   4   0   1   0   0   0   0   6   0   4  20  0.40 0.19
  341 K     2   1   1   0  -2   1   1  -1   1  -2  -1   2   0  -3  -2   0   0  -3  -2  -2   25   5   5   4   0   6   7   2   4   1   5  22   2   0   0   4   7   0   0   0  0.19 0.10
  342 Q    -1   1   0  -1  -3   3   1  -1   1  -2  -1   1  -1  -3   2   1   0  -3  -1  -1    2   7   4   0   0  18   6   4   4   0   6   7   2   0  10  17   7   0   2   4  0.21 0.10
  343 S     0  -2  -3  -3  -3   0  -1  -3  -2  -2  -1   0  -1   6  -3   0   1  -1   2  -2    9   2   0   0   0   6   5   1   0   0   5   5   0  47   0   8   9   0   4   0  0.51 0.19
  344 I     1  -3  -3  -3  -2  -2  -3  -3  -3   2   1  -1  -1   4  -3  -1   3  -2   0   1   13   0   0   0   0   0   0   0   0  12  12   4   0  21   0   3  24   0   1  10  0.29 0.14
  345 S     0  -2   1   0  -2  -1   0  -1   0  -1  -2  -2  -2  -3   0   2   3  -4  -3   2    4   0   5   5   0   0   7   2   2   0   0   0   0   0   5  21  24   0   0  23  0.27 0.15
  346 L     1  -1  -3  -3  -2  -1  -2  -1  -1   1   2   0   1  -2  -1  -1  -1  -3  -1   2   17   2   0   0   0   1   0   4   2   7  26   8   2   0   2   1   1   0   1  25  0.18 0.11
  347 G     0  -1   2   0  -3   1   0   4  -2  -4  -4  -1  -3  -4   0   2   0  -4  -2  -3    5   1  12   5   0   6   6  34   0   0   0   2   0   0   4  20   5   0   1   0  0.44 0.15
  348 S    -2  -2  -1  -2  -3  -2  -2  -2  -2  -2  -1   0  -2   6   0   1   0  -1   3  -2    0   2   2   2   0   1   1   2   0   0   4   8   0  47   4  14   5   0   9   0  0.57 0.21
  349 I    -3  -4  -4  -4  -3  -4  -4  -4  -4   6   1  -4   0   2  -4  -3  -1  -3   0   2    0   0   0   0   0   0   0   0   0  65  11   0   0   8   0   0   2   0   2   8  0.81 0.23
  350 E    -1   0   1   5  -4   2   1  -1   0  -2  -2   0  -1  -3  -3  -1   0  -4  -1  -3    5   4   6  39   0  15   4   4   1   2   5   3   1   0   0   1   7   0   3   0  0.41 0.15
  351 A     1  -1  -2  -3  -4   1  -2   6  -3  -4  -4  -2  -3  -4  -1  -1  -3   2  -1  -1   10   4   0   0   0   6   2  63   0   0   0   0   0   0   2   1   0   3   3   5  0.85 0.23
  352 S     1   0   2   3  -3  -1   1   2  -2  -3  -4  -1  -3  -4  -1   2   1  -4  -3  -3    9   4   9  18   0   0  10  16   0   0   0   2   0   0   1  18  12   0   0   0  0.34 0.12
  353 K     0   0   1   1  -3   1   1   2   0  -2  -2   1  -2  -3  -2   2   1  -3  -3  -2    4   3   8   9   0   9  11  15   3   1   4   7   0   0   0  17   9   0   0   0  0.23 0.09
  354 W    -5  -6  -3  -7  -5  -5  -6  -5  -5  -6  -5  -6  -4  -2  -7  -3  -5  13  -1  -6    0   0   2   0   0   0   0   0   0   0   0   0   0   0   0   3   0  96   0   0  4.09 0.63
  355 L    -3  -4  -5  -5  -3  -4  -4  -5  -4   3   5  -4   0  -1  -4  -4  -3   3  -2   1    0   0   0   0   0   0   0   0   0  18  69   0   0   0   0   0   0   4   0   9  0.89 0.24
  356 L     0   1  -1  -2   1  -1  -2   0  -2   0   1   1   0  -2   3  -1  -1  -3  -2  -1    5   9   3   0   5   0   0   9   0   7  27  10   0   0  19   0   3   0   0   0  0.19 0.06
  357 P     0  -2  -2  -2  -3   0   1  -2   1  -3  -3  -1  -3  -4   7   0  -2  -4  -3  -3    7   0   0   0   0   4   8   1   5   0   1   0   0   0  65   7   0   0   0   0  1.32 0.17
  358 P    -1  -2   0  -1  -2  -1  -1  -2  -2   0  -2   0  -2  -3   4   1   3  -3  -2  -1    1   0   4   0   0   0   1   1   0   7   1   5   0   0  28  11  38   0   0   1  0.53 0.09
  359 R     0   5   1  -1  -3   1   0   1  -1  -3  -3   2  -2  -3  -2   0  -1  -3  -2  -3    6  49   8   0   0   6   0  10   0   0   0  14   0   0   0   5   0   0   0   0  0.47 0.08
  360 V     1  -3  -3  -3  -1  -3  -3  -3  -3   3   0  -3   0  -1  -3  -2  -1  -3  -2   4   11   0   0   0   0   0   0   0   0  29   0   0   0   0   0   0   0   0   0  57  0.44 0.09
  361 V    -1  -2  -2  -3  -1  -2  -2  -3  -3   2   1  -2   2  -1  -2  -1   2  -3  -2   3    0   0   0   0   0   0   0   0   0  13   0   0  13   0   0   0  24   0   0  49  0.28 0.04
  362 G     0  -3  -1  -2  -3  -2  -2   6  -2  -4  -4  -2  -3  -4  -2   0  -2  -3  -3  -4    0   0   0   0   0   0   0 100   0   0   0   0   0   0   0   0   0   0   0   0  1.14 0.04
  363 L    -1  -2  -2  -3  -1  -2  -2  -3  -2   2   2  -2   3   0  -2   0   0  -2  -1   2    0   0   0   0   0   0   0   0   0  17  29   0  19   0   0  18   0   0   0  17  0.19 0.01
  364 P    -1  -2  -2  -2  -3  -2  -1  -3  -3  -3  -3  -1  -3  -4   8  -1  -1  -4  -3  -3    0   0   0   0   0   0   0   0   0   0   0   0   0   0 100   0   0   0   0   0  2.14 0.05

                      K         Lambda
Standard Ungapped    0.1353     0.3174
Standard Gapped      0.0410     0.2670
PSI Ungapped         0.1353     0.3174
PSI Gapped           0.0410     0.2670
