
Last position-specific scoring matrix computed, weighted observed percentages rounded down, information per position, and relative weight of gapless real matches to pseudocounts
            A   R   N   D   C   Q   E   G   H   I   L   K   M   F   P   S   T   W   Y   V   A   R   N   D   C   Q   E   G   H   I   L   K   M   F   P   S   T   W   Y   V
    1 M    -2  -2  -3  -4  -2  -1  -3  -4  -2   2   2  -2   7   0  -3  -2  -1  -2  -2   1    0   0   0   0   0   0   0   0   0  11  10   0  79   0   0   0   0   0   0   0  0.65 0.10
    2 A     2  -2  -1  -2  -1  -1  -1  -1  -2   0   0  -1   0  -2  -2   2   2  -3  -2   1   22   0   0   0   0   0   0   0   0   0  12   0   0   0   0  33  13   0   0  20  0.19 0.03
    3 N    -1   0   4   0   3   0  -1  -2  -1   0  -2   2  -1  -3  -2   0   1  -4  -2  -1    0   0  41   0  10   0   0   0   0  13   0  24   0   0   0   0  12   0   0   0  0.29 0.05
    4 A     0  -1   1  -1  -2   1  -1   0  -1  -1   1   1   3  -1  -2   0  -1  -3  -2  -1    9   0  11   0   0  10   0   9   0   0  21  12  19   0   0   9   0   0   0   0  0.09 0.03
    5 P     0   1   3  -1  -3   0  -1  -2  -1  -3  -3   2  -2  -3   4   0   1  -4  -2  -2   10   9  28   0   0   0   0   0   0   0   0  17   0   0  20   0  16   0   0   0  0.42 0.05
    6 R     0   2  -2  -2   2   0  -1  -2  -2   2  -1   0   0   0  -2   0   0  -3  -1   1   12  20   0   0   6   5   0   0   0  26   0   6   0   6   0   6   7   0   0   7  0.11 0.05
    7 I    -2  -3  -3  -4  -2  -3  -3  -4  -3   3   3  -3   2   2   0  -2   0  -2  -1   2    0   0   0   0   0   0   0   0   0  32  29   0   7   9   5   0   7   0   0  12  0.35 0.09
    8 L     0   1  -3  -3  -2  -1  -2  -3  -2   1   2  -2   0   2  -3  -1  -1   5   1   0    8  10   0   0   0   3   0   0   0   4  37   0   0  10   0   7   0  10   4   6  0.24 0.07
    9 A     2  -2  -2  -3  -2  -2  -2  -2  -2  -1   2  -1   0   1  -2   2  -1  -2  -1  -1   27   0   0   0   0   0   0   0   0   0  37   4   0   9   0  23   0   0   0   0  0.23 0.10
   10 L     0  -2  -3  -3  -2  -2  -3  -3  -3   2   3  -1   1   3  -3  -1  -1  -2  -1   1    9   0   0   0   0   0   0   0   0  18  37   4   0  16   0   6   0   0   0  10  0.26 0.08
   11 G     1  -3  -2  -3  -2  -2  -2   0  -2   1   0  -2   0   2  -3   0   0  -2   1   2   17   0   0   0   0   0   0   9   0   6   7   0   0  16   0   6   8   0   6  25  0.15 0.06
   12 L    -1  -3  -3  -4  -2  -3  -3  -4  -3   3   3  -3   1   3  -3  -2   1  -2  -1   2    3   0   0   0   0   0   0   0   0  26  31   0   0  16   0   0  10   0   0  14  0.35 0.09
   13 L    -2  -3  -3  -4   1  -3  -3  -4  -3   2   2  -3   0   4  -3  -1  -1  -2   0   2    0   0   0   0   3   0   0   0   0  19  24   0   0  25   0   6   0   0   0  20  0.34 0.08
   14 A     2  -2  -2  -3   3  -2  -2  -2  -2   1   1  -2   3   0  -2   1   0   2  -1   0   24   0   0   0   8   0   0   0   0  11  12   0  16   4   0  15   4   3   0   3  0.19 0.08
   15 L    -1  -3  -3  -3  -2  -2  -3  -4  -3   2   2  -3   3   1  -3  -1   0  -3  -1   3    0   0   0   0   0   0   0   0   0  13  26   0  13   6   0   7   6   0   0  28  0.31 0.09
   16 L     0  -3  -3  -3  -2  -2  -3  -3  -3   1   3  -3   2   3  -3   0  -1  -2  -1   2   11   0   0   0   0   0   0   0   0   7  38   0   4  16   0   8   0   0   0  16  0.28 0.08
   17 C     2  -2  -2  -3   5  -1  -1  -1  -3  -1   2  -2  -1   1  -1   0   0  -3  -2  -1   28   0   0   0  17   3   4   2   0   0  26   0   0   7   3   6   6   0   0   0  0.23 0.09
   18 A     0  -2  -2  -2   1   0   0   0  -2   0   2  -1   3  -1  -2   1   0   2   0  -1    7   0   0   0   5   4   6   6   0   6  21   3  17   0   0  15   5   3   3   0  0.11 0.07
   19 A     1  -2  -2  -2  -2   0   0  -1  -1   0   0  -1   2   2  -2   0   1  -1   2   0   12   0   0   0   0   5   9   3   0   6   6   0   9  10   0   6  14   0   9   8  0.08 0.04
   20 A     1  -2  -1  -2  -1   0  -1  -1  -2   1   0  -1   1  -2   1   2   1  -3  -2   2   11   0   0   0   0   5   0   4   0   8   7   0   4   0   6  21   7   0   0  25  0.13 0.06
   21 G     0  -1   0  -1   2  -1   1   3  -2  -1  -2   1  -1   1  -2  -1   0  -2  -1   0    6   0   3   0   5   0  11  29   0   3   1  11   0   9   0   1   7   0   0  12  0.15 0.05
   22 P     0   1   0  -2   0   1  -1   1  -2  -1  -1  -1   0  -2   1   1   1  -3  -2   0    7   9   2   0   3   7   0  14   0   0   6   0   4   0   8  18  12   0   0   8  0.13 0.04
   23 A     2  -1  -2  -2   3   1  -1   2  -2  -1  -1  -1  -1  -3  -2   1   0  -3  -2   1   30   3   0   0  10   8   0  15   0   0   3   0   0   0   0   8   7   0   0  15  0.20 0.06
   24 A     1  -1   2  -1  -2   2   1   0   0  -2  -2   1  -1  -1  -2   2   0  -3  -1  -1   12   0  15   0   0  13   5   6   2   2   2   9   0   4   0  25   0   0   2   3  0.18 0.06
   25 A     4  -2  -2  -2   4  -1   0   1   0  -2  -2  -1  -2  -3  -2   2   0  -3  -2  -1   56   0   0   0  12   0   6   6   3   0   0   0   0   0   0  13   4   0   0   0  0.42 0.10
   26 Q    -2  -1  -1  -1  -4   5   4   1  -1  -3  -3   0   1  -4   0  -1  -2  -3  -3  -1    0   0   0   0   0  42  31  13   0   0   0   0   5   0   5   0   0   0   0   4  0.58 0.14
   27 N    -1   2   4   0  -4   5   0   0  -1  -4  -4   0  -2  -4  -3   0   0  -4  -3  -3    4  11  27   4   0  43   0   5   0   0   0   0   0   0   0   2   3   0   0   0  0.59 0.14
   28 C     0  -2  -3  -4  10  -4  -4   0  -4  -3  -3  -4  -3  -4  -4  -2   0  -4  -4  -2    9   2   0   0  74   0   0   9   0   0   0   0   0   0   0   0   6   0   0   0  1.61 0.22
   29 G    -1   0  -1  -1  -3   0  -2   6  -3  -4  -4  -1  -3  -4  -3   0   1  -4  -4  -4    0   5   0   1   0   4   0  73   0   0   0   3   0   0   0   4  10   0   0   0  0.94 0.15
   30 C    -2  -5  -5  -5  11  -5  -6  -4  -5  -3  -3  -5  -3  -4  -5  -3  -3  -4  -4  -3    0   0   0   0 100   0   0   0   0   0   0   0   0   0   0   0   0   0   0   0  2.75 0.31
   31 Q     1  -3   0  -1  -3   0  -2  -1  -3  -4  -4  -1  -3  -4   7   0  -2  -5  -4  -3   15   0   6   3   0   5   0   3   0   0   0   2   0   0  62   5   0   0   0   0  1.26 0.16
   32 P     0  -2   4   0  -3  -1  -1   3   0  -4  -3  -1  -3  -4   2   1   0  -4  -3  -3    5   0  34   4   0   0   1  24   2   0   2   0   0   0  12  13   3   0   0   0  0.48 0.10
   33 N    -1  -1   3   1   4  -2  -1   4  -2  -3  -3  -1  -3  -4  -3  -1  -1  -4  -3  -3    0   3  24   9  15   0   2  39   0   0   3   3   0   0   0   0   3   0   0   0  0.54 0.10
   34 F    -1   0  -2  -3  -2  -1  -1  -4  -1   1   4  -1   2   1  -3  -2  -2   2   1   0    3   6   1   0   0   2   4   0   2   2  60   2   6   3   0   0   0   3   5   1  0.33 0.09
   35 C    -2  -5  -5  -5  11  -5  -6  -4  -5  -3  -3  -5  -3  -4  -5  -3  -3  -4  -4  -3    0   0   0   0 100   0   0   0   0   0   0   0   0   0   0   0   0   0   0   0  2.73 0.29
   36 C    -2  -5  -5  -5  11  -5  -6  -4  -5  -3  -3  -5  -3  -4  -5  -3  -3  -4  -4  -3    0   0   0   0 100   0   0   0   0   0   0   0   0   0   0   0   0   0   0   0  2.73 0.29
   37 S     0  -2  -1  -2  -2  -1  -2   0  -2  -4  -4  -2  -3  -4  -2   6   0  -4  -3  -3    0   0   0   0   0   0   0   5   0   0   0   0   0   0   0  95   0   0   0   0  1.05 0.21
   38 K    -2   2   0  -1  -4   5   1  -3  -1   0  -3   2  -2  -2  -2   0  -1  -3  -2  -2    0  12   4   0   0  45   7   0   0   8   0  16   0   1   0   6   0   0   0   0  0.53 0.12
   39 F    -3  -3  -4  -4  -4  -3  -4  -2   2  -2  -2  -4  -2   5  -5  -3  -3   8   5  -3    0   0   0   0   0   0   0   3   7   0   0   0   0  35   0   0   0  26  29   0  1.27 0.17
   40 G    -1  -4   0  -2  -4  -3  -3   7  -3  -5  -5  -3  -4  -5  -3  -1  -3  -4  -4  -5    0   0   4   0   0   0   0  96   0   0   0   0   0   0   0   0   0   0   0   0  1.56 0.19
   41 Y    -4  -4  -5  -5  -4  -3  -4  -4  -2  -3  -2  -4  -2   4  -5  -4  -4  10   6  -3    0   0   0   0   0   0   0   0   0   0   0   0   0  15   0   0   0  50  35   0  2.03 0.23
   42 C    -2  -5  -5  -5  11  -5  -6  -4  -5  -3  -3  -5  -3  -4  -5  -3  -3  -4  -4  -3    0   0   0   0 100   0   0   0   0   0   0   0   0   0   0   0   0   0   0   0  2.73 0.29
   43 G     0  -4  -2  -3  -4  -3  -3   7  -3  -5  -5  -3  -4  -4  -3  -1  -3  -4  -4  -4    4   0   0   0   0   0   0  96   0   0   0   0   0   0   0   0   0   0   0   0  1.56 0.19
   44 T    -1  -1   3   0  -2  -1  -1  -2  -2  -1  -1  -1   0  -2  -2   3   3  -3  -2  -1    0   2  16   4   0   0   0   0   0   2   8   2   2   2   0  32  30   0   0   0  0.33 0.10
   45 T    -1  -2  -1  -1  -2  -2  -2   2  -3  -2  -3  -1  -2  -4  -2   1   6  -4  -3  -2    0   0   0   2   0   0   0  18   0   0   0   3   0   0   0   7  71   0   0   0  0.75 0.16
   46 D     1  -1   1   3  -2   0   1  -1  -1  -2  -3   0  -2  -3   3   1   0  -3  -1  -1   15   1   5  20   0   2  10   3   0   0   0   4   0   0  15  13   3   0   3   6  0.29 0.05
   47 A     2  -2   0   4  -3  -1   2  -1  -2  -3  -4   0  -3  -4   1   0  -1  -4  -3  -3   26   0   2  38   0   0  18   2   0   0   0   4   0   0   8   2   0   0   0   0  0.52 0.10
   48 Y    -3  -3  -4  -5  -4  -3  -4  -5   0  -3  -3  -4  -3   3  -5  -3  -3   1   9  -3    0   0   0   0   0   0   0   0   0   0   0   0   0   5   0   0   0   0  95   0  1.92 0.26
   49 C    -2  -5  -4  -5  11  -4  -5  -4  -4  -3  -3  -4  -3  -4  -4  -2  -2  -4  -4  -2    0   0   0   0  96   0   0   0   0   0   0   0   0   0   0   0   0   0   0   0  2.51 0.27
   50 G    -1  -2  -1  -2   1  -2  -2   6  -3  -4  -4   0  -3  -4  -3   1  -1  -3  -3  -3    0   0   0   0   3   0   0  75   0   0   1   5   0   0   0  10   3   0   0   0  0.97 0.13
   51 D     1   0  -1   1  -2   0   0  -1  -2  -1  -1   0  -1  -1   4   1   0  -3  -2   0   11   4   1  12   0   3   5   4   0   2   4   4   0   4  21  11   6   0   0   7  0.25 0.04
   52 G    -1  -3   0  -2   2  -2  -2   6  -3  -4  -3  -1  -3  -1  -3   0   0  -3  -3  -3    1   0   3   0   5   0   0  70   0   0   1   2   0   4   0   6   5   0   0   0  0.84 0.14
   53 C    -2  -4  -3  -4  10  -4  -4  -1  -4  -2  -2  -2   0  -3  -4  -2  -2  -3  -1  -2    1   0   0   0  81   0   0   6   0   0   1   2   3   0   0   0   0   0   2   0  1.83 0.25
   54 Q    -2   1  -1  -2   3   6   1  -3  -1  -3  -3   0  -2  -1  -2   0  -2  -3  -2  -2    1   5   0   0   7  66   4   1   0   0   1   0   0   4   0   6   0   0   0   4  0.76 0.18
   55 S     1  -2   1  -1  -2   1  -1   1  -1  -3  -3  -1  -2  -3  -2   4   0  -3   0  -3    8   0   6   0   0   9   0   8   0   0   0   0   0   0   0  61   0   0   4   0  0.51 0.15
   56 G    -1  -1   1  -1   2   5   0   3  -1  -4  -3   1  -2  -4  -2   0  -2  -3  -3  -3    0   0   5   0   6  45   0  32   0   0   0   6   0   0   0   3   0   0   0   0  0.61 0.15
   57 P     0  -2  -2  -2   8   1  -2  -1  -2  -2  -2  -2  -2  -3   4   0  -1  -3  -3  -2    5   1   1   1  43  11   1   3   0   1   1   1   0   1  24   4   1   0   0   1  0.89 0.15
   58 C    -1   0   0   1   8  -1  -1  -2  -2  -2  -2  -1  -2  -3  -2   0  -1   1  -2  -2    1   8   3  12  46   2   1   1   0   1   2   4   0   1   1   8   3   2   1   1  0.66 0.12
   59 R    -1   1   1   0   3   1  -1   2   0  -2  -2   0  -2  -1   1   0  -1   4   0  -2    2  11   8   4  10   8   2  17   3   1   1   4   0   2   7   5   2   6   4   1  0.18 0.05
   60 S     0  -2   0   0   5   0  -1   2  -2  -1  -2  -1  -2  -2  -2   2   0   1  -2  -1    5   1   3   4  19   5   1  15   0   4   1   4   0   0   1  24   5   2   0   5  0.25 0.08
   61 G     0   1  -1  -1   1  -1  -1   3  -2  -2  -2   1  -2  -2   2   2  -1   3  -2  -1    4  12   1   3   3   1   1  24   0   1   1   8   0   1   9  20   1   4   1   5  0.24 0.07
   62 G    -1  -1   0   0   4  -1  -1   3   1  -2  -2   0  -2  -2   2   0   0  -2   0  -2    1   4   5   4  13   2   3  27   4   3   1   4   0   1   9   8   5   0   5   1  0.25 0.09
   63 G    -1   0  -1   1  -1   0   0   3  -2  -3  -3   1  -2  -3   2   1   1  -3  -3  -3    1   5   1   8   1   3   3  33   0   1   1   9   0   1  10  13   8   0   0   1  0.34 0.10
   64 G    -1  -1  -1  -1   4  -1   0   2  -2  -2  -1  -1  -2  -2   3   0   0   2  -1  -1    1   3   1   2  12   1   7  21   0   1   6   3   0   1  14   9   6   4   3   6  0.22 0.08
   65 G    -1  -2  -1   0   4  -1  -1   3  -2  -1  -1  -2  -2  -2   0   0   1  -2   0   0    3   1   1   5  10   3   3  34   0   2   6   1   0   1   5   3  12   0   4   6  0.26 0.10
   66 G     0  -1  -1   0   1  -1  -1   4  -2  -3  -3  -1  -2  -1   2   1  -1  -3  -2  -2    5   3   1   7   4   2   1  37   0   1   2   1   0   4  12  15   3   0   1   1  0.39 0.11
   67 G     0  -1   0   0   0   2   0   3  -1  -2  -2  -1  -2  -1   2   0   0  -2   0  -2    8   3   2   6   3  12   3  27   0   1   2   2   0   3   9   5   6   0   4   2  0.21 0.07
   68 G     1  -2   0   1  -2  -2  -2   4  -2  -2  -1  -2  -2  -3   2   1   0  -3  -3  -1    9   1   2   7   0   1   1  38   0   3   6   1   0   1  10   9   7   0   1   3  0.35 0.10
   69 G     0  -2   1   0  -2  -1  -1   2  -2  -1  -1  -1  -1  -2   3   0   1   2   0  -1    5   1   7   4   0   2   1  21   0   5   4   1   2   1  19   5  10   3   4   5  0.25 0.08
   70 G     0   0   1   1   2   1  -1   0  -2   0   0  -1  -1  -2   1   0   0  -3  -2   0    8   8   7   8   7   7   0   8   0   8   8   0   0   0   8   8   8   0   0   8  0.08 0.10
   71 G     1  -2   1   0  -2  -2  -2   2  -2  -2  -1  -2  -2  -2   2   1   1  -2   1   0   10   0   7   7   0   0   1  18   0   0   7   1   0   0  13  10  10   0   8   7  0.20 0.14
   72 G     0   0   1   0   5  -2  -1   3  -2  -3  -3  -2  -3  -3   2   0   0  -3  -3  -3    4   5   7   6  17   0   4  30   0   1   1   1   0   0  12   5   6   0   0   1  0.42 0.19
   73 G     0  -1   1  -1  -2  -1   0   3  -2  -2  -3   0  -2   0   3   1   2  -3  -2  -2    7   0   8   1   0   0   6  24   0   1   1   6   0   6  14   8  17   0   0   1  0.28 0.13
   74 G     0  -1   1   1  -2   0   1   1  -1  -2  -1   1  -1  -2   2   1   1  -3  -2  -2   10   0   9  10   0   0  10  10   0   0  10  10   0   0  10  10  10   0   0   1  0.16 0.08
   75 S     1  -2   1   2  -2  -1  -1   2  -2  -3  -3  -1  -2  -3   3   1   1  -3  -3  -2   10   1   7  16   0   0   1  22   0   1   1   1   0   0  15  15   9   0   0   1  0.38 0.13
   76 G     0  -1   1   0   4   0  -1   2  -2   0   0  -1  -1  -1   1   0   0  -3  -2  -1    7   3   7   5  12   4   1  22   0   7   9   1   0   3   8   6   5   0   0   1  0.15 0.09
   77 G     1   0   0   0   1   0  -1   3   0  -2  -2  -1  -2  -3   1   1   0  -3  -2  -1    8   5   3   6   4   3   1  30   2   1   1   1   0   1   8  12   7   0   0   6  0.25 0.10
   78 A     0  -1   0   1   0   1  -1   3  -1  -2  -1   0  -1  -2  -2   0   0  -2   0   0    7   1   5   8   3   9   1  28   0   1   4   7   0   1   1   5   7   0   5   8  0.17 0.08
   79 N    -1  -2   1   1  -2  -1  -1   2  -1   0   0  -1  -1  -1  -2   1   0  -2   0   0    1   1   9  12   0   1   1  20   0   5  16   1   0   1   1  14   6   0   4   6  0.10 0.05
   80 V     0  -2  -1   0  -1  -1  -1   0  -2   2   1  -2   0  -1  -2   0   1  -2  -2   2    8   1   1   7   0   1   1   7   0  14  17   1   0   1   1  10   8   0   0  23  0.08 0.04
   81 A     1  -1   0  -1  -2  -1   1   2  -2  -2  -3  -1  -2  -3  -1   3   1  -3  -2  -2   15   1   0   1   0   0  12  22   0   1   1   1   0   0   1  32  12   0   0   1  0.32 0.10
   82 N     0   1   1   1  -2   1   1   0  -1   0  -1   1  -1  -2  -2   1   1  -3  -2  -1    8   8   8   8   0   8   8   8   0   8   8   8   0   0   0   8   8   0   0   0  0.10 0.08
   83 V    -1  -4  -1  -4  -2  -3  -4  -4  -3   5   1  -3   0   0  -4  -1  -1  -3   1   3    2   0   4   0   0   0   0   0   0  51   9   0   0   3   0   5   2   0   5  19  0.49 0.19
   84 V    -1  -3  -3  -4  -2  -3  -3  -4  -4   4   0  -3   0   1  -3   1   0  -3  -2   4    0   0   0   0   0   0   0   0   0  28   5   0   0   8   0  15   4   0   0  40  0.46 0.19
   85 T    -1   2  -1  -2  -3   0  -2  -1  -2  -3  -3   0  -2   0   1   2   4  -4  -2  -2    0  12   0   0   0   4   0   5   0   0   0   4   0   5   8  21  41   0   0   0  0.46 0.21
   86 D     0   2   0   1  -3   2   1  -2   0  -3  -3   1  -2  -3   1   2  -1  -3   1  -1    4  11   3  10   0  12   9   0   2   0   0   8   0   0   7  23   0   0   7   4  0.26 0.12
   87 A     1   0   0   1  -2   2   2  -1  -1  -2  -2  -1  -2  -3  -1   2   1  -3   0  -2   15   3   2  10   0  10  15   2   0   2   3   0   0   0   2  22   9   0   4   0  0.22 0.11
   88 F    -3  -3  -3  -4  -3   1  -3  -4  -3  -1   1  -1   4   6  -4  -3   0  -1   0  -1    0   0   0   0   0   9   0   0   0   0  15   3  13  48   0   0   9   0   0   3  0.69 0.24
   89 F    -4  -4   0   1  -4  -3   1  -4  -3  -2  -1  -4  -2   7  -5  -3  -3   2   1  -3    0   0   5  10   0   0  10   0   0   0   4   0   0  69   0   0   0   3   0   0  1.12 0.32
   90 N    -1  -1   5   4  -4   1   3  -2  -1  -4  -5   1  -3  -5  -3  -1  -2  -5  -4  -4    3   0  33  30   0   7  19   0   0   0   0   9   0   0   0   0   0   0   0   0  0.78 0.23
   91 G     0   0   0  -2  -3   3  -1   1   1  -2   0   0   5  -3  -3   0  -2  -3  -2  -2    8   5   4   0   0  20   0  13   5   0   7   5  26   0   0   7   0   0   0   0  0.30 0.18
   92 I    -3  -4  -4  -5  -3  -3  -4  -5  -4   4   4  -4   5   1  -4  -4  -2  -3  -2   0    0   0   0   0   0   0   0   0   0  27  41   0  26   7   0   0   0   0   0   0  0.78 0.25
   93 K    -1  -1  -2  -3  -2  -1  -2  -3  -2   1   3   2   2   1  -3  -1  -1  -2  -1   0    3   0   0   0   0   0   0   0   0  12  35  28   6   8   0   5   0   0   0   2  0.22 0.09
   94 N    -1  -1   3   1  -3  -1  -1  -1   6  -3  -2   0  -2  -1  -2   2  -1  -3   0  -3    2   0  22   5   0   0   0   4  29   0   5   5   0   2   0  24   0   0   3   0  0.42 0.12
   95 Q    -2   5  -1  -2  -4   4   0  -3   3  -4  -3   2  -2  -4  -3  -1  -2  -3  -2  -3    0  49   0   0   0  28   0   0  11   0   0   8   0   0   0   0   0   0   0   0  0.79 0.16
   96 A     2   1   5   1  -2  -1  -1  -1  -1  -2  -3  -1  -2  -3  -2   0  -1  -4  -2  -1   24  11  46   6   0   0   1   1   0   0   1   0   0   0   0   1   0   0   0   6  0.44 0.12
   97 G     0  -2   1   4  -3  -1   1   2  -2  -3  -3   0  -3  -3   0   0   0  -3  -3  -3   10   0   7  37   0   0   5  18   0   0   1   4   0   0   4   6   5   0   0   1  0.39 0.08
   98 S     2  -1   2   2  -2  -1   0   1  -1  -3  -3  -1  -2  -3   3   1  -1  -3  -3  -2   21   2  15  18   0   2   1  11   0   0   1   0   0   0  13  14   0   0   0   1  0.33 0.07
   99 G     2   0   1  -1  -2   0  -1   2  -1  -1  -2  -1  -1  -2  -1   1   0  -2  -2   0   27   8   7   1   0   3   1  22   0   5   1   1   0   1   1  13   2   0   1   6  0.18 0.05
  100 C     1  -4  -4  -4  10  -4  -4  -3  -4  -3  -3  -4  -3  -4  -4  -2  -2  -4  -4  -2   10   0   0   0  86   0   0   0   0   0   0   0   0   0   0   0   0   0   0   0  2.03 0.28
  101 E     1  -2  -2  -2  -3   2   0  -1   3  -3  -3  -1  -2  -2   6   0  -2  -3  -2  -3   16   0   0   0   0  12   4   2  11   0   0   0   0   2  47   3   0   0   0   0  0.90 0.14
  102 G     4  -2  -2  -2  -2  -2  -2   4  -2  -3  -3  -2  -2  -3  -2   1  -1  -3  -3  -2   48   0   0   0   0   0   0  41   0   0   0   0   0   0   0   8   0   0   0   0  0.65 0.14
  103 K     0   3   1  -2  -3   1   0  -2   0  -2  -3   5  -2  -3  -2  -1  -1  -4  -2   0    5  15   6   0   0   3   0   0   1   0   0  58   0   0   0   2   0   0   0  11  0.48 0.11
  104 N    -1   0   3  -1  -3  -2  -2   5  -2  -4  -4  -1  -3  -4  -1   1  -1  -3  -3  -4    0   6  20   0   0   0   0  62   0   0   0   0   0   0   2   8   0   0   0   0  0.76 0.11
  105 F    -4  -4  -4  -5  -4  -5  -5  -5  -2  -1  -1  -4  -1   8  -5  -4  -3   0   2  -2    0   0   0   0   0   0   0   0   0   0   0   0   0 100   0   0   0   0   0   0  1.62 0.22
  106 Y    -3  -3  -4  -5  -4  -3  -3  -4   0  -3  -2  -3  -2   2  -4  -3  -3   5   9  -3    0   0   0   0   0   0   0   0   0   0   0   0   0   0   0   0   0   8  92   0  1.74 0.23
  107 T     0  -2  -1   1  -2  -1  -1  -2  -3  -2  -2  -2  -2  -3  -2   2   6  -4  -3  -1    3   0   0   8   0   0   0   0   0   0   0   0   0   0   0  14  76   0   0   0  0.74 0.16
  108 R    -3   4  -2  -4  -4  -1  -2  -4   3  -3  -3  -1  -2   1  -4  -2  -3   0   7  -3    0  28   0   0   0   0   0   0   6   0   0   0   0   0   0   0   0   0  66   0  1.09 0.18
  109 S     0   0   2   5  -3   2   1  -1   1  -4  -4  -1  -3  -4  -2   0  -1  -4  -3  -3    7   7   9  49   0  10   5   4   3   0   0   0   0   0   0   7   0   0   0   0  0.55 0.09
  110 A     5  -2   0  -2  -1  -1  -1  -1  -2  -2  -3  -1  -2  -3  -2   2   1  -4  -3  -1   70   0   4   0   0   0   0   0   0   0   0   0   0   0   0  21   6   0   0   0  0.57 0.13
  111 F    -3  -4  -4  -5  -4  -4  -4  -4  -2  -1   0  -4  -1   8  -5  -4  -3   0   3  -2    0   0   0   0   0   0   0   0   0   0   3   0   0  92   0   0   0   0   5   0  1.43 0.20
  112 L    -2  -3  -4  -4  -2  -3  -4  -4  -4   4   3  -3   2   1  -3  -3  -1  -3  -1   3    0   0   0   0   0   0   0   0   0  43  28   0   6   5   0   0   0   0   0  18  0.48 0.09
  113 S     2   0   2  -1  -2  -1   0  -1  -2  -1  -2   0  -1  -3  -2   2   2  -3  -2   0   29   3  11   0   0   0   7   0   0   2   0   3   0   0   0  16  20   0   0   8  0.22 0.06
  114 A     6  -3  -3  -3  -1  -2  -2  -1  -3  -2  -3  -2  -2  -3  -2   0  -1  -4  -3  -1  100   0   0   0   0   0   0   0   0   0   0   0   0   0   0   0   0   0   0   0  0.93 0.18
  115 V     4  -2  -2  -3  -1  -2  -2  -1  -3  -1  -1  -2  -1  -1  -2   0   1  -3  -2   1   71   0   0   0   0   0   0   0   0   0   5   0   0   2   0   0  10   0   0  12  0.47 0.12
  116 N     1   1   3   1  -3   0   1   1   0  -3  -3   2  -2  -3  -2   1   0  -3  -2  -2   13   9  20   8   0   1   9   9   2   0   0  18   0   0   0   6   5   0   0   0  0.26 0.05
  117 A     2  -1  -1   0  -2  -1   0   0  -2  -2  -1  -1  -1   0  -2   3   1  -3  -2  -2   24   3   0   4   0   0   7   4   0   0   4   0   0   6   0  41   6   0   0   0  0.25 0.07
  118 Y    -3  -3  -3  -4  -3  -3  -4  -4  -1  -1  -1  -3  -1   7  -4  -3  -3   1   6  -2    0   0   0   0   0   0   0   0   0   0   0   0   0  62   0   0   0   0  34   0  1.15 0.16
  119 P    -1  -2  -2  -1  -4   0  -1  -1  -3  -4  -4  -2  -3  -5   7   0  -1  -5  -4  -3    3   2   1   2   0   4   3   4   0   0   0   0   0   0  75   4   2   0   0   0  1.60 0.21
  120 G     2   0   0   1  -3  -1  -1   4   0  -3  -3  -1  -3  -4  -2   1  -1  -3  -3  -3   23   5   4  10   0   0   0  45   2   0   0   2   0   0   0   9   0   0   0   0  0.49 0.10
  121 F    -4  -4  -4  -5  -4  -4  -5  -5  -2  -1  -1  -4  -1   8  -5  -4  -3   0   3  -2    0   0   0   0   0   0   0   0   0   0   0   0   0  93   0   0   0   0   7   0  1.57 0.26
  122 A     2  -2  -2  -2  -3  -2  -2   6  -3  -4  -4   0  -3  -4  -3  -1  -2  -4  -4  -3   24   0   0   0   0   0   0  69   0   0   0   7   0   0   0   0   0   0   0   0  0.93 0.17
  123 H     1   0   3  -1  -2  -1  -2   0   0  -2  -2  -1   0  -3  -2   0   5  -4  -2  -2   10   6  16   0   0   0   0   8   3   0   0   0   2   0   0   0  55   0   0   0  0.45 0.15
  124 G     0  -2  -1  -1  -2  -1  -1  -1  -2  -1  -2   0  -2  -3  -2   1   5  -4  -3   0    4   0   0   3   0   0   2   4   0   2   0   7   0   0   0   9  65   0   0   3  0.53 0.16
  125 G    -1  -1  -1  -2   0  -2  -3   6  -3  -3  -3  -2  -3  -3  -3  -1  -2  -3  -3  -1    1   3   0   1   3   0   1  81   0   1   1   1   0   0   1   1   1   0   0   5  1.02 0.16
  126 T    -1  -2   1   5  -1  -1   1   0  -2  -3  -3  -1  -3  -3  -2   2   1  -4  -3  -3    1   1   4  50   2   0   5   5   0   1   1   1   0   0   1  17  12   0   0   1  0.55 0.11
  127 E     0  -1   0   3  -2   0   0  -1  -1  -1  -2   0  -1  -2  -1   0   2  -3  -2   0   10   1   3  26   0   4   4   1   0   5   1   8   0   1   1   3  25   0   0   7  0.21 0.06
  128 V     1  -1   0   3  -2  -1   1  -1  -1  -1   0  -1  -1  -2  -1   0   1  -3  -2  -1   17   1   4  28   0   1  10   1   0   1  14   1   0   1   1   1  16   0   0   4  0.19 0.06
  129 E     1  -1  -1   1  -2   0  -1  -2  -2   0  -1  -1   2  -2  -2   0   3  -3  -2   1   17   1   0  13   0   6   2   0   0   3   2   0   9   0   0   0  28   0   0  18  0.17 0.08
  130 G     0   5   1  -1   0   0  -1   0  -1  -2  -2   1  -2  -3  -2   0  -1  -3  -2  -2    7  50   9   1   2   1   1   9   0   3   1   3   0   0   1   9   1   0   0   1  0.41 0.11
  131 K    -2   3  -1  -2  -4   1   0  -2  -1  -3  -3   6   0  -3  -2  -1  -1  -3  -2  -3    1  12   1   0   0   3   1   1   0   0   1  73   4   0   0   1   1   0   0   1  0.73 0.17
  132 R    -2   6  -1  -2  -4   0  -1  -3  -1  -3  -2   3   1  -3  -2  -1  -2  -3  -2  -3    1  65   0   0   0   0   1   1   0   0   1  21   7   0   0   1   1   0   0   1  0.82 0.17
  133 E    -2  -1  -1   1  -4   2   6  -3  -1  -4  -3   0  -3  -4  -2  -1  -2  -3  -3  -3    1   0   0   1   0   7  85   1   0   0   1   0   0   0   0   1   1   0   0   1  1.04 0.21
  134 I    -1  -3  -3  -3  -2   0  -3  -4  -3   4   1  -2   1  -1  -3  -2  -1  -3  -2   3    1   0   0   0   0   7   1   1   0  51  11   0   3   0   0   1   1   0   0  22  0.41 0.11
  135 A     6  -2  -2  -2  -1  -2  -2  -1  -2  -2  -2  -2  -2  -3  -2   0  -1  -3  -3  -1   92   0   0   0   0   0   1   1   0   0   1   0   0   0   0   1   1   0   0   1  0.81 0.20
  136 A     5  -2  -2  -2  -1  -2  -2  -1  -2  -2  -2  -2   1  -3  -2   0   0  -3  -2  -1   82   0   0   0   0   0   1   1   0   0   1   0   7   0   0   1   5   0   0   1  0.63 0.18
  137 F    -2  -3  -3  -4  -3  -3  -4  -4  -2   0   0  -3   2   7  -4  -3  -3   0   2  -1    2   0   0   0   0   0   1   1   0   4   1   0   7  78   0   1   1   0   2   1  1.05 0.20
  138 F    -2  -3  -4  -4  -2  -3  -4  -4  -3   0   4  -3   0   6  -4  -3  -2  -1   1  -1    1   0   0   0   0   0   0   0   0   0  50   0   0  45   0   0   0   0   0   0  0.71 0.17
  139 A     4  -2  -2  -2  -2  -2  -2   4  -2  -3  -3  -2  -2  -3  -2   0  -1  -3  -3  -2   58   0   0   0   0   0   0  37   0   0   1   0   0   0   0   0   0   0   0   0  0.67 0.16
  140 H    -2   0  -1  -2  -4   6   0  -3   6  -4  -3   0  -2  -3  -2  -1  -2  -3  -1  -3    1   0   0   0   0  63   0   0  31   0   1   0   0   0   0   0   0   0   0   0  1.09 0.25
  141 V     0  -2  -2  -2   2  -2  -2  -3  -3   0  -1  -2  -1   2  -2   0   5  -2  -1   2    3   0   0   0   6   0   0   0   0   5   1   0   0  11   0   0  54   0   0  16  0.41 0.15
  142 T     1  -2   0  -1  -2  -1  -1   1  -2  -3  -3  -1  -2  -3  -2   5   2  -3  -3  -2    5   0   2   0   0   0   0  10   0   0   1   0   0   0   0  65  14   0   0   0  0.56 0.17
  143 H    -2  -1  -1  -2  -4   1  -1  -3   9  -4  -2  -2  -2  -2  -3   0  -2  -3   2  -4    1   0   0   0   0   7   0   0  73   0   3   0   0   0   0   7   0   0   6   0  1.27 0.25
  144 E     0  -1  -1   0  -4   1   6  -1  -1  -4  -3   1  -3  -4  -2  -1  -2  -3  -3  -3   10   0   0   0   0   0  75   4   0   0   1   6   0   0   0   0   0   0   0   0  0.82 0.19
  145 T    -1  -2  -1  -2  -2  -2  -2  -2  -3  -2  -2  -2  -2  -3  -2   2   6  -3  -3  -1    1   0   0   0   0   0   0   0   0   0   1   0   0   0   0  12  82   0   0   0  0.90 0.23
  146 G    -1  -2   1  -1  -2  -1  -2   3  -2  -2  -3   0  -2  -3  -2   2   4  -3  -3  -2    1   0   6   0   0   0   0  28   0   2   1   4   0   0   0  13  42   0   0   0  0.44 0.13
  147 H    -1  -2   0  -2  -3  -2  -2   6   3  -4  -4  -1  -3  -2  -3   0  -2  -3  -2  -4    1   0   3   0   0   0   0  70  12   0   1   2   0   2   0   6   0   0   0   0  0.87 0.16
  148 F    -2  -2  -2  -3  -2  -2  -2   0   0  -1   1  -2   1   4  -3  -2  -2   0   6  -1    1   1   1   1   0   1   1   8   0   1  14   1   4  22   1   1   1   0  39   1  0.49 0.11
  149 C    -1  -3  -3  -3   9  -3  -3  -3  -3   0  -2  -3  -2  -3  -3  -1   0  -3  -3  -1    1   1   1   1  71   1   1   1   0   7   2   1   0   1   1   5   4   0   1   1  1.35 0.21
  150 Y    -2  -1  -2  -3  -2  -2  -2  -3   3  -1   0  -2  -1   4  -3  -2  -2   1   6  -1    1   3   1   1   0   1   1   1   8   1  10   1   0  26   1   1   1   1  38   1  0.58 0.12
  151 I    -1   0   1  -1  -2  -1  -1  -2  -2   2   0   2   0  -1  -2   0  -1  -2  -2   1    1   1  10   1   0   1   1   1   0  22  10  28   0   1   1   8   1   0   1  11  0.11 0.06
  152 S     0   2   2   0  -3   1   3  -2  -1  -3  -2   1  -2  -3   0   0  -1  -3  -2  -2    5  17  11   1   0   6  36   1   0   1   2   7   0   1   4   4   1   0   1   1  0.35 0.08
  153 E    -1  -1   1   2  -3   2   5  -2  -1  -3  -3   0  -2  -3  -1  -1  -1  -3  -2  -2    1   1   6   8   0   5  62   1   0   1   2   1   0   1   1   1   3   0   1   3  0.61 0.13
  154 I    -1   1   0  -2  -2   1  -1   0  -2   2   1   0   1  -1  -2  -1   0  -2  -2   0    1   9   6   1   0  10   1   8   0  30  14   3   7   1   1   1   6   0   1   1  0.08 0.05
  155 N    -1  -1   4   2  -2  -1   0   2  -1  -3  -3  -1  -2  -3   1   1   0  -3  -2  -2    2   1  32  15   0   1   1  16   0   1   2   1   0   1   8  11   5   0   1   1  0.35 0.08
  156 K     1  -1   0  -1  -2   1  -1   0   0  -2  -2   0  -1   0   4   0   0  -1   2  -1   18   1   5   1   0   7   1   7   2   1   2   5   1   4  21   5   5   0   9   1  0.25 0.05
  157 S     1   0   1   1   0   0   0  -1  -1  -2  -2  -1   0  -2   2   2   1  -2  -2  -1   17   3   8   9   2   3   4   1   0   1   2   1   3   1   9  28   6   0   1   1  0.20 0.05
  158 N     0   0   2   1  -2   1   1   2  -1  -2  -2   0  -2  -2  -1   1   0   3  -1  -2    5   5  12   9   0   9   6  17   0   1   2   5   0   1   2  17   3   6   1   1  0.20 0.04
  159 A     0   0   1   3  -2  -1   0   1  -1  -1   0   0  -1  -2   1   1  -1  -2  -2  -1    7   6   8  24   0   1   3  11   0   1  11   2   0   1   5  10   1   0   1   4  0.15 0.04
  160 Y    -2  -2  -2  -3  -3  -2  -2   0   0  -2  -2  -2   0   2  -3  -2  -2   3   7  -2    2   1   1   1   0   1   1   7   0   1   2   1   2   5   1   1   1   4  64   1  0.86 0.16
  161 C    -1  -3  -3  -3   9  -3  -3  -3  -3  -2   0  -3  -2  -2   0  -2  -2  -2  -2  -1    2   1   1   1  71   1   1   2   0   1   7   1   0   1   4   1   1   0   1   1  1.35 0.20
  162 D     0  -1   0   3  -2   1   0  -1  -1  -1  -2  -1  -1   0  -1   1   1  -2  -1  -1    3   1   1  28   0   7   3   2   1   1   2   1   1   7   2  18  14   0   1   7  0.20 0.06
  163 A     0  -1  -1   0  -2   2   1  -1  -1  -2  -1   0  -1  -2   4   0   0   0  -2  -1   11   1   1   5   0  12  11   2   1   1   5   7   1   1  27   5   3   1   1   5  0.35 0.06
  164 S     0   1   1   0  -1   0   0  -1  -1  -2  -2   0  -1  -2   1   3   2  -2   0  -1    2   8   6   3   1   1   4   2   1   1   3   2   1   1   5  40  14   0   5   2  0.22 0.07
  165 N     0   0   1   1  -2   0   1  -1  -1  -1  -1   1  -1   0   1   1   0   2   1  -1    4   2  10  11   1   1   9   3   1   3   3  11   1   7   7  13   4   3   5   2  0.10 0.02
  166 R     1   2  -1  -1  -2   0   0   1  -1  -2  -2   2  -1  -2   1   0   0  -2  -1  -1   19  13   1   2   1   4   2  14   1   2   3  15   1   1   7   4   9   0   1   2  0.15 0.03
  167 Q    -1   1   2   0  -2   4   1  -2   1  -2  -2   2  -1  -2   0   0   0   3  -1  -2    2   3  12   2   0  28   8   2   3   1   2  13   1   1   4   4   6   6   1   1  0.28 0.07
  168 W    -2  -2  -3  -3  -3  -2  -2  -3   0  -2  -2  -2  -2   2  -3  -2  -2   9   6  -2    2   1   1   1   0   1   1   2   0   1   2   3   0   5   1   2   1  34  40   1  1.19 0.17
  169 P    -1  -2  -2  -2  -3  -1   0  -2  -2  -3  -3  -1  -2  -3   7  -1  -2  -3  -3  -2    2   1   1   1   0   3   5   2   0   1   2   1   0   1  75   2   1   0   1   1  1.58 0.18
  170 C     0  -3  -3  -3   9  -2  -3  -2  -3  -1   0  -3  -1  -2  -2  -1  -1  -2  -2  -1    8   1   1   1  64   1   1   2   0   1  11   1   0   1   1   2   1   0   1   1  1.13 0.18
  171 A     3  -1   0  -1  -1   1   0   0  -1  -2  -2  -1   0  -2   0   1   1  -2  -1   0   46   1   3   1   0  10   4   4   0   1   1   1   2   0   3   5  11   0   1   4  0.23 0.09
  172 A     2  -2  -2  -2  -2   1  -1  -2  -2  -2  -2  -1   1  -3   6   1   0  -3  -2  -2   22   1   1   1   0   9   1   1   0   1   1   1   7   0  41  10   3   0   0   1  0.69 0.12
  173 G     0  -2   0  -1  -3  -2  -2   5  -2  -3  -3   0  -3  -3  -2   0  -1  -3  -3  -3    3   1   4   2   0   1   1  69   0   1   1   6   0   1   1   4   4   0   0   1  0.77 0.13
  174 Q    -1   2   0   1  -3   1   0  -2  -1  -2  -2   4  -2  -3   0   0  -1  -3  -2  -1    4   5   4   7   0   4   1   1   0   1   1  54   0   1   3   8   1   0   0   5  0.38 0.11
  175 K     0   1   1   1  -3   2   1   1  -1  -3  -3   3  -2  -3   0   1  -1  -3  -2  -3    3   7   5   7   0  12   5  15   0   0   1  30   0   0   4  10   0   0   0   0  0.29 0.08
  176 Y    -3  -3  -3  -4  -4  -3  -3  -4   0  -2  -2  -3  -2   2  -4  -3  -3   1   9  -2    1   0   0   0   0   0   0   0   0   0   1   0   0   4   0   0   0   0  90   0  1.65 0.29
  177 Y    -2   0  -1  -3  -1  -2  -2  -3   3  -2  -2  -2  -2   3  -3  -1  -2   4   7  -2    1   6   3   0   2   0   0   0  10   0   1   0   0  14   0   3   0   6  52   0  0.82 0.18
  178 G     0  -3  -1  -2  -3  -3  -3   6  -3  -4  -4  -2  -3  -4  -1  -1  -2  -3  -4  -4    3   0   0   0   0   0   0  87   0   0   1   0   0   0   3   3   0   0   0   0  1.24 0.20
  179 R    -3   7  -2  -3  -5   0  -1  -4  -1  -4  -3   1  -3  -3  -4  -2  -3  -3   1  -4    0  94   0   0   0   0   0   0   0   0   0   0   0   0   0   0   0   0   6   0  1.41 0.29
  180 G    -1  -4  -2  -3   2  -3  -3   7  -3  -5  -5  -3  -4  -4  -3  -1  -3  -4  -4  -4    0   0   0   0   6   0   0  94   0   0   0   0   0   0   0   0   0   0   0   0  1.50 0.25
  181 P     0  -3  -3  -3  -4  -2  -2  -3   2  -3  -1  -2  -3  -4   7  -2  -2  -5  -3  -3   11   0   0   0   0   0   0   0   6   0   9   0   0   0  74   0   0   0   0   0  1.62 0.24
  182 L    -2  -4  -4  -4  -2  -3  -4  -5  -4   5   2  -3   4  -1  -4  -3  -2  -3  -2   2    0   0   0   0   0   0   0   0   0  62  21   0  14   0   0   0   0   0   0   3  0.70 0.18
  183 Q    -2   0  -1  -2  -4   7   0  -3  -1  -4  -2   0  -2  -4   1  -1  -2  -3  -3  -3    0   0   0   0   0  86   0   0   0   0   3   0   0   0   6   0   0   0   0   0  1.20 0.27
  184 I    -2  -3  -4  -4  -2  -3  -3  -4  -4   4   4  -3   1  -1  -3  -3  -2  -3  -2   1    0   0   0   0   0   0   0   0   0  43  48   0   0   0   0   0   0   0   0   4  0.57 0.14
  185 S     0  -1  -1  -1  -2  -1  -1  -2  -2  -2  -3  -1  -2  -2  -2   4   4  -3   1  -2    3   2   0   0   0   0   0   0   0   0   1   0   0   0   0  50  34   0   6   0  0.53 0.17
  186 W    -3  -3  -1  -3  -3  -2  -3   1   4  -3  -3  -3  -2   0  -4  -2  -3   9   4  -3    0   0   3   0   0   0   0  15  15   0   1   0   0   1   0   0   0  42  18   0  1.27 0.21
  187 N    -3   0   7   0  -4   2  -1  -2  -1  -4  -4   1  -3  -4  -3  -1  -1  -5  -3  -4    0   3  78   0   0  10   0   0   0   0   0   8   0   0   0   0   0   0   0   0  1.11 0.24
  188 Y    -2  -3  -1   0  -3  -2  -1  -3   0  -2  -2  -3  -2   4  -4   0  -2   0   7  -2    0   0   3   6   0   0   4   0   0   0   0   0   0  15   0  10   0   0  62   0  0.93 0.22
  189 N    -3  -2   8   0  -4  -1  -2  -2  -1  -5  -5  -2  -4  -4  -4  -1  -1  -5   0  -4    0   0  96   0   0   0   0   0   0   0   0   0   0   0   0   0   0   0   4   0  1.53 0.31
  190 Y    -3  -3  -4  -5  -4  -3  -4  -5   0  -3  -3  -3  -3   2  -5  -3  -3   1   9  -3    0   0   0   0   0   0   0   0   0   0   0   0   0   0   0   0   0   0 100   0  2.02 0.36
  191 G     0  -3  -1   0  -3   0  -1   6  -3  -3  -4  -2  -3  -4  -3  -1  -2  -4  -4  -4    7   0   0   7   0   4   4  77   0   2   0   0   0   0   0   0   0   0   0   0  1.01 0.19
  192 P     2  -1  -2  -1  -2   1  -1  -2  -2  -1   2  -1  -1  -2   5  -1  -1  -3  -2  -1   23   2   0   2   0  11   2   0   0   0  27   3   0   0  29   0   0   0   0   0  0.43 0.11
  193 A     4  -3  -3  -3   7  -3  -3  -2  -3  -2  -2  -3  -2   0  -3   0   0  -3  -2  -1   56   0   0   0  34   0   0   0   0   0   0   0   0   6   0   0   4   0   0   0  0.84 0.21
  194 G    -1   0  -2  -3  -4  -3  -3   7  -3  -5  -5  -2  -4  -4  -3  -1  -3  -4  -4  -4    0   6   0   0   0   0   0  94   0   0   0   0   0   0   0   0   0   0   0   0  1.48 0.25
  195 R    -2   3   0   1  -4   3   2  -2  -1  -4  -3   3  -2  -4  -2   0   0  -4  -3  -3    0  23   4  10   0  22  13   0   0   0   0  23   0   0   0   2   4   0   0   0  0.50 0.12
  196 D     4  -2  -1   0  -2  -2  -1  -1   1  -3  -3  -2  -2  -1  -2   1  -1   4   0  -2   65   0   2   6   0   0   2   1   4   0   0   0   0   3   0   6   0   7   2   0  0.46 0.15
  197 I    -2  -4  -3  -4  -2  -3  -4  -5  -4   5   4  -4   1  -1  -4  -3  -2  -3  -2   1    0   0   2   0   0   0   0   0   0  49  49   0   0   0   0   0   0   0   0   0  0.68 0.17
  198 G    -1  -1   1  -1  -4  -2  -1   6   0  -5  -5   0  -4  -4  -3  -1  -2  -4  -4  -4    0   1   7   3   0   0   2  76   2   0   0   9   0   0   0   0   0   0   0   0  1.00 0.18
  199 F     0   0  -2  -2  -2   1   0  -3  -2   0   2  -1   1   2  -3  -1  -1  -2   0   2    7   7   0   0   0   9   8   0   0   0  25   0   5  16   0   2   0   0   0  21  0.15 0.08
  200 N    -3  -3   2   6  -5  -1   1  -2  -2  -4  -5  -2  -4  -5   2  -1  -2  -5  -4  -4    0   0  12  74   0   0   2   0   0   0   0   0   0   0  12   0   0   0   0   0  1.18 0.22
  201 G    -2  -3  -3  -4  -2  -3  -4   2  -4   1   4  -3   1  -1  -4  -3  -2  -3  -2   0    0   0   0   0   0   0   0  21   0   7  72   0   0   0   0   0   0   0   0   0  0.58 0.16
  202 L    -2  -3  -4  -4  -2  -3  -3  -4  -3   2   5  -3   1   0  -3  -3  -2  -2  -2   2    1   0   0   0   0   0   0   0   0   8  75   0   0   0   0   0   0   0   0  12  0.61 0.14
  203 A     0   2   4   0  -3   1  -1   2  -1  -3  -3   1  -2  -3  -2   0   0  -3  -3  -3    6  11  35   3   0   8   0  20   0   0   1   6   0   0   0   5   2   0   0   0  0.39 0.10
  204 D    -1  -1   5   3  -4   1   2  -2   2  -4  -4  -1  -3  -4  -3   0  -1  -4  -3  -4    3   0  50  18   0   4  14   0   7   0   0   1   0   0   0   3   0   0   0   0  0.70 0.16
  205 P    -2  -4  -4  -3  -4  -3  -3  -4  -4  -4  -5  -3  -4  -5   8  -2  -3  -5  -5  -4    0   0   0   0   0   0   0   0   0   0   0   0   0   0 100   0   0   0   0   0  2.63 0.32
  206 N    -2  -2   0   6  -5   0   4  -2  -2  -4  -5  -1  -4  -5  -2  -1  -2  -5  -4  -4    0   0   1  60   0   0  38   2   0   0   0   0   0   0   0   0   0   0   0   0  1.09 0.21
  207 R    -2   1  -2   0  -2  -2  -2  -4  -2   1   4   0   2  -1  -3  -2  -1  -2   1   0    2   9   0   7   0   0   0   0   0   4  57   8   3   0   0   0   3   0   7   0  0.28 0.11
  208 V    -1  -4  -4  -4  -2  -3  -4  -4  -4   2   1  -4   0  -2  -4  -3  -1  -4  -2   6    0   0   0   0   0   0   0   0   0   3   7   0   0   0   0   0   0   0   0  90  0.89 0.22
  209 A     4  -2  -2  -2  -2  -1   2   0  -2  -3  -3  -1  -2  -3  -2   2   0  -4  -3  -2   64   0   0   0   0   0  15   4   0   0   0   0   0   0   0  16   3   0   0   0  0.53 0.16
  210 Q    -1   2   1  -1  -2   2  -1   0  -1  -3  -3   0  -2  -3  -2   2   4  -3  -3  -2    0  14   9   0   0  15   0   7   0   0   0   3   0   0   0  13  40   0   0   0  0.39 0.13
  211 D    -2  -2   3   6  -1  -1   0  -2  -2  -4  -5  -2  -4  -5  -3   1  -2  -5  -4  -4    0   0  19  70   1   0   0   0   0   0   0   0   0   0   0  10   0   0   0   0  1.08 0.21
  212 A     2  -1  -1  -2  -3  -1  -2  -2  -3  -2  -1  -2  -2  -3   6   0  -1  -4  -3  -1   29   3   3   0   0   3   0   0   0   0   7   0   0   0  49   2   0   0   0   4  0.92 0.16
  213 V    -1  -2  -1   1  -2  -1  -1  -3  -3   1   0  -2  -1   0  -3  -1   3  -3  -2   3    0   0   2   8   0   2   4   0   0   7   5   0   0   4   0   0  33   0   0  36  0.27 0.12
  214 I    -2  -3  -3  -1  -2  -3  -3  -4  -4   4   2  -3   0  -1  -3  -3  -1  -3  -2   4    0   0   0   5   0   0   0   0   0  34  22   0   0   0   0   0   2   0   0  37  0.47 0.13
  215 A     3  -2  -1   0  -2  -1   0  -1  -2  -3  -3  -1  -2  -3  -2   4   0  -4  -3  -2   37   0   0   5   0   0   3   1   0   0   0   0   0   0   0  55   0   0   0   0  0.59 0.18
  216 F    -3  -4  -4  -5  -4  -4  -5  -5  -2  -1  -1  -4  -1   8  -5  -4  -3   0   3   0    0   0   0   0   0   0   0   0   0   0   0   0   0  88   0   0   0   0   5   7  1.44 0.26
  217 K    -2   2  -1  -1  -4   3   0  -3  -2  -4  -4   6  -2  -4  -2  -1  -2  -4  -3  -3    0   7   0   1   0  13   2   0   0   0   0  76   0   0   0   0   0   0   0   0  0.91 0.21
  218 T     1  -2  -1  -2   1  -2  -2  -2  -3  -2  -2  -2  -2   0  -2   1   6  -3  -2  -1   15   0   0   0   3   0   0   0   0   0   0   0   0   4   0   6  71   0   0   0  0.69 0.20
  219 A     6  -3  -3  -3  -2  -2  -2   0  -3  -3  -3  -2  -2  -4  -2   0  -1  -4  -3  -1   95   0   0   0   0   0   0   2   0   0   0   0   0   0   0   2   0   0   0   0  0.94 0.24
  220 L    -2  -3  -4  -4  -2  -3  -4  -4  -3   3   3  -3   3   2  -4  -3  -2  -2  -1   1    0   0   0   0   0   0   0   0   0  28  45   0  11   9   0   0   0   0   0   7  0.52 0.12
  221 W    -4  -5  -6  -6  -4  -4  -5  -4  -4  -4  -3  -5  -3  -1  -5  -5  -4  12   0  -5    0   0   0   0   0   0   0   0   0   0   0   0   0   0   0   0   0  95   0   0  3.46 0.43
  222 F    -3   0  -4  -5  -4  -4  -4  -4  -2  -2   0  -3  -1   7  -5  -3  -3   0   4  -2    0   7   0   0   0   0   0   0   0   0   2   0   0  79   0   0   0   0  12   0  1.26 0.24
  223 W    -4  -5  -6  -6  -4  -4  -5  -4  -4  -4  -1  -5  -3  -1  -6  -5  -4  12   0  -4    0   0   0   0   0   0   0   0   0   0   5   0   0   0   0   0   0  95   0   0  3.44 0.41
  224 M    -2  -3   1  -4  -3  -2  -3  -4  -3   0   1  -3   8  -1  -4  -2   0  -3  -2   0    0   0   8   0   0   0   0   0   0   2   7   0  72   0   0   0   6   0   0   5  0.93 0.25
  225 N    -1   1   4  -1  -2   0  -1  -2  -2  -2  -2   0  -2  -3  -2   1   5  -4  -3  -2    3   7  25   0   0   2   0   0   0   0   2   5   0   0   0   3  53   0   0   0  0.54 0.17
  226 N     0  -1   3  -1  -2  -1  -1   1   0  -4  -4  -1  -3  -4  -2   5   0  -4  -3  -3    0   2  18   0   0   0   0   7   2   0   0   0   0   0   0  72   0   0   0   0  0.71 0.20
  227 V     0  -3  -3  -3   7  -3  -1  -3  -3   0  -1  -3  -1  -3  -1   0  -1  -4  -3   3    7   0   0   0  39   0   5   0   0   0   0   0   0   0   2  10   0   0   0  36  0.68 0.17
  228 H    -3   3  -1  -2  -5   1   2  -3   9  -5  -4  -1  -3  -3  -3  -2  -3  -4   0  -4    0  17   0   0   0   4  12   0  67   0   0   0   0   0   0   0   0   0   0   0  1.28 0.25
  229 G     1  -2   1   4  -3   0   0  -1  -2  -3  -3   0  -3  -3   3   0  -1  -4  -1  -3   19   0   4  39   0   3   2   3   0   0   0   7   0   0  15   2   3   0   2   0  0.48 0.11
  230 V     0  -4  -4  -4  -2  -3  -3  -4  -4   3   0  -3   0  -2  -3  -2  -1  -4  -2   6    4   0   0   0   0   0   0   0   0  10   0   0   0   0   0   3   0   0   0  83  0.76 0.20
  231 M    -1  -3  -3  -3  -2  -2  -3  -3  -3   4   2  -3   2   2  -3  -2  -1  -2  -1   2    2   1   1   1   0   0   1   1   0  45  18   1   7  10   1   3   1   0   0   8  0.34 0.09
  232 P    -1  -1   1  -1  -2  -1  -1  -1  -2   0   0  -1  -1  -2   0   0   3  -2   0   1    1   1  11   3   0   0   1   3   0   7   6   4   0   0   3   5  38   0   5  12  0.18 0.08
  233 Q    -1  -2   1  -2  -3   3  -1  -3  -2  -3  -2  -1  -2  -4   7  -1  -1  -4  -3  -3    2   0   7   0   0  23   0   0   0   0   5   0   0   0  55   3   1   0   0   0  1.12 0.18
  234 G     0  -3  -1  -2  -3  -2  -3   6  -3  -4  -4  -2  -3  -4  -3  -1  -1  -3  -4  -3    7   0   0   0   0   0   0  84   0   0   1   0   0   0   0   0   4   0   0   0  1.17 0.19
  235 F    -3  -3   0  -3  -3  -3  -3  -3  -1  -1   0  -3  -1   6  -4  -3  -2   0   6  -2    1   0   7   0   0   0   0   0   0   0   6   0   0  48   0   0   0   0  34   0  0.88 0.18
  236 G    -1  -3  -1  -2  -3  -2  -3   6  -3  -4  -4  -2  -3  -4  -3   1  -2  -3  -4  -4    1   0   0   0   0   0   0  82   0   0   1   0   0   0   0  12   0   0   0   0  1.16 0.19
  237 A     3  -2  -2  -2  -1  -2   0  -2  -3   0   0  -2   1  -2  -2   0   0  -3  -2   3   37   0   0   0   0   0   5   0   0   0   5   0   4   0   0   4   2   0   0  38  0.27 0.11
  238 T     0  -2  -2  -2  -2  -2  -2  -3  -3   4   1  -2   0  -1  -2  -1   3  -3  -2   1    6   1   1   1   0   0   1   1   0  40   7   1   0   0   1   1  35   0   0   5  0.32 0.11
  239 I    -1  -2   0  -2  -2  -2  -2  -1  -3   2  -1  -2   1  -2  -2   0   5  -3  -2   0    0   0   4   0   0   0   0   4   0  22   0   0   4   0   0   0  64   0   0   0  0.55 0.17
  240 R    -2   4   6   0  -4   0  -1  -2  -1  -4  -4   1  -3  -4  -3  -1  -1  -4  -3  -4    0  34  56   0   0   0   0   0   0   0   0   6   0   0   0   0   0   0   0   0  0.85 0.19
  241 A     1   1  -3  -3  -2  -2  -2  -3  -3   4   0  -1   0  -1  -3  -2  -1  -3  -2   2   20  13   0   0   0   0   0   0   0  54   2   2   0   0   0   0   0   0   0   7  0.33 0.13
  242 I    -2  -3  -4  -4  -2  -3  -4  -4  -4   5   2  -3   1  -1  -1  -3  -1  -3  -2   2    0   0   0   0   0   0   0   0   0  69  11   0   2   0   4   0   0   0   0  11  0.63 0.16
  243 N    -2  -1   6   2  -3   0  -1  -2   0  -4  -4   0  -3  -3  -3   0   0  -3   1  -3    0   0  70   7   0   2   0   0   0   0   0   4   0   0   0   2   5   0   7   0  0.86 0.19
  244 G    -1  -2   1  -2  -3  -2  -3   6  -3  -4  -4  -1  -3  -4  -3   0  -2  -3  -4  -4    0   2   6   0   0   0   0  82   0   0   0   4   0   0   0   3   0   0   0   0  1.12 0.18
  245 A     1   0  -1   0  -3  -2  -1   5  -2  -3  -3  -1  -3  -3  -2   0  -2  -3  -3  -3   13   8   0   4   0   0   4  62   0   0   1   1   0   0   0   4   1   0   0   1  0.69 0.12
  246 L    -1  -2  -2  -2  -2   0  -1  -1  -2   2   3  -2   1   0  -2  -2  -1  -2   0   1    1   1   1   1   0   6   5   7   0  16  41   1   4   2   1   1   1   0   4   9  0.17 0.06
  247 E    -2  -1  -1   1   0   1   5  -3  -1  -1  -3   0  -2  -3  -2  -1   0  -3   0  -2    1   1   1   3   3   3  69   1   0   7   1   1   0   0   1   1   4   0   4   1  0.64 0.15
  248 C    -1  -3  -3  -3  10  -1  -3  -1  -3  -2  -2  -3  -2  -3  -3  -1  -2  -3  -3  -2    1   1   1   1  79   4   1   4   0   1   1   1   0   0   1   4   1   0   0   1  1.67 0.24
  249 N     0  -2   3   1  -3  -1  -1   5  -2  -3  -3  -2  -3  -3  -2  -1  -1  -3  -3  -3    3   1  22  10   0   0   1  54   0   1   1   1   0   0   1   1   3   0   0   1  0.66 0.12
  250 G    -1   1   0  -1  -3   1  -1   3   3  -2  -2   2  -1  -2  -2   0  -1  -3  -1  -2    1   9   5   1   0  10   1  32  12   2   1  15   2   1   1   5   1   0   0   2  0.29 0.07
  251 N     0   0   0   1  -3  -1  -1   5   0  -3  -3   0  -2  -3  -2  -1  -1   2  -2  -3    6   4   3   9   0   2   1  53   3   1   1   5   0   0   1   1   4   4   0   1  0.51 0.10
  252 N    -1   1   3   1  -3   2   0   1  -1  -3  -3   0  -2  -3   0   1   0   2  -2  -2    3  10  25   7   0  15   2   9   0   1   1   1   0   0   5  12   2   4   0   2  0.27 0.07
  253 P    -1   0   2   2  -2   0   0  -1  -1  -1  -2   0  -2  -1   3   0   1  -3  -2  -2    1   5  17  18   0   2   3   3   0   4   3   3   0   4  18   3  13   0   0   2  0.28 0.06
  254 A     2  -2   2   3  -2  -1  -1   1  -2  -2  -3  -1  -2  -3   0   1   1  -3  -3  -2   27   0  13  21   0   0   0  10   0   4   0   0   0   0   5  10   8   0   0   0  0.27 0.08
  255 Q     1   3   1   0  -2   2   0   1   0  -2  -2   1  -2  -3   0   0   0  -3  -2  -1   19  21   5   4   0  13   3   9   3   0   1   5   0   0   4   4   4   0   0   4  0.19 0.06
  256 M     1  -1  -2  -3  -2  -1  -2  -3  -3   2   0  -2   3  -2  -2  -1   1  -3  -2   4   12   4   2   0   0   3   0   1   0   7   1   0  13   0   0   1   8   0   0  48  0.27 0.11
  257 N     1  -1   3   1  -3   2   2  -1  -1  -3  -2   1   1  -3  -2   1  -1  -3  -2  -2   20   0  24   9   0  16  12   0   0   0   0   6   6   0   0   5   0   0   0   2  0.30 0.09
  258 A     1   0   4   4  -3  -1   1  -2  -1  -4  -4  -1  -3  -4  -2   1  -1  -4  -3  -3   15   3  30  36   0   0   7   0   0   0   0   0   0   0   0   8   0   0   0   0  0.59 0.14
  259 R    -1   6  -2  -3  -4   0  -1  -1  -2  -1  -3   1  -2  -4  -3  -1  -2  -4  -3  -3    5  78   0   0   0   0   0   3   0   7   0   4   0   0   0   3   0   0   0   0  0.94 0.21
  260 V    -2  -4  -4  -4   3  -4  -4  -5  -4   5   1  -4   0  -1  -4  -3  -1  -4  -2   4    0   0   0   0   7   0   0   0   0  59   1   0   0   0   0   0   0   0   0  33  0.72 0.18
  261 G     0   0   1  -1  -3  -1  -2   5  -2  -4  -4   1  -3  -4  -2   1  -1  -4  -3  -3    4   3   7   2   0   2   0  56   0   0   0  14   0   0   0  12   0   0   0   0  0.65 0.13
  262 Y    -3  -3  -3  -4  -4  -1  -3  -4   3  -2   0  -3  -1   6  -4  -3  -3   0   6  -2    0   0   0   0   0   4   0   0   8   0   7   0   0  39   0   0   0   0  42   0  0.97 0.20
  263 Y    -3  -3  -4  -5  -4  -3  -4  -5   0  -3  -2  -3  -2   3  -5  -3  -3   1   9  -3    0   0   0   0   0   0   0   0   0   0   0   0   0   6   0   0   0   0  94   0  1.87 0.32
  264 K    -2   4  -1  -2  -4   2   0  -3  -1  -1   0   4  -1  -3  -2  -1  -1  -3  -2  -2    0  32   0   0   0  10   0   0   0   4  12  37   0   0   0   0   3   0   0   0  0.49 0.14
  265 Q    -2   5  -1   2  -4   2   2  -3  -1  -3  -3   1  -2  -3  -2  -1  -1  -3   1  -3    0  48   0  13   0  11  11   0   0   0   0   4   0   0   0   0   4   0   7   0  0.55 0.13
  266 Y    -3  -3  -2  -4  -4  -3  -3  -4   0  -2  -2  -3  -2   4  -4  -3  -3   1   8  -2    0   0   2   0   0   0   0   0   0   0   0   0   0  14   0   0   0   0  81   0  1.47 0.25
  267 C    -2  -5  -4  -5  10  -4  -5  -4  -4  -2   0  -4  -2  -3  -4  -2  -2  -4  -4  -1    0   0   0   0  87   0   0   0   0   0   7   0   0   0   0   0   0   0   0   3  2.04 0.29
  268 Q    -1   1   0   4  -3   2   1   2  -1  -3  -3   0  -3  -4  -2   0  -1  -4  -3  -3    5  10   2  41   0  13   5  15   0   0   0   2   0   0   0   5   2   0   0   0  0.46 0.10
  269 Q    -1  -1  -2  -1  -2   3  -1  -3  -2   2   1   0   4  -1  -2   0   0  -3  -2   1    1   0   0   2   0  24   0   0   0  19  10   5  24   0   0   5   3   0   0   5  0.24 0.11
  270 L    -2  -3  -4  -4  -2  -3  -4  -4  -3   1   4  -3   2   3  -4  -3  -2  -2  -1   0    0   0   0   0   0   0   0   0   0   4  73   0   6  14   0   0   0   0   0   0  0.62 0.14
  271 R    -1  -1   1  -2  -3  -1  -2   6  -2  -4  -4  -2  -3  -4  -3  -1  -2  -3  -4  -4    1   5   8   0   0   3   0  81   0   0   0   0   0   0   0   0   0   0   0   0  1.08 0.17
  272 V    -1  -3  -3  -4  -2  -3  -3  -4  -4   2   0  -3   0  -2  -3  -2   0  -4  -2   5    2   0   0   0   0   0   0   0   0   9   3   0   0   0   0   0   5   0   0  79  0.65 0.17
  273 D     1  -2   0   3  -2  -1   0   2  -2  -3  -3  -1  -2  -3  -1   2   1  -3  -3  -2   13   0   2  28   0   0   0  21   0   0   0   0   0   0   2  18  14   0   0   0  0.37 0.09
  274 P    -1  -3  -3  -3  -3  -2  -2  -3  -1  -3  -3  -2  -3  -1   6  -2   0  -1   5  -2    4   0   0   0   0   0   0   0   0   0   0   0   0   0  54   0   6   0  31   2  1.21 0.19
  275 G    -1  -3  -1   0  -3  -2  -3   6   1  -5  -4  -2  -4  -4  -3  -1  -2  -3  -3  -4    0   0   0   6   0   0   0  87   4   0   0   0   0   0   0   0   0   0   0   0  1.24 0.19
  276 P     0  -2   2   3  -3   0   1   0   1  -3  -4  -1  -3  -4   3   1  -1  -4  -3  -3    6   0  13  27   0   5   8   6   4   0   0   0   0   0  18  11   2   0   0   0  0.47 0.09
  277 N    -3  -2   7   1  -4  -1  -1   0  -1  -5  -5   0  -3  -4  -3  -1  -1  -5  -3  -4    0   0  88   4   0   0   0   5   0   0   0   4   0   0   0   0   0   0   0   0  1.28 0.25
  278 L    -3  -3  -5  -5  -2  -3  -4  -5  -4   1   5  -4   1  -1  -4  -4  -2  -3  -2   0    0   0   0   0   0   0   0   0   0   5  95   0   0   0   0   0   0   0   0   0  0.91 0.20
  279 I    -1  -2   0   5  -3  -1   0  -2  -2  -2  -3  -1  -3  -3   0   2   2  -4   0  -3    2   0   0  56   0   0   0   0   0   2   0   0   0   0   3  16  16   0   5   0  0.64 0.14
  280 C    -2  -5  -4  -5  11  -5  -5  -4  -5  -3  -3  -5  -3  -4  -4  -2  -2  -4  -4  -2    0   0   0   0 100   0   0   0   0   0   0   0   0   0   0   0   0   0   0   0  2.53 0.31

                      K         Lambda
Standard Ungapped    0.1387     0.3204
Standard Gapped      0.0447     0.2670
PSI Ungapped         0.1459     0.3179
PSI Gapped           0.0447     0.2670
