
Last position-specific scoring matrix computed, weighted observed percentages rounded down, information per position, and relative weight of gapless real matches to pseudocounts
            A   R   N   D   C   Q   E   G   H   I   L   K   M   F   P   S   T   W   Y   V   A   R   N   D   C   Q   E   G   H   I   L   K   M   F   P   S   T   W   Y   V
    1 M    -2  -2  -3  -4  -2  -1  -3  -4  -2   1   3  -2   7   0  -3  -2  -1  -2  -2   0    0   0   0   0   0   0   0   0   0   0  25   0  75   0   0   0   0   0   0   0  0.67 0.11
    2 A     4  -2  -2  -2  -1  -1   0   1  -2  -2  -2  -1  -1  -3  -1   1   1  -3  -2  -1   74   0   0   0   0   0   8   7   0   0   0   0   0   0   0   0  11   0   0   0  0.41 0.07
    3 Y     0  -1  -1  -1  -2   0   1   0   0  -3  -2   1  -2   1  -2   3   0  -1   3  -2    0   0   0   0   0   0  14   6   0   0   0  11   0   6   0  41   0   0  22   0  0.26 0.06
    4 V     1  -2  -2  -3  -1  -2  -2  -2  -3   1   1  -2   1  -1  -2  -1   2  -3  -2   3   18   0   0   0   0   0   0   0   0   0   8   0   5   0   0   0  17   0   0  52  0.26 0.06
    5 R    -2   4  -1  -2  -4   1   0  -3  -1   0  -2   4  -1  -3  -2  -1  -1  -3  -2  -2    0  40   0   0   0   0   0   0   0   9   0  50   0   0   0   0   0   0   0   0  0.58 0.09
    6 L    -1  -2  -2  -3  -2  -2  -2  -3  -2   2   3  -2   1   0  -3   1   1  -2   1   1    0   0   0   0   0   0   0   0   0  18  46   0   0   0   0  17  11   0   8   0  0.22 0.05
    7 T     3  -2  -1  -2  -1  -1  -1  -1  -1  -2  -2  -1  -1  -2  -1   3   1  -2   1  -1   52   0   0   0   0   0   0   0   0   0   0   0   0   0   0  30  10   0   8   0  0.37 0.07
    8 S     1  -1   2   0   3   0   2  -1  -1  -3  -3   0  -2  -3   2   2   0  -3  -2  -2    8   0  17   0  10   0  21   0   0   0   0   0   0   0   9  33   0   0   0   0  0.32 0.05
    9 L    -1  -2  -2  -3  -2  -2  -2  -3   1   0   3  -2   2   0   3  -1   2  -2  -1   0    0   0   0   0   0   0   0   0   6   0  42   0  12   4  15   0  19   0   0   0  0.27 0.06
   10 A     3  -2  -2  -3  -1  -2  -2  -2  -2   2   1  -2   1  -1  -2   0   1  -3  -2   2   42   0   0   0   0   0   0   0   0  22   7   0   7   0   0   0   9   0   0  11  0.20 0.06
   11 V    -1  -3  -3  -1  -2  -3  -3  -4  -3   2   3  -3   1  -1  -3  -2  -1  -3  -2   4    0   0   0   5   0   0   0   0   0   0  39   0   0   0   0   0   0   0   0  56  0.40 0.09
   12 L    -2  -2  -2  -2  -2   0   1  -3  -2   1   2  -2   1   3  -3  -1   1  -2   0   0    0   0   0   0   0   5  14   0   0  12  36   0   0  19   0   0  14   0   0   0  0.19 0.05
   13 F    -2  -3  -3  -3  -3  -2   0  -4  -2   0   2  -2   2   5  -3  -2  -2  -1   1   0    0   0   0   0   0   0  12   0   0   0  24   0  12  48   0   0   0   0   0   4  0.43 0.08
   14 F     2  -3  -3  -3  -2  -3  -3  -2  -2   0   2  -3   0   5  -3  -1  -2  -1   1  -1   31   0   0   0   0   0   0   0   0   0  21   0   0  47   0   0   0   0   0   0  0.41 0.09
   15 L     0  -2  -2  -3  -2  -2  -2  -3  -3   0   3  -1   1   1  -2  -1   2  -2  -1   1   11   0   0   0   0   0   0   0   0   0  48   5   0   8   0   0  24   0   0   5  0.22 0.06
   16 A     2  -1  -1  -2  -1  -1   0  -1   0  -1   1   1   0  -2  -2   1   1  -3  -2   0   30   0   0   0   0   0   4   0   4   0  20  15   0   0   0   5  16   0   0   6  0.12 0.04
   17 A     3  -1  -1  -1  -2   0   2   2  -2  -3  -3  -1  -2  -3  -1   2   0  -3  -2  -2   36   0   0   0   0   4  18  20   0   0   0   0   0   0   0  19   4   0   0   0  0.33 0.06
   18 S     0  -2   1  -2  -2  -1  -1  -2   2  -1   0  -1   4   0  -2   2   1  -2  -1  -1    7   0   8   0   0   0   0   0   6   0   4   0  31   5   0  29  11   0   0   0  0.20 0.08
   19 V     0  -2  -2  -3  -2   1  -2  -3  -2   2   0  -2   0   4  -3   0  -1  -1   0   2    5   0   0   0   0  15   0   0   0  11   3   0   0  30   0   8   0   0   0  29  0.21 0.06
   20 M    -2  -2   0  -3  -2  -2  -3  -3  -2   2   3  -1   5   0  -3  -2  -1  -2  -2   0    0   0   6   0   0   0   0   0   0  12  41   5  36   0   0   0   0   0   0   0  0.39 0.09
   21 K    -1   1   1  -1  -3   0   0  -2  -1  -2  -2   4  -2   0   2   0   2  -3  -2  -2    0   6   8   0   0   0   3   0   0   0   0  45   0   7  11   0  20   0   0   0  0.34 0.07
   22 T     0   0   0  -1  -2   0   0   0  -1  -2  -2   2  -1  -2  -1   1   4  -2  -2  -1    8   1   4   1   0   1   1   4   0   1   1  26   0   1   1   4  44   0   0   1  0.27 0.06
   23 E    -1   0   3   1  -2   0   2  -2  -1  -1   0   1  -1  -2  -2   0  -1  -3  -2   0    1   1  24   4   0   1  23   1   0   1  16  12   0   1   1   5   1   0   0   8  0.16 0.03
   24 G     1  -2  -1  -2  -2  -1   0   4  -1   1  -1  -2  -1  -2  -2  -1  -1  -3  -2   1   11   0   3   1   0   0   6  41   2   9   3   1   0   0   0   1   1   0   0  20  0.26 0.05
   25 G     0  -3  -1   0  -3  -2   0   6  -3  -4  -4  -2  -3  -4  -3   0  -2  -4  -4  -4    4   0   0   5   0   0   7  78   0   0   0   0   0   0   0   5   0   0   0   0  1.02 0.15
   26 L     2  -2  -3  -3  -2  -2  -2  -1  -3   1   2  -1   0   0  -2  -1   0  -3  -2   1   34   0   0   0   0   0   0   3   0   8  33   5   0   3   0   2   3   0   0   8  0.20 0.08
   27 P     2  -3  -3  -3  -3  -2  -2  -3  -3   2  -1  -2  -1  -1   6  -1  -2  -4  -2  -1   24   0   0   0   0   0   0   0   0  20   3   0   0   3  46   0   0   0   1   1  0.84 0.14
   28 T     0  -1  -1   2  -2  -1  -1  -2  -2   2  -1  -1  -1  -2   2   1   1  -3  -2   1    2   2   0  15   0   0   0   0   0  17   0   3   0   0  13  18   9   0   0  19  0.19 0.06
   29 C    -2  -5  -4  -5  11  -5  -5  -4  -5  -3  -3  -5  -3  -4  -5  -2  -2  -4  -4  -2    0   0   0   0 100   0   0   0   0   0   0   0   0   0   0   0   0   0   0   0  2.61 0.30
   30 G    -1  -3   4  -1  -4  -2  -2   6  -2  -5  -5  -2  -4  -4  -3  -1  -2  -4  -4  -4    3   0  28   0   0   0   0  70   0   0   0   0   0   0   0   0   0   0   0   0  1.07 0.16
   31 E    -2  -2  -1   0  -4   0   6   3  -2  -5  -4  -1  -3  -4  -2  -1  -2  -4  -3  -4    0   0   0   0   0   0  72  28   0   0   0   0   0   0   0   0   0   0   0   0  0.94 0.18
   32 T     1  -2  -1  -2  -2  -1  -2  -2  -2  -1  -2  -1  -1  -3  -2   3   4  -3  -2   1   13   0   0   0   0   0   0   0   0   0   0   0   0   0   0  27  45   0   0  14  0.46 0.12
   33 C    -2  -5  -4  -5  11  -5  -5  -4  -5  -3  -3  -5  -3  -4  -5  -2  -2  -4  -4  -2    0   0   0   0 100   0   0   0   0   0   0   0   0   0   0   0   0   0   0   0  2.61 0.30
   34 T    -1  -3  -2  -3  -2  -2  -2  -3  -2   0   0  -2  -1   5  -3   2   1  -2   0   2    2   0   0   0   0   0   0   0   0   0   3   0   0  37   0  28   8   0   0  22  0.36 0.11
   35 L    -1  -1  -1  -2  -2  -1  -1   2  -2  -1   0   0   1   2  -2  -1   0   5   0   0    1   1   1   1   0   2   1  21   0   2  13  10   4  11   1   1  10  10   2   6  0.14 0.04
   36 G    -1  -2  -1  -2  -2  -2  -2   5  -2   1  -2  -2  -2  -1   2  -1  -1  -2  -2  -1    1   1   1   1   0   1   1  51   0  17   2   1   0   4  13   1   3   0   1   1  0.49 0.09
   37 T    -2  -1  -1  -2  -3  -1  -1  -3  -3  -2  -3   2  -3  -4   6   0   3  -4  -3  -2    0   1   3   0   0   0   2   0   0   3   0  19   0   0  46   2  25   0   0   0  0.92 0.17
   38 C    -2  -5  -4  -5  10  -4  -5  -4  -4  -3  -2  -4  -3   3  -4  -1  -2  -3  -2  -2    0   0   0   0  77   0   0   0   0   0   0   0   0  18   0   4   0   0   0   0  1.88 0.29
   39 Y    -2   2   3   0  -3   0   1  -3   0   0  -2  -1  -2   1  -3  -1  -1  -1   4  -1    0  14  22   5   0   4   9   0   0  10   1   0   0   3   0   0   3   0  27   1  0.30 0.11
   40 V    -1  -2  -1  -2  -2  -2  -2  -3  -3   1  -1  -2   3  -3  -2   2   5  -3  -3   0    0   0   0   0   0   0   0   0   0   8   0   0  13   0   0  21  53   0   0   5  0.53 0.17
   41 P     0  -2  -1  -2  -3  -1  -2  -3  -3  -3  -3   0  -3  -4   7   1   1  -4  -3  -2    8   0   1   0   0   1   0   0   0   0   0   5   0   0  60  13  10   0   0   2  1.22 0.18
   42 D    -1  -1  -1   2  -4  -1  -2   5  -3  -4  -4   0  -4  -4   3  -1  -2  -4  -4  -4    0   2   0  14   0   2   0  59   0   0   0   5   0   0  18   0   0   0   0   0  0.87 0.16
   43 C    -2  -5  -5  -5  11  -5  -6  -4  -5  -3  -3  -5  -3  -4  -5  -3  -3  -4  -4  -3    0   0   0   0 100   0   0   0   0   0   0   0   0   0   0   0   0   0   0   0  2.75 0.36
   44 S     0   1  -1  -2  -2  -1  -1   2  -2  -2  -3  -1  -2  -3  -2   3   3  -4  -3  -1    2  12   0   0   0   0   0  18   0   1   0   0   0   0   0  41  22   0   0   3  0.41 0.13
   45 C    -2  -4  -3  -4  10  -4  -4  -4  -4  -3  -3  -4  -3  -4  -4   1   0  -4  -4  -2    0   0   0   0  82   0   0   0   0   0   0   0   0   0   0  13   5   0   0   0  1.97 0.30
   46 S     0  -1   0   0  -2  -1  -1  -2  -2  -1  -2   1  -2  -3   3   3   1  -4  -2   0    3   0   4   3   0   0   2   0   0   2   0  14   0   0  15  38   8   0   0  12  0.32 0.10
   47 W     0  -2   0   0  -3  -2  -2  -3  -2  -1  -1  -2  -2   0  -3   0  -2   9   3  -1   10   2   7   8   0   0   0   0   0   3   5   2   0   0   0   7   0  37  12   5  0.80 0.15
   48 P    -2  -2  -3  -3   5  -2  -2  -1  -3  -4  -4   2  -3  -5   7  -2  -2  -5  -4  -3    0   0   0   0  18   0   0   4   0   0   0  17   0   0  60   0   0   0   0   0  1.42 0.21
   49 I    -2   1  -3  -4  -2  -2  -3  -4  -3   3   1  -2   1   1  -3  -2  -1  -3  -1   3    0  14   0   0   0   0   0   0   0  30   8   0   2   7   0   0   3   0   0  36  0.36 0.11
   50 C    -2  -5  -5  -5  11  -5  -6  -4  -5  -3  -3  -5  -3  -4  -5  -3  -3  -4  -4  -3    0   0   0   0 100   0   0   0   0   0   0   0   0   0   0   0   0   0   0   0  2.75 0.36
   51 M    -2  -2  -1  -3  -2  -2  -2  -3  -1   3  -1   1   0   0  -3   0   2  -1   4   0    0   0   2   0   0   0   0   0   0  30   0  15   2   0   0   6  23   0  23   0  0.30 0.13
   52 K    -2   4   1  -2  -4   0  -1  -3   3  -3  -2   3  -2  -3   3  -1  -2  -4  -2  -3    0  36   6   0   0   0   0   0  10   0   2  25   0   0  18   0   0   0   0   0  0.62 0.13
   53 N     0   0   5   2  -3  -1  -1  -2  -1  -3  -3  -1  -3  -4   2   0  -1  -4  -3  -1   10   5  55  10   0   0   0   0   0   0   0   0   0   0  12   0   0   0   0   6  0.60 0.14
   54 H     0  -1   0  -1  -2  -1  -1   3   5  -3  -3  -1  -2  -3  -2   1   2  -3  -1  -2    3   0   0   0   0   0   0  33  29   0   0   0   0   0   0  14  17   0   0   0  0.45 0.08
   55 I    -1  -3  -3  -3  -2  -2  -3   2  -3   2   3  -3   1  -1   1  -2  -1  -3  -2   1    0   0   0   0   0   0   0  22   0  12  43   0   0   0   9   0   0   0   0  13  0.27 0.06
   56 I    -1  -2  -3  -3  -2  -2  -1  -3  -3   3   2  -2   1  -1   2  -1   0  -3  -2   2    0   0   0   0   0   0   4   0   0  32  24   0   5   0  10   6   7   0   0  13  0.23 0.05
   57 A     2   0   1   0  -1  -1  -1   1  -2   0  -2  -1  -1  -3  -2   2   1  -3  -2   0   29   6   7   4   0   0   0   7   0   7   0   0   0   0   0  28   5   0   0   7  0.19 0.06
   58 A     2  -2  -1  -2  -1   0  -1   2  -2  -1  -1  -1  -1  -1  -2   2   1  -3  -2   0   29   0   0   0   0   5   0  14   0   0   3   0   0   4   0  28   5   0   0  11  0.22 0.07
   59 N     0  -1   2  -1  -2   0   2   0  -1   0   0   0  -1   1  -2  -1  -1  -2   1   1   11   0  16   0   0   0  20   6   0   0   7   5   0   7   0   0   0   0   7  22  0.08 0.05
   60 A     4  -2  -2  -3   4  -2  -2   0  -3  -2  -1  -2  -1  -3   2   0  -1  -3  -3  -1   61   0   0   0  14   0   0   6   0   0   7   0   0   0  12   0   0   0   0   0  0.48 0.11
   61 K    -2   3   3  -1  -4   1   1  -2  -1  -4  -3   4  -2  -4  -2  -1  -1  -4  -2  -3    0  23  18   0   0   0   8   0   0   0   0  52   0   0   0   0   0   0   0   0  0.58 0.10
   62 T    -1  -2  -1  -2  -2  -1  -2  -2   2  -1  -1  -1   4  -2  -2   2   4  -3  -2  -1    0   0   0   0   0   0   0   0   8   0   0   0  22   0   0  15  55   0   0   0  0.44 0.12
   63 V    -1  -2   3  -1  -2  -1  -2  -2  -2   2   1  -2   2  -1  -3  -1  -1  -3  -2   2    0   0  33   0   0   0   0   0   0  18  13   0  14   0   0   0   0   0   0  22  0.23 0.05
   64 N    -2  -2   4   5  -3  -1   0  -2  -1  -2  -1  -1  -2  -3  -2  -1  -1  -4  -3  -3    0   0  28  58   0   0   0   0   0   0  13   0   0   0   0   0   0   0   0   0  0.66 0.08
   65 E    -2  -1   0   3  -4   2   5  -3  -1  -4  -4   0  -3  -4  -2  -1  -1  -4  -3  -3    0   0   0  16   0   6  78   0   0   0   0   0   0   0   0   0   0   0   0   0  0.85 0.10
   66 H    -2   0   0  -1  -4   0   2  -3   8  -4  -3   1  -2  -2  -2  -1  -2  -3   1  -4    0   0   0   0   0   0  13   0  72   0   0  15   0   0   0   0   0   0   0   0  0.96 0.12
   67 R     2   1  -1  -2  -2  -1  -1  -2   4  -2  -2  -1  -2  -3   5  -1  -1  -3  -1  -2   28  10   0   0   0   0   0   0  20   4   0   0   0   0  38   0   0   0   0   0  0.66 0.07
   68 L    -2  -2   4  -1  -2  -1  -2  -2  -1   0   3  -2   3  -1  -3  -1  -1  -3  -2  -1    0   0  38   0   0   0   0   0   0   0  47   0  15   0   0   0   0   0   0   0  0.34 0.07
   69 L    -1  -3  -4  -4  -2  -3  -3  -4  -3   2   4  -3   1   0  -3  -3  -1  -2  -2   2    0   0   0   0   0   0   0   0   0   0  72   0   0   0   0   0   0   0   0  28  0.50 0.07
   70 C     1  -3  -3  -3   9  -2   1  -3  -3  -2  -2  -2  -2  -3  -3  -1  -1  -3  -3  -1   15   0   0   0  72   0  13   0   0   0   0   0   0   0   0   0   0   0   0   0  1.12 0.12
   71 T    -1   0   0   0  -3   5   4  -2   0  -3  -3   1  -2  -4  -2   1   0  -3  -2  -3    0   0   0   0   0  43  37   0   0   0   0   0   0   0   0  15   5   0   0   0  0.59 0.08
   72 S     2  -1   0  -1  -1  -1  -1  -1  -2  -2   0  -1  -1  -2  -2   4   1  -3  -2  -1   13   0   0   0   0   0   0   0   0   0  15   0   0   0   0  72   0   0   0   0  0.40 0.08
   73 H    -2  -1   0   4  -4   0   2  -2   6  -2   0  -1  -2  -2  -2  -1  -2  -3  -1  -3    0   0   0  38   0   0  15   0  34   0  13   0   0   0   0   0   0   0   0   0  0.53 0.08
   74 E     1   0   0   3  -3   0   3  -2  -1  -3  -3   1  -2  -3  -1   0   1  -3  -3  -2   18   0   0  26   0   0  28   0   0   0   0  15   0   0   0   0  13   0   0   0  0.36 0.05
   75 D     0  -2   0   6  -3   0   3  -2  -1  -3  -4  -1  -3  -4  -2   0  -1  -4  -3  -3   13   0   0  67   0   0  19   0   0   0   0   0   0   0   0   0   0   0   0   0  0.78 0.09
   76 C    -1  -4  -3  -4   9  -4  -4  -3  -3  -1  -1  -4  -1   2  -4  -2  -1  -2  -1   1    0   0   0   0  72   0   0   0   0   0   0   0   0  13   0   0   0   0   0  15  1.16 0.12
   77 F     0   2  -2  -3  -2  -1  -2  -3  -2   2   1  -1   2   2  -3  -1  -1  -2   1   1   13  18   0   0   0   0   0   0   0  32   5   0  15  14   0   0   0   0   4   0  0.16 0.05
   78 K     0   1  -1  -1  -3   1   0  -2  -1  -3  -3   5  -2  -3  -2   0   2  -3  -2  -2    4   0   0   0   0   0   0   0   0   0   0  75   0   0   0   0  21   0   0   0  0.54 0.09
   79 K    -1   3  -1  -1  -4   1   0  -2  -1  -3  -3   6  -2  -4  -2  -1  -1  -4  -2  -3    0  15   0   0   0   0   0   0   0   0   0  85   0   0   0   0   0   0   0   0  0.76 0.10
   80 G     1  -3  -1  -2  -3  -2  -2   6  -3  -4  -4  -2  -3  -4  -2   0  -2  -3  -3  -3   15   0   0   0   0   0   0  85   0   0   0   0   0   0   0   0   0   0   0   0  1.04 0.09
   81 T     1  -1   0  -1  -1  -1  -1  -1  -2  -1   0  -1  -1  -2  -1   3   3  -3  -2  -1   15   0   0   0   0   0   0   0   0   0  13   0   0   0   0  41  31   0   0   0  0.31 0.06
   82 G     0  -3  -1  -2  -3  -2  -3   6  -3  -4  -4  -2  -3  -4  -3  -1  -2  -3  -4  -4    0   0   0   0   0   0   0 100   0   0   0   0   0   0   0   0   0   0   0   0  1.28 0.09
   83 N    -2  -1   6   1  -3   0  -1  -1   0  -3  -4  -1  -2  -3  -2   0   1  -4  -3  -3    0   0  92   0   0   0   0   0   0   0   0   0   0   0   0   0   8   0   0   0  0.85 0.06
   84 Y    -3  -3  -3  -4  -3  -3  -3  -4  -1  -1   0  -3   0   7  -4  -3  -2   1   4  -1    0   0   0   0   0   0   0   0   0   0   0   0   0  84   0   0   0   0  16   0  0.91 0.06
   85 C    -1  -4  -3  -4  10  -4  -4  -3  -4  -2  -2  -4  -2  -3  -3  -1  -1  -3  -3  -1    0   0   0   0 100   0   0   0   0   0   0   0   0   0   0   0   0   0   0   0  1.66 0.09
   86 A     4  -2  -2  -2  -1  -1  -1   3  -2  -2  -2  -1  -2  -3  -1   1  -1  -3  -2  -1   77   0   0   0   0   0   0  23   0   0   0   0   0   0   0   0   0   0   0   0  0.48 0.04
   87 S    -1   3  -1  -2  -3   0  -1  -2   4  -3  -3   0  -2   0   5   0  -1  -3   0  -3    0  25   0   0   0   0   0   0  23   0   0   0   0   8  36   8   0   0   0   0  0.65 0.03
   88 F    -2  -3  -3  -3  -3  -2  -3  -3   0  -1  -1  -3  -1   5  -4  -1  -2   1   6  -1    0   0   0   0   0   0   0   0   0   0   0   0   0  47   0   6   0   0  47   0  0.76 0.05
   89 P    -1  -3  -3  -2  -3  -2  -2  -3  -3  -2   0  -2  -1   0   7  -1  -2  -3  -2  -2    0   0   0   0   0   0   0   0   0   0  16   0   0   6  78   0   0   0   0   0  1.48 0.05
   90 D    -2  -1   5   4  -3   0   0  -1   0  -4  -4   0  -3  -4  -2   0  -1  -4  -3  -3    0   0  53  41   0   0   0   0   0   0   0   6   0   0   0   0   0   0   0   0  0.71 0.04
   91 S    -1  -1   2  -1  -3   2   0  -2   5  -3  -3   0  -2  -3   4   1  -1  -3  -1  -3    0   0  19   0   0  14   0   0  28   0   0   0   0   0  23  16   0   0   0   0  0.52 0.03
   92 N     0  -2   2   5  -3  -1   0  -2   0  -3  -3  -1  -2   0  -2  -1  -1  -1   3  -2   10   0   8  57   0   0   0   0   0   0   0   0   0   0   0   0   0   0  25   0  0.52 0.04
   93 I    -1  -3  -3  -4   2  -3  -3  -4  -3   4   1  -3   2  -1  -3  -2  -1  -3  -2   3    0   0   0   0   5   0   0   0   0  57   0   0  12   0   0   0   0   0   0  25  0.38 0.03
   94 H    -1   0   0   3  -4   2   3  -2   4  -3  -3   2  -2  -3  -2   0  -1  -3  -1  -3    0   0   0  25   0  10  23   0  16   0   0  26   0   0   0   0   0   0   0   0  0.45 0.03
   95 F    -2  -2  -3  -4  -3  -2  -3  -4   1  -2  -1  -2  -1   4  -4  -2  -2   2   7  -2    0   0   0   0   0   0   0   0   0   0   0   0   0  16   0   0   0   0  84   0  1.02 0.07
   96 G     0  -3  -1  -2  -3  -2  -3   6  -2  -4  -4  -2  -3  -4  -3  -1  -2  -3  -4  -4    0   0   0   0   0   0   0 100   0   0   0   0   0   0   0   0   0   0   0   0  1.20 0.05
   97 W    -3  -3  -5  -5  -3  -3  -4  -3  -3  -3  -2  -4  -2   0  -4  -3  -3  12   2  -4    0   0   0   0   0   0   0   0   0   0   0   0   0   0   0   0   0 100   0   0  2.79 0.10
   98 C    -1  -4  -3  -4  10  -4  -4  -3  -4  -2  -2  -4  -2  -3  -3  -1  -1  -3  -3  -1    0   0   0   0 100   0   0   0   0   0   0   0   0   0   0   0   0   0   0   0  1.66 0.09
   99 F    -3  -3  -4  -4  -3  -4  -4  -4  -2  -1   0  -4   0   7  -4  -3  -3   1   3  -1    0   0   0   0   0   0   0   0   0   0   0   0   0 100   0   0   0   0   0   0  1.01 0.07
  100 H     1   3   0   2  -3   0   0   0   2  -3  -2   0  -2  -2  -2   0  -1  -2   1  -2   23  36   0  18   0   0   0   6   8   0   0   0   0   0   0   0   0   0   8   0  0.25 0.02
  101 A     3  -1  -1  -1  -1  -1  -1   0  -2  -2  -2  -1  -1  -3  -1   3   1  -3  -2  -1   53   0   0   0   0   0   0   0   0   0   0   0   0   0   0  47   0   0   0   0  0.42 0.04
  102 E    -1   0   0   3  -4   1   4  -2  -1  -3  -3   2  -2  -4  -1   0  -1  -4  -3  -3    0   0   0  25   0   0  53   0   0   0   0  23   0   0   0   0   0   0   0   0  0.60 0.04
  103 S     1  -1   0  -1  -1  -1  -1  -1  -1  -3  -3  -1  -2   0  -1   5   1  -3  -1  -2    0   0   0   0   0   0   0   0   0   0   0   0   0   6   0  94   0   0   0   0  0.52 0.06
  104 E    -1  -1   0   2  -4   2   6  -2  -1  -4  -3   0  -3  -4  -2   0  -1  -3  -3  -3    0   0   0   8   0   0  92   0   0   0   0   0   0   0   0   0   0   0   0   0  0.85 0.06
  105 G     3  -2  -1  -2  -2  -2  -2   5  -2  -3  -3  -1  -2  -3  -2   0  -1  -3  -3  -2   47   0   0   0   0   0   0  53   0   0   0   0   0   0   0   0   0   0   0   0  0.61 0.04
  106 Y    -1  -1  -1  -1  -2   0   2  -2   0  -1  -1  -1  -1   3  -2  -1  -1   1   5  -1    1   1   1   1   0   1  28   1   0   1   2   1   0  22   1   1   1   0  35   1  0.34 0.02
  107 L    -1  -2  -1   3  -2  -1  -1  -2  -2   0   3  -1   2  -1  -2  -1  -1  -2  -1   0    1   1   1  28   0   1   1   1   0   1  47   1  11   1   1   1   1   0   1   1  0.19 0.02
  108 L    -2  -3  -4  -4  -2  -3  -3  -4  -3   1   4  -3   2   3  -3  -3  -1  -1   0   1    0   0   0   0   0   0   0   0   0   0  73   0   0  17   0   0   0   0   0   9  0.42 0.03
  109 K    -1   2   0  -1  -2   1   1  -1  -1  -2  -2   5  -1  -2  -1   0  -1  -2  -1  -2    2   1   1   1   1   1   2   2   1   1   2  75   1   1   1   2   2   0   1   2  0.37 0.03
  110 D    -1  -1   1   5  -2   0   1   2  -1  -2  -2  -1  -2  -2  -1   0  -1  -2  -2  -2    2   1   1  58   1   1   2  19   1   1   2   2   1   1   1   2   2   0   1   2  0.46 0.02
  111 F    -3  -3  -2  -3  -3  -3  -3  -3   3  -1   0  -3   0   7  -4  -2  -2   0   3  -1    0   0   0   0   0   0   0   0  16   0   0   0   0  84   0   0   0   0   0   0  0.77 0.05
  112 M    -1  -2  -2  -3  -1  -2  -2  -3  -2   1   3  -2   2   1  -2   1   0  -2  -1   0    0   0   0   0   0   0   0   0   0   0  56   0   8   9   0  27   0   0   0   0  0.22 0.02
  113 N     1   2   1  -1  -3   1   0  -1  -1  -3  -3   5  -2  -3  -1   0  -1  -3  -2  -2   13   0   9   0   0   0   0   0   0   0   0  78   0   0   0   0   0   0   0   0  0.46 0.04
  114 M    -1  -2  -3  -3  -2  -1  -3  -3  -2   3   2  -2   6   0  -3  -2   0  -2  -1   1    0   0   0   0   0   0   0   0   0  28   0   0  66   0   0   0   6   0   0   0  0.41 0.05
  115 S     0  -1   0  -1  -2   1  -1  -1  -2  -2  -2  -1  -2  -3   5   2   3  -3  -2  -2    0   0   0   0   0   7   0   0   0   0   0   0   0   0  31  35  28   0   0   0  0.59 0.03
  116 K    -1   2  -1  -1  -3   2   0  -2  -1  -2  -2   3  -1  -3   5  -1  -1  -3  -2  -1    0  16   0   0   0  10   0   0   0   0   0  32   0   0  31   0   0   0   0  10  0.55 0.02
  117 D     1   2   0   3  -2   0   1  -1  -1  -3  -3   3  -2  -3  -1   0  -1  -3  -2  -2   27  11   0  32   0   0   0   0   0   0   0  30   0   0   0   0   0   0   0   0  0.33 0.02
  118 D    -2  -2   2   5  -3  -1   0  -2  -1   0   0  -1  -1  -2  -2   0   1  -4  -3  -1    0   0  11  52   0   0   0   0   0  10  11   0   0   0   0   0  16   0   0   0  0.37 0.03
  119 L    -1  -2  -2  -3  -1  -2  -2  -3  -3   2   3  -2   1   0  -3  -1   2  -2  -1   1    0   0   0   0   0   0   0   0   0  11  62   0   0   0   0   0  27   0   0   0  0.31 0.03
  120 K    -1   2   0  -1  -3   1   1  -2  -1  -3  -3   5  -2  -3  -1   0  -1  -3  -2  -3    0   0   0   0   0   0   0   0   0   0   0 100   0   0   0   0   0   0   0   0  0.56 0.02
  121 M    -1  -2  -2  -3  -2   0  -2  -3  -2   1   2  -1   6   0  -3  -2  -1  -2  -1   1    0   0   0   0   0   0   0   0   0   0   0   0 100   0   0   0   0   0   0   0  0.36 0.01
  122 P     0  -2  -1  -1  -2  -1  -1  -1  -2  -3  -3  -1  -2  -3   7   2   0  -4  -3  -2    0   0   0   0   0   0   0   0   0   0   0   0   0   0  63  37   0   0   0   0  1.16 0.00
  123 L    -1  -1   3  -1  -2  -1  -2  -2  -1   0   2  -1   3  -1  -3  -1  -1  -2  -1   0    0   0  37   0   0   0   0   0   0   0  32   0  31   0   0   0   0   0   0   0  0.20 0.00
  124 E     0  -1  -1   0  -2   0   2  -2  -2   1  -1  -1   0  -2  -2   0   2  -3  -2   2    0   0   0   0   0   0  32   0   0   0   0   0   0   0   0   0  31   0   0  37  0.19 0.00
  125 S     0  -2  -2  -2  -1  -2  -2  -2  -2   3   1  -2   1  -1  -2   1   0  -3  -2   2    0   0   0   0   0   0   0   0   0  68   0   0   0   0   0  32   0   0   0   0  0.18 0.00
  126 T     0  -2  -1  -2  -2  -2  -2   3  -2   1  -1  -2   0  -2  -2   0   2  -3  -2   1    0   0   0   0   0   0   0  37   0  31   0   0   0   0   0   0  32   0   0   0  0.24 0.00
  127 N    -2  -1   6   1  -3   0   0   0   1  -3  -4   0  -2  -3  -2   1   0  -4  -2  -3    0   0 100   0   0   0   0   0   0   0   0   0   0   0   0   0   0   0   0   0  0.74 0.01

                      K         Lambda
Standard Ungapped    0.1350     0.3233
Standard Gapped      0.0419     0.2670
PSI Ungapped         0.1371     0.3176
PSI Gapped           0.0419     0.2670
