
Last position-specific scoring matrix computed, weighted observed percentages rounded down, information per position, and relative weight of gapless real matches to pseudocounts
            A   R   N   D   C   Q   E   G   H   I   L   K   M   F   P   S   T   W   Y   V   A   R   N   D   C   Q   E   G   H   I   L   K   M   F   P   S   T   W   Y   V
    1 M    -1  -1  -2  -3  -1   0  -2  -3  -2   1   2  -1   5   0  -2  -1  -1  -1  -1   1    0   0   0   0   0   0   0   0   0   0   0   0   0   0   0   0   0   0   0   0  0.00     0.00
    2 V     0  -2  -3  -3  -1  -2  -2  -3  -3   2   1  -2   1  -1  -2  -2   0  -3  -1   4    0   0   0   0   0   0   0   0   0   0   0   0   0   0   0   0   0   0   0   0  0.00     0.00
    3 A     4  -1  -1  -2   0  -1  -1   0  -2  -1  -1  -1  -1  -2  -1   1   0  -2  -2   0    0   0   0   0   0   0   0   0   0   0   0   0   0   0   0   0   0   0   0   0  0.00     0.00
    4 M    -1  -1  -2  -3  -1   0  -2  -3  -2   1   2  -1   5   0  -2  -1  -1  -1  -1   1    0   0   0   0   0   0   0   0   0   0   0   0   0   0   0   0   0   0   0   0  0.00     0.00
    5 I    -1  -3  -3  -3  -1  -3  -3  -4  -3   4   1  -3   1   0  -3  -2  -1  -3  -1   2    0   0   0   0   0   0   0   0   0   0   0   0   0   0   0   0   0   0   0   0  0.00     0.00
    6 M    -1  -1  -2  -3  -1   0  -2  -3  -2   1   2  -1   5   0  -2  -1  -1  -1  -1   1    0   0   0   0   0   0   0   0   0   0   0   0   0   0   0   0   0   0   0   0  0.00     0.00
    7 A     4  -1  -1  -2   0  -1  -1   0  -2  -1  -1  -1  -1  -2  -1   1   0  -2  -2   0    0   0   0   0   0   0   0   0   0   0   0   0   0   0   0   0   0   0   0   0  0.00     0.00
    8 S     1  -1   1   0  -1   0   0   0  -1  -2  -2   0  -1  -2  -1   4   1  -3  -2  -2    0   0   0   0   0   0   0   0   0   0   0   0   0   0   0   0   0   0   0   0  0.00     0.00
    9 R    -2   6   0  -2  -4   1   0  -2   0  -3  -2   2  -1  -3  -2  -1  -1  -3  -2  -3    0 100   0   0   0   0   0   0   0   0   0   0   0   0   0   0   0   0   0   0  0.75 0.01
   10 F    -2  -3  -3  -4  -3  -3  -3  -3  -1   0   0  -3   0   7  -4  -3  -2   1   3  -1    0   0   0   0   0   0   0   0   0   0   0   0   0 100   0   0   0   0   0   0  0.74 0.01
   11 N    -1  -1   4   0  -2   0  -1  -1   0  -2  -2   0  -1  -3  -2   1   3  -3  -2  -1    0   0  50   0   0   0   0   0   0   0   0   0   0   0   0   0  50   0   0   0  0.42 0.00
   12 R     3   4  -1  -2  -2   0  -1  -1  -1  -2  -2   1  -1  -3  -1   0  -1  -3  -2  -1   50  50   0   0   0   0   0   0   0   0   0   0   0   0   0   0   0   0   0   0  0.35 0.00
   13 E    -1  -1  -1   0  -2   1   3  -3  -1   1  -1   0   0  -2  -2  -1   0  -3  -2   2    0   0   0   0   0   0  50   0   0   0   0   0   0   0   0   0   0   0   0  50  0.24 0.00
   14 A     3   1  -1  -1  -2   0   0  -1  -1  -2  -2   3  -1  -3  -1   1   0  -3  -2  -1   50   0   0   0   0   0   0   0   0   0   0  50   0   0   0   0   0   0   0   0  0.29 0.00
   15 K     0   1   0  -1  -2   1   0  -1  -1  -3  -3   3  -2  -3  -1   3   1  -3  -2  -2    0   0   0   0   0   0   0   0   0   0   0  50   0   0   0  50   0   0   0   0  0.34 0.00
   16 L    -2  -2  -4  -4  -1  -2  -3  -4  -3   2   4  -3   2   0  -3  -3  -1  -2  -1   1    0   0   0   0   0   0   0   0   0   0 100   0   0   0   0   0   0   0   0   0  0.46 0.00
   17 A     3  -1   4   0  -1   0  -1   0   0  -2  -2   0  -2  -3  -1   1   0  -3  -2  -1   50   0  50   0   0   0   0   0   0   0   0   0   0   0   0   0   0   0   0   0  0.35 0.00
   18 S     1  -1   1   0  -1   0   0   0  -1  -3  -3   0  -2  -3  -1   4   1  -3  -2  -2    0   0   0   0   0   0   0   0   0   0   0   0   0   0   0 100   0   0   0   0  0.46 0.01
   19 Q    -1   0  -1  -2   7   4   0  -2  -1  -2  -2   0  -1  -3  -2  -1  -1  -2  -2  -2    0   0   0   0  50  50   0   0   0   0   0   0   0   0   0   0   0   0   0   0  0.58 0.00
   20 I    -1  -3  -3  -3  -1  -3  -3  -4  -3   4   1  -3   1  -1  -3  -2   0  -3  -1   3    0   0   0   0   0   0   0   0   0  50   0   0   0   0   0   0   0   0   0  50  0.35 0.00
   21 L    -2   4  -2  -3  -2   0  -1  -3  -1   0   2   1   1  -1  -3  -2  -1  -2  -1   0    0  50   0   0   0   0   0   0   0   0  50   0   0   0   0   0   0   0   0   0  0.29 0.00
   22 S     0  -1   0  -1  -2  -1  -1  -1  -2  -3  -3  -1  -2  -3   6   3   0  -3  -2  -2    0   0   0   0   0   0   0   0   0   0   0   0   0   0  50  50   0   0   0   0  0.91 0.00
   23 T     0  -1   0   1  -2   1   4  -2  -1  -2  -2   0  -1  -3  -1   1   3  -3  -2  -1    0   0   0   0   0   0  50   0   0   0   0   0   0   0   0   0  50   0   0   0  0.40 0.00
   24 L    -2  -3  -3  -4  -2  -3  -3  -4  -2   1   3  -3   1   5  -3  -3  -2   0   2   0    0   0   0   0   0   0   0   0   0   0  50   0   0  50   0   0   0   0   0   0  0.43 0.00
   25 L    -1  -2  -1  -2  -1  -1  -2  -3  -2   1   2  -2   1  -1  -2   0   3  -2  -1   0    0   0   0   0   0   0   0   0   0   0  50   0   0   0   0   0  50   0   0   0  0.25 0.00
   26 G     3  -2  -1  -2  -1  -1  -2   4  -2  -2  -3  -1  -2  -3  -2   1  -1  -3  -2  -1   50   0   0   0   0   0   0  50   0   0   0   0   0   0   0   0   0   0   0   0  0.52 0.00
   27 N    -1  -1   4   0  -2   0  -1  -1   0   0   0  -1   4  -1  -2   0   0  -3  -2  -1    0   0  50   0   0   0   0   0   0   0   0   0  50   0   0   0   0   0   0   0  0.26 0.00
   28 R     0   4   0  -1  -2   1   0  -1  -1  -3  -2   1  -2  -3  -1   3   0  -3  -2  -2    0  50   0   0   0   0   0   0   0   0   0   0   0   0   0  50   0   0   0   0  0.40 0.00
   29 S     1  -1   1   0  -1   0   0   0  -1  -3  -3   0  -2  -3  -1   4   1  -3  -2  -2    0   0   0   0   0   0   0   0   0   0   0   0   0   0   0 100   0   0   0   0  0.46 0.01
   30 C     0  -3  -3  -4   8  -3  -3  -3  -3   1  -1  -3  -1  -2  -3  -1  -1  -3  -2   2    0   0   0   0  68   0   0   0   0   0   0   0   0   0   0   0   0   0   0  32  0.79 0.02
   31 Y    -2  -2  -3  -4  -2  -2  -3  -4   0   2   2  -2   1   2  -3  -2  -1   0   4   1    0   0   0   0   0   0   0   0   0  32  31   0   0   0   0   0   0   0  37   0  0.34 0.01
   32 T     2  -2  -1  -2  -1  -1  -1  -1  -2   1  -1  -1   0  -2  -1   1   3  -3  -2   2   31   0   0   0   0   0   0   0   0   0   0   0   0   0   0   0  37   0   0  32  0.21 0.01
   33 S     0  -2  -1  -1  -2  -1  -1  -1  -2  -3  -3  -1  -2  -3   7   2   0  -4  -3  -2    0   0   0   0   0   0   0   0   0   0   0   0   0   0  63  37   0   0   0   0  1.17 0.02
   34 M    -1  -2  -2  -3  -1  -1  -2  -3  -2   2   1  -2   5  -1  -2  -1   2  -2  -1   1    0   0   0   0   0   0   0   0   0  23   0   0  58   0   0   0  19   0   0   0  0.28 0.03
   35 A     2   2  -1  -2  -1   0  -1  -1  -1  -1   1   0   0  -2  -2   2   0  -3  -2  -1   38  19   0   0   0   0   0   0   0   0  20   0   0   0   0  23   0   0   0   0  0.17 0.01
   36 A     3  -1   0  -1  -1  -1  -1   0  -2  -2  -2  -1  -1  -2  -1   3   2  -3  -2  -1   38   0   0   0   0   0   0   0   0   0   0   0   0   0   0  39  23   0   0   0  0.34 0.02
   37 T    -1  -2  -1  -2  -1  -2  -2  -2  -2   0   0  -2   0   2  -2   0   4  -2   0   2    0   0   0   0   0   0   0   0   0   0   0   0   0  19   0   0  58   0   0  23  0.26 0.02
   38 S     1   0   0  -1  -1   0   0  -1  -1  -3  -3   2  -2  -3  -1   4   1  -3  -2  -2    0   0   0   0   0   0   0   0   0   0   0  23   0   0   0  77   0   0   0   0  0.41 0.03
   39 S     0  -1   0  -1  -1  -1  -1  -1  -2   0  -1  -1  -1  -2  -1   3   3  -3  -2   1    0   0   0   0   0   0   0   0   0   0   0   0   0   0   0  38  39   0   0  23  0.27 0.02
   40 S     2  -1   2   0  -1   0  -1  -1  -1  -2  -2  -1  -1  -3  -1   3   2  -3  -2  -1   22   0  17   0   0   0   0   0   0   0   0   0   0   0   0  43  17   0   0   0  0.33 0.02
   41 A     2  -1   2  -1  -2  -1  -1   2  -1  -3  -3  -1  -2  -3   3   2   0  -3  -2  -2   24   0  17   0   0   0   0  20   0   0   0   0   0   0  17  22   0   0   0   0  0.39 0.02
   42 L    -1  -1  -1  -2  -2  -1  -2  -2  -2   2   1   0   0   2  -2   0   1  -2   0   1    0   0   0   0   0   0   0   0   0  30   9  13   0  18   0  14  16   0   0   0  0.10 0.02
   43 L    -1   1  -2  -3  -2  -1  -2  -3  -2   3   2  -1   1  -1  -3   0  -1  -3  -2   1    0  16   0   0   0   0   0   0   0  39  32   0   0   0   0  14   0   0   0   0  0.18 0.03
   44 L    -1  -1   4   0  -2  -1  -1  -2  -1   1   1   1   0  -2  -2   0   1  -3  -2   0    0   0  39   0   0   0   0   0   0  14  19  16   0   0   0   0  13   0   0   0  0.18 0.03
   45 N    -1   0   5   0  -2   0  -1  -1   0  -2   0   1  -1  -2  -2   1   0  -3  -2  -2    0   0  57   0   0   0   0   0   0   0  14  13   0   0   0  16   0   0   0   0  0.38 0.04
   46 P    -1  -1  -2  -1  -3  -1  -1  -2  -2  -3  -3   1  -3  -4   7   1  -1  -4  -3  -3    0   0   0   0   0   0   0   0   0   0   0  16   0   0  71  13   0   0   0   0  1.36 0.06
   47 L    -2  -1  -3  -3  -2  -2  -2  -3  -2   2   3   0   1   3  -3  -2  -1  -1   0   0    0   0   0   0   0   0   0   0   0  13  48  16   0  23   0   0   0   0   0   0  0.25 0.03
   48 T    -1   2  -1  -2  -2   0  -1  -2  -2   1  -1   1  -1  -2   2   0   3  -3  -2   0    0  14   0   0   0   0   0   0   0  21   0  16   0   0  13   0  36   0   0   0  0.24 0.03
   49 S     2   0   0  -1  -1   0   0  -1  -1  -3  -3   2  -2  -3  -1   4   1  -3  -2  -2   16   0   0   0   0   0   0   0   0   0   0  21   0   0   0  63   0   0   0   0  0.38 0.05
   50 S    -1   2   2   2  -2   0  -1  -2  -1  -1   1   0   0  -2  -2   0  -1  -3  -2  -1    0  23  21  13   0   0   0   0   0   0  33   0   0   0   0   9   0   0   0   0  0.17 0.03
   51 S     1  -2  -1  -2   4  -1  -2  -2   4   1   0  -2   3  -1  -2   0  -1  -3  -1   0   14   0   0   0  18   0   0   0  23  16   0   0  21   0   0   9   0   0   0   0  0.21 0.04
   52 S     0  -2   1  -1   5  -1  -1  -1  -2   1  -1  -1  -1  -2  -2   2   1  -3  -2   0    1   0   8   0  22   0   1   1   0  20   1   0   0   0   0  32  13   0   0   1  0.23 0.03
   53 S     1  -1   2   2  -1   0   0  -1  -1  -2  -2  -1  -2  -3  -1   3   1  -3  -2  -2   15   0   8  20   0   0   1   1   0   0   1   0   0   0   0  44   8   0   0   1  0.31 0.03
   54 S     1   0  -1  -1   3   1   0  -1  -1  -2  -2   2  -1  -3  -1   1   2  -3  -2  -1   17   0   0   0   9   9   0   0   0   0   1  27   0   0   0  16  16   0   0   0  0.23 0.04
   55 T     1  -1   1  -1  -1  -1  -1  -1  -1  -1   0   1  -1  -2  -1   2   3  -3  -2  -1   12   0   6   0   0   0   0   0   0   0  10  11   0   0   0  15  43   0   0   0  0.23 0.05
   56 L    -1  -1  -1   0  -2   0   3  -2  -1  -1   1  -1   0   1  -2   0   1  -2  -1  -1    1   1   1   1   0   1  33   1   0   1  25   1   0  10   1  11  12   0   0   1  0.15 0.04
   57 R    -1   4  -1  -1  -3   0   2  -3  -1   1  -1   1  -1  -2  -2  -1  -1  -3  -2   1    0  37   0   0   0   0  28   0   0  19   1   0   0   0   0   0   0   0   0  11  0.27 0.05
   58 R     1   1   0  -2  -2  -1  -2   1  -2   2   0  -1   0  -2   1  -1  -1  -3  -2   1   19  15   6   0   0   0   0  11   0  21   1   0   0   0   7   0   0   0   0  17  0.09 0.03
   59 F    -1  -2  -2  -2  -2  -2  -2  -2  -1   0   1  -2   0   4  -2   0  -1   5   1  -1    2   1   1   1   0   1   1   2   0   1  22   1   0  40   1  11   1  11   1   1  0.31 0.04
   60 R    -1   3  -1  -1  -2   0   1  -2  -1  -2  -2   2  -2  -2  -2   1   2   6  -1  -2    0  25   0   0   0   0   9   0   0   0   1  13   0   0   0  12  20  17   0   0  0.39 0.05
   61 C    -1  -2   1  -2   3  -1  -2  -2  -1   0  -1  -1  -1  -1   3   1   1  -1   2   0    0   0  11   0  12   0   0   0   0   6   1   0   0   0  19  12   9   0  16  12  0.25 0.04
   62 S     0  -1   2  -1  -2   1   0  -2  -1  -2  -2  -1  -2  -3   6   1  -1  -3  -3  -1    8   0  14   0   0   8   5   0   0   0   0   0   0   0  43  10   0   0   0   8  0.70 0.07
   63 P     2  -1   1  -1  -2  -1  -1  -1  -2  -2  -2   0  -2  -3   5   1   1  -3  -2  -2   26   0   8   0   0   0   0   0   0   0   0   9   0   0  31  15   9   0   0   0  0.52 0.06
   64 E    -2   1   4   0  -3   1   3  -2   0  -3  -2   0   1  -3  -2   0   0   4  -2  -3    0   7  39   0   0   8  25   0   0   0   0   0   7   0   0   0   8   7   0   0  0.43 0.09
   65 I    -2   0  -3   0  -2  -2  -2  -3  -2   2   1  -2   3   2  -3  -2  -2   6   0   1    0   7   0   8   0   0   0   0   0  19   9   0  19  14   0   0   0  15   0   8  0.33 0.07
   66 S    -1  -1   3   0   1  -1   1   0   0  -2  -2  -1  -2   2  -2   1   1  -1   3  -2    0   0  22   0   5   0  15   7   0   0   0   0   0  11   0  17   8   0  15   0  0.22 0.06
   67 S     0   0   2   0  -2   0   1  -1  -1  -3  -3   2  -2  -3   1   3   0  -3  -2  -2    1   0  16   0   0   0   8   1   0   0   1  26   0   0   7  37   0   0   0   0  0.34 0.07
   68 L    -1  -1  -2  -2  -1  -1  -1  -2  -2   3   1   0   0  -1   1  -1   1  -2  -1   1    2   1   1   1   0   1   1   2   0  36  16   8   1   1   9   2  15   0   1   1  0.14 0.04
   69 S     0   0  -1   0  -2  -1  -1  -2  -1   0   1  -1   1   1  -2   1  -1  -1   3  -1    7   5   0   9   0   0   0   1   0   0  24   0   7   8   0  20   0   0  15   0  0.10 0.04
   70 F    -1   1  -1  -1   3   0   1  -2  -1  -1   0   1  -1   0   3  -1   1  -2  -1  -1    1   8   1   1   9   1  16   1   0   1  17   9   0   5  16   1  15   0   0   1  0.18 0.04
   71 S     0   0  -1   2  -2  -1  -1  -2  -1  -1  -1  -1  -1  -1   1   1   2  -2   2  -1    8   7   0  16   0   0   0   0   0   0   9   0   0   0   7   9  29   0  12   0  0.18 0.05
   72 S     1  -1  -1  -1   2   0   2  -2  -2  -1   1  -1   0  -2  -2   1   1  -3  -2  -1   15   0   0   0   7   0  21   0   0   0  30   0   0   0   0  17   8   0   0   0  0.14 0.05
   73 A     1  -1  -2  -2  -2  -1   0  -2  -2   1  -1  -1  -1   0   5   0  -1  -3  -1   1   15   5   0   0   0   0   7   0   0  14   0   0   0   7  31   6   0   0   0  13  0.38 0.06
   74 S     0   1  -1   0  -3   1   3  -2  -1  -2  -1   2  -1  -2  -2   2  -1  -2   1  -2    7   7   0   0   0   4  25   0   0   0   6  24   0   0   0  20   0   0   7   0  0.26 0.07
   75 D    -1  -1   0   3  -3   1   2   0  -1  -2  -1  -1  -2  -3   3   0   0  -3  -2  -1    0   0   0  28   0   4  21   6   0   0   8   0   0   0  14   4   6   0   0   7  0.32 0.06
   76 F     0  -1  -2  -2  -2   1  -1  -2  -2   1   2   0   0   1  -2   0   0  -2  -1   0    7   0   0   0   0  12   0   0   0   5  31   7   0  11   0  13   6   0   0   5  0.09 0.04
   77 S     0  -2  -2  -2  -3   0  -1   1  -2  -4  -4   1  -3  -4   7   1  -1  -4  -3  -3    4   0   0   0   0   5   0  10   0   0   0  12   0   0  57  13   0   0   0   0  1.11 0.15
   78 L     0  -2  -2  -1  -2  -2  -1  -3  -2   2   2  -2   1   0   0   0  -1  -2   0   2    4   0   0   4   0   0   5   0   0  17  23   0   5   3   6  12   0   0   4  16  0.12 0.05
   79 A     2  -2   0   1  -2  -1  -1  -1  -2   0  -2  -1  -2  -3   4   3   0  -4  -3   0   18   0   5  10   0   0   0   0   0   6   0   0   0   0  22  32   0   0   0   8  0.39 0.10
   80 M    -1   0  -2  -2  -3   1   1  -1  -2   0   1   0   2   2   2  -1  -1  -2  -1  -1    4   5   0   0   0  10  15   4   0   5  17   3   8  16   9   4   0   0   0   0  0.12 0.06
   81 K    -1   1   0   3  -3   1   2  -2  -1  -1   0   2  -1  -3  -2   0   0  -3  -2  -2    0   6   0  27   0   8  14   0   0   5  12  17   0   0   0   5   7   0   0   0  0.27 0.08
   82 R    -1   2   3   2  -3   0   1  -2   2  -2  -3   1  -2  -3   2   0   0  -4  -2  -1    0  18  21  14   0   0   7   0   6   0   0   9   0   0  10   4   4   0   0   8  0.30 0.08
   83 Q     0  -2  -2  -2  -2   0  -2   2  -2   1   1  -2   0   0  -2   0   1  -2   0   2    4   0   0   0   0   7   0  17   0   5  17   0   0   4   0   7   9   0   5  24  0.11 0.07
   84 S     0  -1   0  -1   3  -1   1   1  -2  -2  -2   1  -2  -3  -2   3   0  -3  -2   0    1   0   3   0   9   0  13  13   0   0   1  11   0   0   0  36   0   0   0  12  0.24 0.11
   85 R    -1   4  -1   1  -3   1   0  -1  -1  -3  -1   2  -2  -3   2  -1   0  -3  -2  -2    3  40   0   8   0   4   5   4   0   0   5  12   0   0   9   1   8   0   0   1  0.37 0.11
   86 S     1  -1  -1   1  -2  -1   0  -2  -2   1  -1   1  -1   1  -2   1   0   2  -1   1   11   0   0   8   0   0   3   0   0  11   0  12   0   8   0  17   4   4   0  18  0.09 0.07
   87 F     1  -2  -2  -2  -2  -2   0   1  -2   0   0  -2  -1   4  -2   0   0  -1   0   1   15   0   0   0   0   0   9  10   0   4   7   0   0  29   0   3   9   0   0  12  0.16 0.09
   88 A     2   0  -1   0  -3   0   2  -1  -2  -3  -3   1  -2  -4   4   0   0  -4  -3  -2   23   3   0   3   0   0  17   2   0   0   0  12   0   0  27   6   6   0   0   0  0.51 0.13
   89 D     0   0   0   0  -3   1   1  -2   2  -1   0   0  -1   2  -2   0   1  -2   2  -1    6   4   4   5   0   6  14   0   7   3  11   3   0  13   0   6  10   0   8   0  0.10 0.06
   90 G    -1   0   1  -1  -2  -1   1   0   2  -1   0   0  -1  -2   1   1   3  -3  -2  -1    0   4   6   0   0   0  10   6   6   0  12   6   0   0   8   9  27   0   0   5  0.16 0.09
   91 S     0   0  -2  -2  -3  -1   0   0   1  -2   0   0  -1   0  -3   0   0   8   0  -1    6   6   0   0   0   0   6   7   5   0  14   9   0   2   0   9   5  25   0   3  0.44 0.15
   92 E    -1   1  -1   1  -3   2   3  -2  -1  -1  -1   1  -1  -3   1  -1   0  -3  -2   0    4   6   0   5   0  15  26   1   0   4   7   6   0   0   8   1   8   0   0   8  0.23 0.10
   93 R    -1   3   1   1   0  -1  -1  -1  -1  -2  -1   1  -2   1   1   0  -1  -2   1  -1    3  28   6   8   3   0   0   3   0   0   3  10   0   7   6   8   0   0   8   6  0.17 0.09
   94 D     0   1  -1   1  -2   0   0   1  -2   0   0  -1  -1   2  -2   0   0   3  -1   0    7  11   0  12   0   3   3  11   0   7   9   0   0  13   0   9   3   5   0   6  0.07 0.06
   95 P     1  -1  -3  -3  -3  -2  -1  -3  -3   0  -2  -1   0  -1   6   0  -2  -4  -3  -2   13   3   0   0   0   0   3   0   0   6   4   2   3   3  53   9   0   0   0   0  0.98 0.23
   96 S     1  -2   0   2  -3   0   1   3   0  -3  -3  -1  -1  -3   2   2  -1  -3  -3  -3    9   0   3  14   0   3   8  26   3   0   0   0   2   0  10  20   0   0   0   0  0.37 0.13
   97 V     0  -3  -3  -3  -2  -2  -1  -3  -2   2   1  -2   0   2  -1  -1   0  -2   3   3    5   0   0   0   0   0   6   0   0  12  12   0   0   9   3   2   7   0  12  28  0.20 0.11
   98 V     0  -3  -3  -3  -2  -2  -2  -3  -3   2   3  -2   1   0  -1  -2   0   5  -1   1   11   0   0   0   0   0   2   1   0  13  34   0   4   3   3   1   6   9   0  12  0.28 0.12
   99 C     1   2  -1  -1   3   0  -1  -2   0  -1  -1   2  -1  -2   0   1  -1  -2   0  -1   17  13   1   3  11   4   1   1   3   3   4  17   0   0   3  12   1   0   3   3  0.16 0.09
  100 E    -2   2  -1  -1  -4   1   4  -3  -2  -3  -3   4  -2  -3   1   0  -1  -3  -1  -2    1   8   0   0   0   4  31   1   0   0   1  35   0   0   6   5   2   0   2   3  0.55 0.22
  101 A     2  -1   0  -2   0   0   0  -1  -2   0   0   0   0  -1   0   0   0  -2   0   1   24   0   6   0   2   2   6   3   0   4   7   8   2   2   5   3   4   0   5  15  0.07 0.07
  102 V    -1  -1  -1  -1  -2  -1   0  -2   0   1   1  -1   1   2  -1  -1  -1  -2   0   2    5   4   3   2   0   0  10   2   2   4  19   2   5  12   2   2   0   0   2  22  0.09 0.08
  103 K    -1   2   0  -1  -3   0   0  -3  -2  -2  -2   2  -2   0   4   0  -2   3  -1  -2    5  12   4   2   0   2   6   1   0   2   4  18   0   4  27   5   0   6   2   0  0.44 0.16
  104 R     1   0  -2  -1  -2   1   1  -1   0   0   0   0  -1  -1   2   0   0  -3  -2   1   13   6   0   0   0   6  14   2   2   3  10   2   0   2  13   8   4   0   0  14  0.14 0.08
  105 E     0  -1  -1   0  -3   1   2  -2  -2  -1  -1   2  -1  -3   2  -1   1  -3  -3   0   10   0   0   4   0   7  19   0   0   2   7  16   0   0  13   1  10   0   0   8  0.24 0.13
  106 T     1   1  -1  -2  -2  -1  -1  -1  -2  -2  -2   1   0   0   2   1   2  -2   1  -1   17   9   2   0   0   0   3   2   0   0   2   8   3   6  10  12  18   0   5   2  0.19 0.12
  107 G     1  -2  -1   1  -3   0   2   1  -1   0  -1  -1  -2  -2  -2   0   0  -2   2  -1   13   0   0  10   0   3  21  10   0   8   5   0   0   0   0   7   5   0  12   4  0.16 0.12
  108 P     1   0  -2  -1  -2  -1   0  -2  -2   1   0   1   0  -1   2   0   0  -3  -1   0   14   5   0   3   0   2   6   2   0  17   5   9   3   3  11   5   7   0   2   6  0.10 0.07
  109 D    -2   0   2   5  -4  -1   3  -3   0  -4  -4   0  -4  -4  -1  -1  -2  -5  -4  -3    3   5  10  41   0   0  26   0   2   0   0   5   0   0   2   2   0   0   0   2  0.77 0.28
  110 G    -1   2  -2   0  -3  -1  -1   2  -2   1  -2   1  -2   0   0   1  -1   0   1  -1    2  18   0   5   0   0   3  18   0  13   0   7   0   5   3  12   3   1   5   4  0.14 0.13
  111 L    -1  -2  -2   0  -1   0  -1  -2  -1   1   2  -1   3  -1   3  -1   0  -3  -1   1    4   0   1   6   1   5   2   2   1  10  22   2  10   2  15   3   5   0   2   7  0.20 0.12
  112 N     0   1   0   1  -3   0   1   0  -1  -1  -2   2  -1  -1   0   0   1  -3  -1  -1    4   6   5   8   0   2   7   6   0   5   3  21   2   4   4   8  11   0   2   2  0.12 0.09
  113 I     0  -3  -4  -4   0  -3  -1  -4  -4   5   2  -3  -1   0  -2  -3  -2   0  -2   1   10   1   0   0   2   0   5   1   0  46  18   0   0   4   2   1   1   1   0   6  0.54 0.26
  114 A     2  -1  -2  -2  -1   0  -1  -1   2   0  -1   1   0  -1   1   0   0  -3   0   1   21   1   0   0   1   3   1   5   7   6   6  10   2   2   8   6   5   0   4  10  0.11 0.11
  115 D    -1   0   2   2  -3   1   3  -2  -2  -4  -3   2  -3  -4   0   1   1  -4  -2  -3    4   3   9  14   0   5  22   2   0   0   2  12   0   0   3  14   8   0   1   0  0.36 0.20
  116 N    -1   2   2   3  -3   0   1   0   1  -3  -3   0  -3  -2  -2   1   0  -4  -2  -3    4  13  11  20   0   2  10   7   3   1   2   5   0   1   1  12   6   0   1   1  0.30 0.17
  117 V    -1  -4  -2  -3  -3  -2  -2  -4  -4   4   2  -4   0   0  -3  -3  -2  -4  -2   4    3   0   2   1   0   1   3   0   0  24  24   0   1   4   1   0   1   0   1  31  0.54 0.27
  118 S     0   2  -2  -3  -3   0   1  -3  -2   0   1   1  -2  -2  -3   1   2  -2   3  -2    8  14   1   0   0   3   9   0   0   5  15   7   0   0   0   9  15   0  14   1  0.23 0.20
  119 Q    -2   0  -2   5  -4   2   4  -1   1  -4  -2   0  -3  -4   0  -1  -3  -4  -3  -3    2   5   0  31   0   9  26   5   3   0   5   4   0   1   4   3   0   0   1   1  0.60 0.30
  120 L    -1  -1  -3  -3   1  -1  -2  -3   0   0   2   0   1   2  -3  -1   0  -2   4   1    6   3   1   0   3   2   1   1   2   3  25   5   3   8   0   4   5   0  17  11  0.24 0.18
  121 I     0  -5  -5  -5  -2  -4  -1  -5  -5   6  -1  -4   0  -3  -5  -4  -3   0  -4   4    9   0   0   0   1   0   4   0   0  45   2   0   2   0   0   0   0   1   0  34  1.04 0.45
  122 G    -3  -2  -1  -4  -5  -3  -5   6   1   1  -5  -2  -5  -2  -4  -3  -2  -5  -2  -3    1   2   2   0   0   1   0  69   4   8   1   3   0   2   1   0   3   0   2   2  1.30 0.53
  123 K    -2   4   4  -1  -5   0   2  -2   0  -5  -3   2  -4  -5   1  -2  -2  -5  -4  -4    3  27  21   2   0   2  17   3   2   0   2   9   0   0   8   1   1   0   0   1  0.63 0.34
  124 T    -4  -5  -3  -5  -5  -4  -5  -5  -5  -5  -5  -4  -2  -6  -5   3   7  -6  -6  -4    0   0   1   0   0   0   0   0   0   0   0   0   1   0   0  22  75   0   0   0  1.95 0.82
  125 P    -1  -6  -2  -5  -7  -3  -4  -4  -4  -7  -7  -4  -7  -8   9  -5  -5  -8  -7  -7    4   0   2   0   0   1   1   1   0   0   0   1   0   0  89   0   0   0   0   0  2.88 0.99
  126 M    -4  -5  -6  -7  -4  -5  -6  -7  -6   3   5  -4   3  -3  -6  -5  -4  -5  -4   2    1   0   0   0   0   0   0   0   0  14  67   1   6   0   0   0   0   0   0  12  1.34 0.56
  127 V    -3  -2  -4  -4  -4   2   0  -5   0   1   1  -3   0   2  -3  -2   2  -2   4   2    0   2   0   0   0  10   8   0   2   9  12   0   1   7   1   1  12   0  17  17  0.38 0.28
  128 Y    -3   3  -1  -1  -5   0   0  -4   2  -4   0   1  -2   2   1  -2  -1   2   4  -4    1  21   2   3   0   3   6   0   6   0   9  10   1   9   6   1   4   3  14   0  0.40 0.28
  129 L     3  -4  -2  -2   2  -2  -3  -3  -4   1   3  -3   0  -1  -4   1  -1  -4  -3  -1   32   0   1   2   5   2   1   1   0   9  29   1   2   2   0   9   3   0   0   2  0.45 0.31
  130 N    -1   2   2   0  -4   1   2  -3   0  -4  -4   2   0  -4   2   0   0  -1  -3  -2    4  12  11   5   0   5  16   1   2   0   1  16   2   1  11   6   4   1   0   3  0.36 0.24
  131 S    -2   5   4  -3  -5  -1  -1  -3   0  -3  -4   1  -3  -1  -4   0  -1  -5   0  -4    3  39  20   1   0   2   3   2   2   1   1   9   0   3   0   8   2   0   3   1  0.78 0.42
  132 I    -3  -4  -3  -6  -4  -5  -5  -6  -5   2   5  -5   3   2  -3  -5  -4  -1   0   0    1   1   1   0   0   0   0   0   0  11  62   0   6   8   1   0   0   1   3   5  1.06 0.47
  133 A    -1  -3   0  -2  -4  -1   1   0  -3  -3  -4  -1  -4  -2   0   4   3  -5  -3  -1    3   0   4   1   0   1   9   7   0   1   0   4   0   2   4  40  19   0   0   4  0.58 0.39
  134 K     0   0   0   2  -4   2   3   0  -2  -3  -4   3  -4  -5   0  -1  -3  -5  -4  -3    6   5   3  12   0   9  25   6   1   1   1  21   0   0   5   3   0   0   0   2  0.49 0.30
  135 G     0   1   0   0  -4   1   1   2   2  -2  -2   1  -2  -1  -1  -1  -1  -3   1  -1    8   9   3   3   0   5   9  19   7   3   4  12   1   2   2   1   3   0   5   4  0.16 0.14
  136 C     0  -2  -2  -3   3  -2  -2  -1  -1   0   3  -2  -1  -1  -1  -1   3  -2   1  -1    7   1   1   0   6   1   2   4   1   4  33   1   0   2   4   4  20   0   4   3  0.27 0.23
  137 V    -2  -3   1   0  -4  -2  -1   6  -2  -5  -3   0  -3  -5   1  -2  -2  -5  -5  -2    2   1   6   4   0   1   4  56   1   0   2   7   1   0   6   2   2   0   0   3  0.89 0.42
  138 A     4   0  -1  -4   3  -3  -3   2  -2  -2  -3  -2  -2  -3   1  -1   1  -5  -4   2   35   5   3   0   7   0   0  15   1   2   0   1   1   1   6   3   8   0   0  14  0.46 0.31
  139 N    -1   3   2   2  -5   2   2  -4  -1  -5  -3   3  -3  -5  -2  -1   0   0  -2  -3    3  15  12  10   0   9  16   0   1   0   2  19   0   0   2   4   4   1   2   1  0.47 0.29
  140 I    -4  -6  -6  -6  -4  -6  -6  -7  -6   6   2  -6  -1   1  -6  -5  -4   0  -4   3    1   0   0   0   0   0   0   0   0  50  21   0   1   5   0   0   0   2   0  21  1.26 0.52
  141 A    -1  -5  -4  -7  -6  -5  -6  -6   0  -4   0  -6  -3   4  -7  -4  -5   6   8  -3    5   0   1   0   0   0   0   0   2   0  10   0   0  17   0   1   0  12  49   2  1.74 0.67
  142 A     2  -5  -5  -6  -4  -5  -5  -4  -5   2   4  -5   0   2  -5  -4  -3  -4   1   2   18   0   0   0   0   0   0   1   0  10  44   0   1  10   0   0   0   0   4  12  0.74 0.39
  143 K    -5  -2  -5  -5  -8  -3  -4  -6  -5  -7  -7   8  -6  -8  -6  -5  -5  -8  -6  -7    0   0   0   0   0   0   0   0   0   0   0 100   0   0   0   0   0   0   0   0  2.79 1.00
  144 L    -1   6  -2  -2   3  -1  -3  -4   1  -2   1  -1   0  -2  -5  -3  -3  -4   2  -2    5  46   2   2   7   1   1   1   3   2  13   2   3   2   0   0   0   0   7   3  0.78 0.42
  145 E    -5  -4  -4   4   0  -2   7  -6  -4  -7  -7  -4  -6  -7  -5  -4  -5  -7  -6  -7    0   0   0  20   2   0  78   0   0   0   0   0   0   0   0   0   0   0   0   0  2.16 0.85
  146 I    -2  -4   0   6  -1  -3  -1   2   1  -3  -2  -3   0  -1  -4   1  -2  -2  -1  -5    2   0   4  44   1   0   2  14   3   2   3   1   3   3   0  13   1   0   2   0  0.74 0.40
  147 M     0  -1  -2  -4   3  -1  -4  -4   2  -1   4  -3   3   1  -5  -3  -3  -4   0   0    7   3   2   1   7   2   0   1   5   2  44   0   8   7   0   1   1   0   3   7  0.52 0.31
  148 E    -3  -3   6  -3  -4   4  -1  -4  -3  -4   1  -3  -2  -5  -5   0   2  -6  -5  -3    1   0  41   0   0  19   3   0   0   0  18   0   1   0   0   5  11   0   0   1  0.97 0.53
  149 P    -1  -1  -4  -4  -6  -4  -3  -2   7  -4  -5  -1  -5  -4   6   0  -3  -1  -2  -3    4   3   0   1   0   0   1   3  26   1   0   3   0   1  46   7   1   1   1   2  1.46 0.60
  150 C     0  -4  -3  -4   1  -4  -4   3  -4  -1  -3  -4   0  -5  -2   2   4  -5  -4   1    7   0   0   0   3   0   0  25   0   3   1   0   3   0   1  15  33   0   0  10  0.67 0.41
  151 C    -3   0  -3  -5  -1  -5  -5   7  -3  -6  -2  -5  -5   0  -6  -2  -5  -5  -4  -6    1   5   1   0   2   0   0  77   1   0   5   0   0   5   0   3   0   0   1   0  1.63 0.64
  152 S     3  -4  -3  -4  -4  -4  -4   0  -4  -5  -5  -4  -5  -5  -4   6  -1  -6  -5  -4   28   0   0   0   0   0   0   8   0   0   0   0   0   0   0  61   2   0   0   0  1.34 0.64
  153 V    -4  -4   1  -5  -5  -4  -4  -5   7   2  -3  -5   0   5  -3  -3  -4  -4   0   1    1   0   7   0   0   0   0   0  32  12   1   0   3  28   1   1   0   0   2  11  1.20 0.54
  154 K    -5  -2  -4  -5  -7  -3  -3  -6  -5  -7  -7   8  -6  -7  -5  -4  -5  -7  -6  -6    0   0   0   0   0   0   0   0   0   0   0  99   0   0   0   0   0   0   0   0  2.71 0.98
  155 D     0  -3  -2   3  -1  -3  -2  -3   0   4   1  -3  -1  -1  -2  -1   1  -4  -3   0    9   0   1  22   1   0   1   1   2  25  16   0   1   2   2   4   8   0   0   3  0.37 0.26
  156 R    -4   7   5  -4  -5  -2  -3  -5  -3  -5  -3  -2  -4  -5  -5  -3  -3  -5  -5  -5    1  65  24   0   0   1   0   1   0   0   2   0   0   0   0   1   1   0   0   0  1.77 0.68
  157 I    -1  -2   2  -2  -3   0  -2   4  -2   1  -2   2  -2  -2   1  -1   0  -4  -3  -1    2   2  11   0   0   4   1  32   1  10   4  13   1   1   6   2   6   0   0   3  0.37 0.24
  158 G     4  -4  -3  -4   0  -3  -3   3  -4  -1   1  -3   1  -3  -2  -1  -1  -4  -4   0   42   0   1   0   2   0   0  19   0   2  13   0   4   0   1   3   3   0   0   7  0.54 0.32
  159 Y    -2  -1  -1  -2  -1   0   1  -2   1   1   2  -2  -1   1  -3  -2  -1   0   3   0    3   2   3   1   1   3  13   3   3  10  24   1   1   5   0   2   4   1  14   6  0.19 0.17
  160 S     1  -2   3  -2  -3  -1   0   2   1  -3  -2  -1   0   1  -3   0  -2  -2   4  -1   13   1  17   0   0   2   5  14   3   0   2   2   2   5   1   7   0   0  19   5  0.34 0.25
  161 M     0  -2  -2  -3  -1   3   0  -3  -1   0   2  -1   5  -2  -3  -1  -1  -4  -3   0    9   0   2   0   1  19   7   1   1   6  17   3  19   1   0   3   3   0   0   7  0.39 0.28
  162 V     1  -5  -4  -6  -1  -5  -5  -5  -5   5   2  -4   3  -3  -5  -4  -2  -5  -4   3   13   0   0   0   1   0   0   0   0  37  14   1   6   0   0   0   1   0   0  24  0.86 0.42
  163 T     0  -1   1  -2  -3  -1   0   0  -1  -1   1   0   0  -1   1   0   0   1   1  -1   10   3   9   1   0   1   7   7   1   2  22   6   1   2   6   7   5   2   5   2  0.07 0.12
  164 D    -1  -1   1   3   0   2   1  -2   2  -2   1   1  -2  -1  -3   0  -1   1   0  -2    5   2   6  18   3  10   8   2   7   0  15   8   0   2   0   5   3   2   4   1  0.18 0.17
  165 A     6  -4  -3  -5  -2  -3  -4  -1  -3  -3   1  -4  -2  -3  -3  -1  -2  -5  -5  -1   71   0   1   0   1   1   0   3   0   0  13   0   0   1   1   2   1   0   0   3  1.16 0.58
  166 E    -1   1  -1   0  -2  -1   2  -3  -2   1   2   2   0  -2  -2   0  -1  -4  -2  -1    3   8   3   3   1   1  19   0   0  11  20  13   2   1   2   6   3   0   1   2  0.20 0.19
  167 Q     1   3  -2   1  -4   1   2  -1  -1  -2  -1   2  -2  -4  -1  -1  -1  -4  -1  -3   13  21   1   6   0   6  14   5   1   2   6  15   1   0   2   2   2   0   2   0  0.31 0.22
  168 K     0   2   0   0  -4   2   3  -2   1  -2  -1   1   4  -3  -3   0  -1  -4  -2  -2    8  11   3   5   0  10  19   2   4   1   6   8  14   0   0   5   2   0   1   1  0.30 0.23
  169 G     0  -1  -2  -2  -2   1  -1   6  -2  -4  -4  -1  -4  -4  -4  -2  -3  -4  -3  -4    8   3   2   2   1   6   5  60   1   1   2   4   0   0   1   1   1   0   1   1  1.00 0.41
  170 F     0   1  -1  -1   0  -1  -1  -3  -2  -1   2   3   1  -2  -3  -2  -1  -3   0  -1    7   8   2   4   2   2   3   1   1   2  25  27   3   1   1   1   3   0   4   3  0.25 0.20
  171 I     0  -1  -1  -1  -1  -1  -1  -2  -2   3   2  -1   2  -1  -1   0  -1   0  -1   1    6   3   2   4   1   2   3   3   1  20  25   3   6   2   2   7   3   1   1   6  0.14 0.08
  172 S     1   0   0   0  -1   0   0   0   0  -1  -1   2  -1  -2  -1   0   2  -2  -1   0   12   4   4   4   1   3   5   7   3   3   3  16   1   1   3   7  14   1   1   6  0.09 0.06
  173 P     0   0   0  -1  -2   0   1  -1  -1  -2  -1   2  -1  -2   3   0  -1  -2  -1  -1    9   4   4   3   1   3   8   5   1   2   6  17   1   2  17   7   3   1   2   3  0.21 0.09
  174 G    -1  -1  -1   1  -2  -1   0   4   0  -2  -2   0  -2  -2   0   0  -1  -2  -1  -1    4   3   2  10   1   2   5  36   2   3   4   7   1   2   4   4   4   1   2   4  0.32 0.13
  175 K     0  -1   0   2  -1   0   1  -1  -2  -2  -3   3  -2  -3   0  -1   2  -4  -3  -1    9   1   4  12   2   3   7   5   0   2   2  27   0   1   3   3  13   0   0   5  0.27 0.20
  176 S     0   3   0   2  -1   0   1  -2  -1  -2  -1   1  -2  -2  -1   0   2  -3  -1  -1    7  18   2  11   1   2   8   1   1   2   7   6   0   2   2   7  16   0   2   3  0.19 0.16
  177 V     0   0  -3  -4   0  -2  -3   1   1   3   0  -1  -1  -3  -3  -1   1  -4  -1   3    6   6   0   0   2   1   0  14   4  21   6   3   0   0   0   2  10   0   2  21  0.26 0.21
  178 L    -2  -4  -5  -5  -3  -4  -5  -5  -3   5   2  -4  -2  -1  -3   0   0  -2  -3   4    2   0   0   0   0   0   0   0   0  31  15   1   0   3   1   7   5   1   0  34  0.76 0.38
  179 V     3  -4  -4  -4  -3  -3  -4  -2  -4   5  -1  -4  -1  -1  -4  -2   1  -4   0   2   24   0   0   0   0   1   0   2   0  35   3   0   1   3   0   1   8   0   3  16  0.61 0.34
  180 E     1  -3  -3  -1   4  -1   5   0  -3  -4  -4  -3  -4  -5  -3  -2   1  -5  -4   0   13   0   0   3   9   2  43   7   0   0   1   0   0   0   1   2  11   0   0   7  0.72 0.42
  181 P     3  -4  -3  -3   1  -3   0   2   0  -4  -4  -3  -3  -3   2   1   4  -5  -3  -2   24   0   0   0   3   0   6  15   3   0   1   0   0   1   9  10  26   0   1   1  0.52 0.33
  182 T    -2  -4  -3  -4  -4  -4  -2   4  -4  -1  -5  -4  -4  -5  -4   4   4  -5  -5  -1    0   0   0   0   0   0   3  30   0   4   0   0   0   0   0  31  27   0   0   5  0.91 0.48
  183 S     5  -4  -3  -2  -4   1  -3  -1   0  -4  -5  -3  -4  -5  -4   3   2  -5  -4  -3   50   0   0   1   0   7   0   4   2   0   0   0   0   0   0  21  14   0   0   1  0.91 0.49
  184 G    -3  -6  -4  -5  -6  -5  -5   7  -5  -7  -7  -5  -6  -7  -5   2  -2  -6  -6  -6    0   0   0   0   0   0   0  83   0   0   0   0   0   0   0  13   3   0   0   0  2.04 0.73
  185 N    -5  -4   7  -2  -7   6  -3  -2  -3  -7  -7  -4  -2  -7  -6  -2  -4  -7  -6  -7    0   0  61   1   0  31   0   2   0   0   0   0   1   0   0   3   0   0   0   0  1.98 0.78
  186 T    -2  -4  -4  -5  -6   0  -4  -3   9  -5   0  -4  -1  -3  -6  -4   3   5  -1  -4    4   0   0   0   0   4   0   2  51   0  10   0   2   1   0   0  18   8   1   0  1.61 0.66
  187 G     2  -5  -4  -5  -5  -5  -5   6  -5  -6  -6  -5  -5  -6  -5  -1   1  -6  -6  -2   17   0   0   0   0   0   0  66   0   0   0   0   0   0   0   4   9   0   0   4  1.45 0.58
  188 I     0   2  -4  -4  -4   2  -3  -5  -4   3   1  -2   1   0  -4   0   0  -4  -3   3    6  12   0   0   0  13   0   0   0  16  10   0   4   4   0   6   4   0   0  25  0.41 0.30
  189 G     5  -4  -4  -5  -4   1  -4   3  -5  -5  -5  -4   0  -6  -4   2  -3  -6  -5  -2   52   0   0   0   0   7   0  21   0   0   0   0   2   0   0  15   0   0   0   3  1.05 0.56
  190 L     0  -5  -4  -5  -4  -4  -4  -5  -5   2   3  -4  -1  -3  -5  -1   4  -5  -4   3    7   0   0   0   0   0   1   0   0  10  27   0   1   1   0   4  26   0   0  24  0.69 0.40
  191 A     6  -5  -5  -5  -1  -5  -5   2  -5  -5  -5  -4  -5  -6  -2   1  -2  -6  -6  -4   74   0   0   0   1   0   0  12   0   0   0   0   0   0   2  10   2   0   0   0  1.50 0.70
  192 F     1  -4  -4  -5  -3  -4  -4  -5  -2   1   2  -4   3   2  -5  -2   3   0   3  -1   14   0   0   0   0   0   0   0   1   9  21   0   8  10   0   2  20   1  12   1  0.53 0.35
  193 I     4  -4  -4  -5  -2  -2  -4  -3  -4   1  -1  -4   3  -2  -2   0  -1  -5   0   3   38   0   0   0   0   1   0   1   0   7   3   0   9   1   2   7   2   0   4  25  0.63 0.40
  194 A     5  -5  -5  -5   7  -5  -5   1  -5  -5  -4  -5  -5  -2  -5   1  -2  -6  -5  -4   54   0   0   0  23   0   0  10   0   0   1   0   0   2   0   9   2   0   0   0  1.37 0.63
  195 A     6   2  -2  -4  -2   0  -3  -3  -3  -3  -4   2  -3  -6  -2  -1  -2  -6  -5  -4   62  10   2   0   1   4   1   1   0   1   1  11   0   0   2   3   1   0   0   0  1.01 0.55
  196 S     0   3  -2  -3  -1   0  -2  -2   2  -1   2   3   2  -2  -4   0  -1  -4  -2  -2   10  15   1   0   1   3   1   3   5   3  22  20   5   1   0   5   2   0   1   1  0.29 0.25
  197 R    -2   1  -5  -5  -4  -3  -3  -5  -2  -1   4   1   1   4  -5  -4  -4  -3   1  -1    4   7   0   0   0   0   1   0   1   3  42  10   3  21   0   1   0   0   4   2  0.69 0.39
  198 G    -3  -2   2  -1  -3  -3  -3   7  -1  -7  -7  -3  -6  -7  -6  -3  -5  -6  -6  -4    1   2   8   4   0   1   1  77   2   0   0   1   0   0   0   1   0   0   0   1  1.75 0.69
  199 Y    -4  -5  -6  -6  -1  -4  -5  -6  -4   2   4  -4   5   3  -6  -4  -4  -3   4   0    0   0   0   0   1   1   0   0   0  11  39   1  16  11   0   1   0   0  14   6  0.95 0.46
  200 R    -3   2   0   1  -6   1   2  -3   1  -5  -5   5  -4  -6   3  -1  -1  -6  -4  -4    1  11   4   8   0   4  13   2   4   0   1  34   0   0  13   3   3   0   0   0  0.70 0.39
  201 L     2  -6  -5  -6   9  -5  -6  -2  -1  -2  -1  -5   0  -2  -4  -1   0  -6  -3   2   20   0   0   0  44   0   0   3   1   1   4   0   2   2   0   4   5   0   1  13  1.37 0.58
  202 I    -2   1  -2  -2  -4  -2  -1  -5   1   3  -2   0  -2  -3  -2  -1   3  -5   0   4    1  10   1   2   0   1   3   0   4  16   1   5   0   0   1   3  18   0   3  28  0.41 0.31
  203 L    -1  -6  -6  -6  -2  -6  -6  -6  -6   5   2  -6  -1  -1  -6  -5  -4  -6  -4   5    5   0   0   0   1   0   0   0   0  37  15   0   0   2   0   0   0   0   0  39  1.20 0.53
  204 T    -4  -5  -5  -6   0  -5  -5  -6   3   0  -1  -5  -3   3  -6  -4   1  -3   6   4    0   0   0   0   2   0   0   0   8   4   6   0   0  14   0   0   8   0  29  28  1.03 0.51
  205 M    -5  -6  -6  -7  -3   0  -6  -7  -3   0   1  -6  10  -4  -7  -6  -5  -6  -5   2    0   0   0   0   1   5   0   0   1   3  12   0  67   0   0   0   0   0   0  12  2.25 0.88
  206 P    -1  -2  -3  -1  -5  -3   0   2  -4  -3  -5  -3  -4  -5   6   1  -2  -5  -3   0    3   2   0   3   0   0   6  19   0   1   0   0   0   0  41  10   2   0   1   9  0.94 0.44
  207 A     2   1   1   1  -2   0   2   0   0  -2  -3   1  -3  -4  -1   1   0  -4  -3  -1   19   6   5   8   1   4  16   7   2   2   1   7   0   0   1   8   6   0   0   6  0.21 0.18
  208 S    -1   0   1   3  -3  -1   0   0   0  -4  -3   3  -3  -4  -2   0   2   1   1  -2    5   3   8  19   1   1   3   6   2   0   1  18   0   0   1   6  17   2   5   2  0.34 0.26
  209 M     2  -1  -2  -1  -3   1  -1  -3  -3   1  -1  -2   3  -1  -1   0   3  -3  -1   1   18   2   0   3   0   9   4   1   0   8   3   1   9   2   2   4  19   0   2  12  0.24 0.22
  210 S     0   1  -1   2  -4  -1   1  -1  -3  -4  -4   2  -4  -5   4   3  -1  -5  -2  -4    7   7   2  11   0   2   8   3   0   1   1  13   0   0  18  24   2   0   1   0  0.48 0.31
  211 M    -1   0   1   1  -2   1   0  -3   0   0   0   1   1  -2   2  -1  -1  -4  -2   1    5   6   8   7   0   8   7   0   2   6  12   8   4   0  11   2   2   0   1  11  0.12 0.13
  212 E    -1  -1  -2  -1   0   2   4   0  -3   1  -3  -2  -2  -2  -3  -2  -2   5   1  -2    4   2   1   2   3  10  34   9   0   8   2   1   1   1   1   2   2   8   5   3  0.48 0.33
  213 R    -4   5   3  -4  -6  -1  -3  -3  -4  -6  -6   5   0  -6  -2  -3  -2  -6  -5  -5    1  32  16   0   0   2   1   1   0   0   0  41   2   0   2   0   2   0   0   1  1.27 0.59
  214 R    -2   3  -2  -4  -4   3  -3  -5  -2   2   0   2  -1  -4  -3  -2  -3   0  -1   2    1  20   1   0   0  13   0   0   0  13  11  15   1   0   1   2   0   1   2  18  0.46 0.32
  215 V     1   0   1   2  -3   2   1  -2  -1  -1   0   1   0  -1  -3   0  -1  -3   0  -1   11   5   9  13   0  12   6   1   0   3   9   8   3   2   0   6   2   0   4   5  0.14 0.15
  216 L     0   2  -1  -4  -2   1  -2  -2  -3   1   2   1   3  -2  -4  -2  -2  -4  -3   0   10  14   3   0   0   8   1   3   0   9  25   8   8   1   0   2   1   0   0   6  0.27 0.23
  217 L    -2  -5  -5  -2   0  -4  -5  -6  -5   2   3  -5   7  -2  -3  -1  -1  -5  -4   1    3   0   0   2   2   0   0   0   0  12  26   0  36   1   2   5   3   0   0   8  1.03 0.51
  218 K    -3   6  -1  -1  -1   1   2  -4  -1  -2  -3   4  -2  -5  -5  -2  -2  -6  -3  -3    0  41   2   2   1   5  12   0   1   3   3  22   1   0   0   1   3   0   1   2  0.87 0.45
  219 A     2  -1  -1  -2  -1  -2  -2  -2  -2   1   3  -1   2   0  -4   0  -1  -4  -2  -1   22   3   3   2   1   1   1   3   1   7  31   2   7   3   0   7   2   0   1   3  0.25 0.22
  220 F    -3  -3  -2  -5  -5  -3  -3  -6   3  -3   3  -2   4   3  -6  -4  -3   1   5  -2    1   1   3   0   0   0   2   0   8   0  35   2  10  12   0   0   1   2  22   1  0.86 0.45
  221 G    -4  -4   0  -2  -7  -6  -4   7  -6  -8  -8  -4  -4  -7  -6  -3  -6  -7  -7  -7    0   1   4   2   0   0   1  89   0   0   0   1   1   0   0   1   0   0   0   0  2.25 0.83
  222 A     6  -5  -5  -5  -4  -4  -3   1  -5  -3  -5  -4  -2  -6  -5  -2  -2  -6  -5   1   73   0   0   0   0   0   1  10   0   1   0   0   1   0   0   2   2   0   0   9  1.38 0.65
  223 E    -3  -1   1   2  -5   1   5  -2   0  -4  -4   3  -4  -3  -4  -1   1  -5  -4  -4    1   2   6  10   0   5  37   2   2   1   1  16   0   1   0   4  11   0   0   0  0.68 0.40
  224 L    -3  -6  -6  -6  -1  -4  -6  -6  -3   2   0  -5  -3  -2  -6  -3  -2  -6  -4   7    1   0   0   0   1   1   0   0   1  11   9   0   0   2   0   1   2   0   0  72  1.47 0.63
  225 V    -3   1  -3  -2  -4  -1   0  -5   1   4  -1  -1  -1  -2  -4  -3  -1  -2   0   4    1   8   1   2   0   2   6   0   3  30   3   3   1   1   0   1   3   0   3  32  0.57 0.35
  226 L    -1  -1  -2  -3  -2  -1   1  -3  -2   1   2  -1   1  -2   3  -1  -1  -1  -1   2    3   3   1   0   0   2  10   2   1   6  26   3   3   1  14   5   2   1   2  15  0.23 0.19
  227 T    -1  -2  -2  -3   1  -3  -3  -3   2   1  -2  -3  -2  -2  -3   1   3   1   2   4    4   2   1   1   3   0   1   1   6   6   1   0   1   1   0  12  24   2   7  29  0.47 0.32
  228 D    -1  -2  -1   4  -4  -1   2   2  -2  -4  -4   0  -4  -5   4   0  -1  -5  -4  -3    5   1   3  22   0   3  13  14   1   0   1   5   0   0  19   8   4   0   0   2  0.51 0.28
  229 P     0  -1   0   2  -3   0  -1   3  -1  -3  -3  -1  -3  -1   2   1   0  -4  -2  -1    6   3   3  11   0   3   2  27   2   1   2   2   0   3  12  12   5   0   1   5  0.31 0.20
  230 A     1  -1   2   2  -3  -1   0   0   1  -2  -2  -2  -3  -2   0   2   2  -4  -2  -2   10   3  11  11   0   1   4   8   5   2   2   1   0   2   5  20  12   0   1   1  0.25 0.20
  231 K     0   1   0   1  -2   1   2  -1   2  -1  -1   1  -1  -2   0   0  -1   1   0  -1    6   9   3   6   1   4  16   4   6   4   5  12   1   1   4   7   3   2   4   3  0.12 0.10
  232 G     0  -3  -1   1  -2  -1  -2   4  -3  -3  -1  -2  -2  -2  -1  -1   3  -4  -1  -2    7   1   2   7   0   2   2  32   0   1   6   1   1   1   3   3  24   0   2   2  0.42 0.27
  233 M    -2  -3  -2  -3  -4  -1   0  -4  -1   1   3  -2   4   3  -1   0  -1  -1   2   0    3   0   2   1   0   3   6   1   1   5  28   3  12  11   3   8   2   1   6   5  0.31 0.25
  234 T    -1   1   1   2  -2   0   0  -1  -3  -3  -2   4  -3   0  -3   0   0  -4  -1  -2    6   7   6  14   1   2   4   5   0   1   4  29   0   4   1   7   5   0   2   2  0.33 0.25
  235 G    -1  -3   0   4  -4  -1   1   2   1  -1  -3  -1  -2  -1  -1  -1   0  -4  -1  -2    4   1   3  29   0   2   8  19   4   4   3   3   1   3   2   4   5   0   2   3  0.40 0.26
  236 A     5   0  -3  -1   1  -2  -2  -1  -2  -4  -2  -4  -3  -2  -4   0  -1   0  -2  -2   59   5   1   4   2   1   3   5   1   0   4   0   0   1   0   5   4   1   1   2  0.79 0.48
  237 V    -1   0  -1  -4   0  -2  -1  -4  -3   3   1   0   2  -1  -4  -2   0   1  -1   3    3   5   3   0   2   1   4   1   0  22  11   6   6   2   0   1   5   2   2  24  0.34 0.25
  238 Q     1   0   3   2  -3   1   3  -2   1  -4  -2   0  -4  -5  -2   1  -1  -5  -3  -3   12   6  18   9   0   5  20   1   3   1   4   6   0   0   1  10   2   0   0   1  0.38 0.29
  239 K     0   1  -2  -1  -3   1   4  -4   0  -2   0   3  -2  -3  -4  -2  -2  -5  -2  -1   10   8   2   2   0   6  27   0   2   2  12  20   1   1   0   1   1   0   1   4  0.42 0.32
  240 A     6  -5  -4  -5   2  -4  -5   0  -2  -1  -2  -4  -1  -5  -5   0  -2  -6  -3   1   61   0   1   0   4   0   0   8   1   3   3   0   1   0   0   6   2   0   1   8  1.02 0.56
  241 E    -2   5   1  -1  -5   0   3  -3  -1   0  -1   1   1  -2  -4  -2  -1   3   0  -2    3  30   6   2   0   2  18   1   1   5   6   8   3   1   0   1   4   4   3   2  0.45 0.32
  242 E     0   3  -1   4  -6   2   4  -4  -1  -5  -4   2  -2  -6  -4  -2  -2  -6  -4  -4    6  15   1  20   0   7  32   0   1   0   1  10   1   0   0   2   2   0   0   1  0.78 0.44
  243 I    -1  -1  -3   1  -4   0   0  -4   0   2   1  -2   1  -1  -4  -2  -1   7   1   0    6   4   1   9   0   5   7   0   2  11  17   2   3   2   0   1   3  15   5   6  0.36 0.25
  244 L     3  -2  -2  -2   0  -2   0  -2  -2   0   1  -1   0  -1  -3   0  -1   4  -2   2   25   2   1   1   2   1   7   3   1   3  13   3   3   2   0   5   2   5   1  18  0.22 0.21
  245 K     2   1  -1   0   0   1   1  -2  -2  -1  -1   1   0  -3  -1   1   1  -4  -1  -1   22   7   1   4   2   6  12   2   0   3   7   7   2   0   2   8  10   0   2   4  0.15 0.17
  246 N     0   0   3   1  -3   2   3  -1  -1  -4  -4   2  -3  -5  -3   1   1  -5  -2  -3    7   5  16   8   1   8  18   4   1   0   1  12   0   0   1   9   7   0   2   1  0.38 0.28
  247 T    -1  -1   1   2  -3  -1   1   0   2   1  -1  -2  -1  -1  -3  -1   1   1   1   1    3   2   9  12   0   2  10   7   7   8   5   1   1   2   0   4   9   2   6  10  0.12 0.15
  248 P    -2   0  -1   1  -3  -1   2   0   2  -3  -4   0  -4   0   5  -1  -1  -4  -2  -1    2   4   2   8   1   3  13   8   5   1   1   6   0   4  29   4   3   0   1   5  0.49 0.30
  249 D    -2   1   3   2  -2  -2   0   3   0  -3  -4   0  -1  -2  -4   0   0  -5  -1  -4    2   7  17  14   1   1   5  25   2   1   0   7   2   1   0   7   5   0   2   1  0.43 0.29
  250 A     2   0  -2  -2   3  -2  -2   0  -2  -2  -2   0  -1  -1   1   1   3   1  -1  -1   17   5   1   2   7   1   1   6   1   2   4   4   2   2   7  13  19   2   2   2  0.23 0.22
  251 Y    -2  -3  -3  -5  -3  -3  -3  -5   5   1  -1  -2  -1   3  -3  -2   1   2   6   0    3   1   1   0   1   1   1   0  14   7   6   3   1  13   1   3   8   2  28   7  0.72 0.39
  252 M    -3  -3  -2  -4  -2  -3  -3  -1  -1   1   0  -3   4   4  -5  -3  -2   2   5   1    1   1   2   1   1   0   1   5   1   9   8   1  11  20   0   2   2   2  23   9  0.58 0.34
  253 L    -2  -4  -4  -4  -2  -4  -4  -3  -4   3   1  -4  -1  -3   5  -2  -2  -5  -1   3    3   0   1   0   1   0   0   3   0  19  13   0   1   1  29   2   2   0   2  24  0.75 0.39
  254 Q    -2  -1   1   3  -5   1  -1  -1   7  -4  -2   0  -2  -4   2  -1  -2  -5  -1  -3    3   2   7  18   0   5   2   4  30   1   4   5   1   0  12   3   1   0   1   1  0.75 0.41
  255 Q    -3  -4  -2   2  -5   4  -1  -5  -4  -3  -4  -3  -4  -6   7  -1  -4  -6  -5  -1    1   0   1  13   0  18   3   0   0   1   1   0   0   0  50   5   0   0   0   5  1.37 0.60
  256 F    -3  -4  -2  -4  -4  -4  -1   0  -2  -2  -2  -4  -3   7  -4  -2  -3  -2   6  -2    1   1   2   1   0   1   4   8   0   2   2   1   0  42   1   4   1   0  27   3  1.17 0.48
  257 D    -1  -1   0   3  -3   1   2   2  -2  -2  -2  -1  -2  -3   2  -1  -2  -3  -2  -1    5   3   4  17   0   5  17  17   1   2   4   2   1   1  10   3   1   0   2   4  0.28 0.16
  258 N    -1   0   5   1  -3  -1   0  -1   2   0  -3  -1  -2  -3  -2   2  -1  -3  -1  -2    4   5  33   7   1   2   5   4   6   6   2   2   1   1   1  15   2   0   2   2  0.42 0.23
  259 P    -1  -1   0  -2  -5  -4  -2  -2  -4  -3  -3  -3   0  -5   7   1  -1  -5  -5   0    5   4   4   2   0   0   2   3   0   1   2   1   3   0  52  11   4   0   0   7  1.15 0.52
  260 A     2  -1  -2   0  -3  -1   0  -2  -1   0   0  -1   2  -1  -1   0   1  -2   1   0   25   3   1   6   0   2   5   2   1   6   8   2   8   1   2   5   9   0   6   6  0.13 0.16
  261 N    -3   0   4   0  -3  -2  -3  -1   1   2   0  -1   4  -2  -4   0  -1  -1  -3   1    0   5  23   4   0   1   0   6   4  11  10   2  11   1   0   5   3   1   0  12  0.30 0.25
  262 P    -1  -1  -4  -4   1  -3  -3  -1  -4   2   1  -2  -1   1   2  -2   0   4  -2   3    5   3   0   0   3   0   1   5   0  10  10   2   1   6  10   2   5   6   1  30  0.35 0.26
  263 K     0   3  -2  -1  -3   0   2  -3  -2   0   1   1   0   2  -3   0  -1  -3  -2  -1    8  18   1   2   0   4  16   1   0   6  13   8   2   9   0   6   2   0   1   3  0.19 0.18
  264 I     2  -2  -2   2  -3  -1   1   0  -2   0   1  -2   1   0  -3   0  -1  -3  -2   0   20   1   1  13   0   1   9   8   1   7  19   1   3   5   0   4   2   0   0   5  0.14 0.17
  265 H    -4  -2  -4  -5  -6  -4  -5   4   8  -3  -3  -5  -2   4  -6  -4  -5  -4   2  -5    0   2   0   0   0   0   0  35  33   1   2   0   1  19   0   0   0   0   6   0  1.45 0.63
  266 Y    -2   0  -4  -4  -5   6  -1  -5   1  -3  -4  -2  -2   2  -5  -3  -3  -3   6  -2    3   5   0   0   0  41   2   0   2   1   1   1   1   7   0   1   1   0  28   3  1.17 0.59
  267 E     1   1  -1  -1  -1   0   1   2  -1  -3  -3   1  -2  -3  -3   2   1  -4  -2   0   15   9   2   2   1   2  10  14   1   0   1  10   1   1   0  16   7   0   1   8  0.21 0.19
  268 T     0  -2  -1  -2  -3  -1  -1   0  -3   1  -2  -2   1  -3  -3   1   3  -4  -3   3    9   1   2   1   0   2   5   7   0   6   0   2   4   0   0   9  24   0   0  26  0.34 0.27
  269 T     2  -2  -4  -4   1  -3   0  -4  -4   5   1  -3   0  -1  -4  -1   1  -4  -3   0   17   2   0   0   2   0   6   0   0  37  10   0   2   2   0   4  11   0   0   4  0.45 0.30
  270 G     3  -2  -2  -4  -4  -4  -4   5  -4  -2  -2  -2  -4  -5  -4   0  -3  -5  -5  -1   30   3   1   0   0   0   0  47   0   2   4   2   0   0   0   5   0   0   0   5  0.90 0.44
  271 P     0   1  -1   0  -3   0   2  -2   0  -1   0   1   1   0   1  -1  -1  -3  -1  -1    9   8   2   6   0   4  15   2   2   2  12  12   4   4   7   3   3   0   1   5  0.10 0.10
  272 E    -2   1  -4  -2  -7   3   7  -6   0  -7  -6  -3  -5  -7  -5  -4  -4  -6  -5  -6    4   7   0   0   0  10  78   0   2   0   0   0   0   0   0   0   0   0   0   0  1.85 0.78
  273 I     0  -4  -4  -4   1   0  -3  -5  -4   4   2  -4   3  -1  -4  -2   1  -4  -3   1    9   0   0   0   3   6   2   0   0  34  20   0   7   1   0   2   9   0   0   8  0.53 0.32
  274 W     0   2  -2  -4  -1   0  -2  -4  -3   0   2   3   1  -1  -4  -2  -2   4   0   0    8  11   1   0   1   3   1   0   0   3  27  23   3   2   0   1   1   7   2   6  0.38 0.28
  275 D     1   2   0   1  -4   3   4  -3  -1  -3  -2   2  -2  -5  -3  -1  -1  -2  -4  -2   16  11   3   6   0  14  27   1   1   1   4  10   1   0   0   2   2   1   0   2  0.46 0.31
  276 D    -1  -1  -3   2  -6   8   1  -3  -3  -6  -6   0  -4  -6  -5  -3  -2  -6  -5  -4    4   3   0  11   0  66   7   2   0   0   0   3   0   0   0   1   2   0   0   1  1.55 0.70
  277 T     0  -3  -2  -3   2   0   0  -4  -2   1   2  -1   2   2  -3  -1   1  -3   1   0    8   0   1   0   5   4   7   0   1  10  25   3   6   8   0   4  10   0   5   4  0.20 0.18
  278 K     0  -1   0   1  -4   0   3   3  -2  -4  -3   1  -2  -3   0  -1  -2  -1  -3  -4    8   3   4   9   0   4  22  26   1   1   2   9   1   1   5   2   2   1   1   0  0.40 0.25
  279 G    -1   2   0   1  -2   1   2   3   0  -4  -4   1  -3  -2  -3  -1  -1   0  -4  -3    5  15   3   7   1   7  17  26   2   1   0   6   0   2   0   2   3   1   0   2  0.40 0.26
  280 K     0   2   1   0  -3   1   0  -1  -1  -1   0   2   0  -3   1  -1  -1  -4  -2  -1    8  12   7   3   0   5   6   4   1   3  12  20   2   0   8   2   3   0   0   2  0.17 0.13
  281 V    -1  -4  -3  -4  -4  -4  -3  -3   0   2   2  -4  -1   1   4  -3  -2  -4  -1   3    3   0   1   0   0   0   2   2   3  10  22   0   1   7  25   0   1   0   1  23  0.58 0.30
  282 D    -2  -4   0   7  -6  -3  -1  -2   1  -3  -3  -2  -5  -6  -2  -3  -1  -7  -6  -4    4   0   3  74   0   0   2   2   3   1   3   1   0   0   2   1   3   0   0   1  1.55 0.58
  283 I     3  -1  -2  -4  -2  -3  -3  -2   1   1  -1  -2   0  -1  -3   0  -1   1   3   2   31   2   1   0   0   0   0   2   4   8   4   1   3   2   0   5   3   2  11  20  0.31 0.24
  284 F    -2  -5  -5  -6  -4  -5  -5  -4  -2   4   2  -5   0   4  -5  -4  -3  -3   0   4    1   0   0   0   0   0   0   1   1  23  19   0   1  18   0   0   0   0   3  32  0.80 0.35
  285 V    -1  -5  -5  -6  -1  -4  -5  -5  -5   4   1  -5   0   1  -5  -3  -1  -4   0   5    3   0   0   0   1   1   0   0   0  21   9   0   1   7   0   1   2   0   3  52  0.91 0.40
  286 A     4  -4  -4  -3   3  -3  -3  -1   1  -1   1  -3  -1   0  -1  -1  -2  -4  -3   2   39   0   0   1   6   0   0   3   4   2  14   0   1   4   3   3   1   0   0  20  0.44 0.29
  287 G     1  -5  -4  -5   8  -2  -5   1  -5  -5  -5  -4  -4  -6   4   1  -2  -6  -5  -2   11   0   0   0  38   1   0  11   0   0   0   0   0   0  24  10   1   0   0   2  1.37 0.52
  288 I     0  -4  -3  -5   4  -4  -4   0  -1   2  -1  -4  -1  -2  -4   0  -1  -5  -3   5    6   0   1   0  10   0   0   7   2  12   3   0   1   1   0   6   3   0   0  47  0.65 0.35
  289 G    -2  -6  -4  -5  -6  -5  -5   7  -5  -5  -6  -5   0  -6  -5  -2  -5  -6  -6   0    2   0   0   0   0   0   0  85   0   0   0   0   3   0   0   2   0   0   0   7  1.91 0.65
  290 T    -2  -4   0  -4  -4  -4  -3   5  -4  -3  -4  -4   0  -5  -4   1   3  -5  -5   1    0   0   5   0   0   0   1  54   0   1   0   0   3   0   0   8  18   0   0  11  0.98 0.44
  291 G     0  -5  -4  -5  -5  -5  -5   7  -5  -2  -4  -5  -5  -6  -5  -1  -2  -6  -6  -5    8   0   0   0   0   0   0  82   0   3   1   0   0   0   0   3   2   0   0   0  1.77 0.61
  292 G    -1  -4  -2  -4  -5  -4  -4   6  -4  -6  -4  -4  -5  -6  -4   4  -3  -5  -5  -5    2   0   1   0   0   0   0  56   0   0   2   0   0   0   0  38   0   0   0   0  1.41 0.56
  293 T    -1  -3   5  -2  -2  -3  -3   0  -1  -1   1  -3   0  -4  -2  -1   3  -5  -4  -3    5   0  38   0   1   0   0   7   2   3  16   0   2   0   1   3  23   0   0   0  0.66 0.37
  294 I     3  -3  -3  -4  -2  -1  -3  -1   1   3   0  -3   0   0   2  -1  -2  -4  -1   0   29   0   0   0   1   4   0   3   5  19  10   0   2   5  12   2   1   0   2   5  0.32 0.23
  295 T     3  -4  -1  -4  -1  -1  -4   2  -3   2  -2  -3   4  -4  -4   1   2  -5  -2  -2   25   0   3   0   1   2   0  15   0  16   1   0  11   0   0   9  13   0   2   0  0.44 0.33
  296 G     0  -6  -4  -5  -6  -6  -6   7  -6  -3  -7  -5  -6  -7  -4  -3  -5  -6  -7  -4    8   0   0   0   0   0   0  87   0   2   0   0   0   0   1   1   0   0   0   1  2.14 0.78
  297 V    -2  -4  -5  -5  -3  -4  -5  -3  -4   4   2  -4   4   0  -5  -2   0  -4  -1   3    3   0   0   0   0   0   0   2   0  25  21   0  12   4   0   2   7   0   2  21  0.64 0.34
  298 G     3  -3  -2  -2   0  -3  -3   1  -2  -1  -1  -2  -2   2  -3   1   0   1   0   0   32   1   1   3   2   0   0  13   1   3   5   2   0  12   0   9   5   2   2   6  0.28 0.22
  299 R    -1   2  -2  -1  -3   0   0  -2   3  -1  -1   1  -1   3  -3  -1   0  -3   1   0    6  14   0   4   0   4   6   3  10   2   4   7   1  16   0   4   5   0   5   9  0.18 0.16
  300 F     0  -2  -4  -4  -5  -4  -2   3  -2  -2  -2  -2  -2   5  -1  -3  -3  -2   5  -3    8   2   0   0   0   0   2  26   0   2   3   2   0  22   3   0   1   0  25   1  0.78 0.41
  301 I    -2  -4  -5  -4  -4  -4  -4  -5  -2   3   4  -4   1   4   0  -3  -3  -3   0   0    2   0   0   1   0   0   1   1   1  14  44   0   2  19   4   1   1   0   3   5  0.73 0.36
  302 K     0   2  -2   0  -4   1   0  -2   0  -2  -2   5  -2   0   0  -1  -2  -3  -2  -2   10   8   1   6   0   4   6   2   2   2   3  38   1   5   4   2   1   0   1   3  0.38 0.25
  303 E     1   0  -2   1  -3   1   3  -2   0   0   0   0  -1  -1  -1   0  -2  -3  -2  -1   11   5   1   9   0   5  28   2   2   6   9   4   1   3   2   5   1   0   1   4  0.21 0.17
  304 K     0   0   0   1  -2   0   0   0  -1   0   0   0   0   0  -1  -1  -1  -2   1   0    5   4   5  11   0   5   6   9   1   6  13   6   1   5   1   2   2   0   6  10  0.03 0.06
  305 N    -1  -1   2   3  -2  -1  -1   2   1  -1  -2   0   0   0  -3  -1  -2   4   0  -2    5   3  12  19   1   1   3  15   3   4   4   7   3   4   0   4   1   6   3   2  0.23 0.17
  306 P     0   1  -1   1  -4   0   1  -1   0  -4  -4   2  -3  -4   5  -1  -2  -4  -3  -2    7   8   3   7   0   3   9   5   2   0   1  11   0   0  34   3   2   0   1   3  0.65 0.31
  307 K     0   0   3   3  -4   1   1   0   3  -3  -4   0  -3  -4  -1   2  -1  -5  -3  -4    5   4  15  16   0   6  10   6   8   1   1   5   0   0   3  17   2   0   0   0  0.40 0.25
  308 T    -1  -2  -4  -2   1  -3  -4  -4  -5   3  -1  -3   1  -3  -1  -2   1  -2  -2   5    4   2   0   2   3   0   0   1   0  14   3   1   3   0   3   2   9   1   1  50  0.67 0.38
  309 Q    -1   4  -1  -2  -4   1   1  -3   3  -3  -4   3  -3  -4   1  -2  -1  -5  -1  -4    4  28   2   2   0   6  10   1   9   2   1  21   0   0   7   1   3   0   2   1  0.59 0.34
  310 V    -2  -5  -4  -5   3  -4  -5  -3  -5   4   3  -4   3   0  -3  -3  -2  -4  -2   3    3   0   0   0   7   0   0   2   0  25  26   0   7   3   1   2   1   0   1  21  0.65 0.33
  311 I    -3  -5  -6  -6  -2  -5  -5  -5  -2   6   0  -5  -1   3  -5  -5  -3  -1   3   4    1   0   0   0   1   0   0   1   1  44   5   0   1  10   0   0   1   1   9  24  1.04 0.46
  312 G     2  -5  -4  -4  -1  -3  -3   6  -5  -3  -2  -4  -4   2  -3  -3  -2  -5  -4  -2   18   0   0   0   1   1   2  56   0   1   4   0   0  10   1   0   3   0   0   3  1.05 0.49
  313 V     2  -5  -5  -5   1  -5  -4  -4  -5   2  -1  -5   1  -2  -5  -3  -1  -5  -4   6   18   0   0   0   3   0   1   1   0  10   2   0   3   2   0   1   2   0   0  57  1.01 0.49
  314 E    -4  -4  -3   3  -6   2   7  -2  -4  -6  -6  -2  -5  -6  -4  -2  -3  -6  -5  -6    0   0   1  12   0   7  71   3   0   0   0   1   0   0   0   2   1   0   0   0  1.63 0.68
  315 P     4  -5  -4  -4  -4  -4  -4  -1  -5  -5  -4  -3  -2  -5   6  -1   1  -6  -5  -2   32   0   0   0   0   0   0   4   0   0   1   1   1   0  46   3   8   0   0   2  1.32 0.58
  316 T     3  -1  -2  -2  -3   0   1   0   0  -2  -2   0  -1  -1  -1   1   2  -4  -1   0   28   3   1   2   0   3   9   7   2   1   3   5   2   3   2  10  12   0   2   7  0.20 0.19
  317 E     1  -2   1  -1  -5  -1   0   5   4  -5  -4  -2  -4  -3  -4  -2  -2  -5  -2  -3   13   2   5   3   0   2   8  47  10   0   1   1   0   1   0   2   1   0   1   2  0.77 0.40
  318 S     3  -2  -2  -1   2  -2  -1   0  -1  -2  -3   1  -4  -5  -1   4   0  -5  -4  -2   28   1   0   2   4   0   3   5   1   2   1   8   0   0   2  36   4   0   0   2  0.56 0.38
  319 D     3  -2   0   1  -3  -2  -1   2   1  -2  -4  -2  -4  -4   4   0  -2  -5  -1  -3   24   2   4   8   0   1   4  14   3   2   1   2   0   0  24   6   2   0   2   1  0.51 0.30
  320 I     0  -2  -2  -2   2  -2  -1  -3  -3   2   0  -1   2  -1   0   2   1  -4  -1   2    7   1   1   2   4   0   4   1   0  13   6   3   7   2   4  19   8   0   1  16  0.19 0.19
  321 L    -1  -2  -4  -2  -1   0  -1  -3  -1   2   3  -2   3   2  -4  -2  -2  -3   0   0    4   2   0   3   1   4   5   1   2  11  36   3   7   8   0   2   1   0   4   5  0.31 0.22
  322 S     1  -2   2  -1  -2  -1  -2  -3   0  -1  -1  -1  -2   0  -1   2   3   1   1  -1   11   1  10   3   1   1   2   1   2   3   7   3   1   3   2  14  24   2   5   4  0.23 0.22
  323 G     0   0  -1  -2  -5   1  -1   5   0  -3  -2   2  -2  -3  -4  -1  -1  -5  -4  -3    6   6   3   2   0   7   2  41   3   1   4  15   1   1   0   3   4   0   0   1  0.56 0.33
  324 G     0  -1  -2  -2  -4   0  -1   5   0  -1  -2  -1   0  -3  -3   1  -2  -5  -4  -1    6   3   1   2   0   5   5  43   2   3   4   4   3   1   0  12   2   0   0   4  0.53 0.31
  325 K     0   2  -1  -1  -2   1   1  -2   1  -1   0   3   0  -3   1   0  -1  -4   0  -2    9  11   1   2   1   7  10   1   3   3   9  22   2   0   6   5   3   0   3   2  0.21 0.18
  326 P     0   0  -2  -2  -4  -1   0  -3   1   0  -3   0  -1  -2   5  -1   1   1   0   1    7   4   2   2   0   2   6   1   4   4   1   5   1   2  29   4   9   2   3  11  0.42 0.27
  327 G     0  -2   0  -1  -4   0  -2   4   0  -1  -1   0  -2  -2  -3  -1   1  -1  -3  -1    8   2   5   3   0   4   1  38   3   4   6   6   1   2   1   2  11   1   0   4  0.39 0.26
  328 P     1  -1  -2  -1  -3  -2  -1  -1  -2  -1   0   0   0  -3   4   1   1  -4  -2   0   12   3   1   3   0   1   3   4   0   2  10   6   3   1  22   9  11   0   1   8  0.29 0.21
  329 H    -1   0  -2  -1  -5  -1   0  -4   8  -3  -3   1  -2  -2   0  -2   0  -4   3  -3    5   5   1   3   0   2   5   1  37   1   3   9   1   1   6   2   6   0  11   2  0.90 0.46
  330 K     0   0  -2   0  -2   1   1   1  -1  -2  -1   2  -1  -1   1   2   0  -4  -2  -2    6   3   1   3   1   5  10  10   1   3   7  16   1   2   6  18   5   0   1   1  0.16 0.17
  331 I     0  -2  -4  -4  -3  -2  -3  -3  -1   4   1  -2   2  -2   0  -2   0  -5  -3   3    7   1   0   1   0   2   1   1   2  30  14   3   5   1   4   2   5   0   0  19  0.46 0.29
  332 Q    -1  -1  -2  -1  -5   4   3  -2   1  -2  -3  -1  -2  -4   2  -2   2  -4   1  -2    5   2   1   3   0  19  17   2   4   2   1   4   1   0  12   2  16   0   6   3  0.43 0.33
  333 G    -2  -2  -2   1  -2  -2  -3   5  -3  -4  -2  -2  -4  -4  -3   1   2  -5  -5  -5    2   2   1   9   1   1   1  51   0   1   5   3   0   1   1  10  12   0   0   0  0.87 0.46
  334 I    -1  -3  -3  -5  -4  -5  -3  -5  -5   6   2  -3   0   0  -3  -3  -1  -5  -3   3    4   1   2   0   0   0   2   1   0  43  16   1   2   4   1   1   4   0   0  18  0.80 0.41
  335 G     2  -3  -2   0  -4  -3   0   5  -2  -4  -3  -3  -3   0  -2   0  -2  -5  -1  -3   17   1   1   6   0   0   7  42   1   1   3   1   1   4   1   8   2   0   3   1  0.63 0.37
  336 A     2  -1  -2   0  -3  -1  -2  -2   1  -1  -1  -1  -1   0   1   1   0  -3   1   1   22   2   1   6   0   2   1   2   5   2   5   4   1   5   6   8   7   0   6  14  0.14 0.17
  337 G     0  -4   0   1  -4  -1   0   5   0  -4  -5  -1  -4  -4  -1   1  -2  -5  -4  -4    5   0   4   9   0   3   7  45   2   1   1   3   0   1   2  13   2   0   0   1  0.72 0.38
  338 F    -1   1  -2  -3  -3  -1  -1  -3   2   0   1  -2   2   4  -2  -1  -2   0   2   0    5  10   1   1   0   2   4   2   5   6  16   2   7  20   2   5   2   1   6   5  0.25 0.20
  339 I     0  -1  -3  -3  -2  -1  -2  -2  -3   3   0   1   0  -1  -3  -2  -1   1   1   3    6   4   1   1   1   2   2   3   0  20   8  10   2   2   0   3   3   2   6  23  0.27 0.21
  340 P     1  -5  -3  -2  -5  -4  -2   1  -1  -3  -5  -2  -5  -5   6   0   2   3  -3  -3   13   0   1   2   0   0   2  11   1   2   1   2   0   0  40   8  11   4   1   2  0.92 0.52
  341 K     0   1  -1   1  -4   0   2   1  -2  -2  -2   1  -3  -2   2   0  -1  -4  -1  -2   10   7   2   9   0   3  14  13   1   1   4   7   0   2  12   8   3   0   2   2  0.22 0.18
  342 N    -1   0   1  -3  -3  -1  -2  -1   4   2   0  -1   0  -1  -1  -1   0  -4   0   2    5   5   9   1   0   1   2   5  12  12   9   3   1   2   3   4   6   0   3  18  0.17 0.18
  343 L     0  -3  -5  -4  -3  -3  -3  -5  -3   1   4  -4   5   0  -3   0  -1  -1   1   1    7   1   0   1   0   0   1   1   1   8  39   1  14   3   1   6   3   1   5   8  0.57 0.36
  344 D     0  -2   1   4   3   1   1  -3   1   0  -3   0   0  -1  -3  -1  -2   1   0  -1    6   2   8  26   6   7   9   1   3   5   2   5   2   2   0   4   1   2   3   5  0.31 0.25
  345 Q     0   3  -1   0  -4   1   0  -2   1  -1   0   1  -1  -1   0  -1   0  -2   2  -1    7  18   3   5   0   6   5   2   3   4  11   8   1   1   4   4   6   0   8   3  0.13 0.15
  346 K     1   1   0   2  -3   0   2   0   1  -3  -2   1  -3  -3   1   1   0  -4  -3  -2   10   7   3  13   0   4  12   6   4   1   4   9   0   1   6  11   7   0   1   1  0.20 0.17
  347 I    -1  -1  -1   0  -2  -1  -1   1  -1   1   2  -1   0   0  -3  -1  -1  -2   1   1    5   3   3   7   0   3   5  12   1   7  22   3   1   4   0   4   2   0   7  11  0.09 0.12
  348 M    -1   0  -3  -4   0  -4  -4  -3  -4   3   2  -3   1   1  -4  -2  -2   1   1   3    5   6   1   0   2   0   0   2   0  21  22   1   3   5   0   3   1   2   5  20  0.43 0.29
  349 D     0  -3   1   5  -4  -3   1   1   0  -4  -3  -1  -2  -4  -4   0  -2  -5   1  -2    8   1   6  40   0   0   8  11   3   1   2   3   1   0   0   6   2   0   5   4  0.67 0.41
  350 E    -2   3  -2   3  -6   1   4   2  -3  -6  -5  -1  -3  -6   0  -2  -1  -6  -4  -5    2  14   1  13   0   6  33  16   0   0   0   3   0   0   5   2   3   0   1   1  0.70 0.44
  351 V     1  -3  -3  -5  -2  -3  -3  -3  -3   2  -2  -3  -1   1  -2  -1  -2   1   5   3   13   1   1   0   1   1   2   1   0  13   3   1   1   4   2   5   2   2  25  21  0.59 0.39
  352 I    -2  -1  -4  -4  -3  -3  -2  -2   1   2   0  -3   0   2  -5  -3  -2  -3   5   4    3   3   0   1   0   1   3   3   3  13   9   1   2   7   0   1   1   0  19  28  0.56 0.35
  353 A     1   0  -1  -1  -2   0   0   1   0  -3  -1   0  -1  -3   0   2   3  -1  -1  -2   13   4   1   3   0   4   5   9   2   0   7   6   1   1   3  17  18   1   2   1  0.20 0.21
  354 I    -1  -6  -6  -6  -2  -5  -3  -5  -6   4  -1  -5   1  -2  -6  -4  -1  -5   1   6    6   0   0   0   1   0   1   1   0  22   5   0   3   2   0   1   3   0   5  51  1.13 0.56
  355 S    -1  -3   0   2  -5  -3  -1  -2   1  -5  -5  -2  -2  -6   3   2   5  -6  -5  -4    4   1   5  11   0   0   3   2   4   0   0   2   1   0  12  17  36   0   0   1  0.77 0.51
  356 S    -4  -3   2   7  -7   2   1  -4  -5  -7  -6  -4  -3  -7  -4   0  -1  -8  -7  -7    1   1   9  60   0   9   7   1   0   0   1   1   1   0   0   7   3   0   0   0  1.52 0.73
  357 E    -1   0  -1   4  -4   1   4  -1  -1  -4  -5   0  -4  -6  -3  -2  -1  -6  -2  -4    5   4   2  27   0   6  33   4   1   1   0   5   0   0   1   3   4   0   2   1  0.76 0.46
  358 E    -1  -3  -4   2  -4   1   7  -1  -3  -6  -6  -1  -3  -7  -4  -3  -2  -7  -6  -4    5   1   0  10   0   6  65   5   0   0   1   3   1   0   1   1   2   0   0   1  1.44 0.74
  359 A     5  -5  -5  -4  -2  -4  -3   0  -5   1   0  -4   0  -5  -4  -1   1  -6  -5   1   51   0   0   1   1   0   1   6   0   9   8   0   2   0   0   4   7   0   0  10  0.78 0.49
  360 I    -2  -3  -5  -6   2  -5  -3  -6  -5   2   4  -3   3   3  -6  -4  -4  -4   2   2    2   1   0   0   5   0   2   0   0  11  35   2   7  14   0   1   0   0   7  13  0.73 0.40
  361 E     2   1   0   3  -2   0   4  -3   0  -4  -4   1  -1  -5  -4   0  -1  -3  -1  -4   16   8   4  14   1   4  29   1   2   0   2   7   2   0   0   5   4   0   2   0  0.50 0.36
  362 T     5  -4  -3  -3  -1  -4  -4  -1  -3  -2  -1  -4   3  -3  -5  -1   1   1   1  -3   56   1   1   2   1   0   0   5   1   2   6   0   6   1   0   3   9   2   5   1  0.87 0.55
  363 A     2  -5  -5  -6   2  -3  -5  -4  -5   2   1  -5   2   5  -5  -3  -1  -4   0   0   20   0   0   0   5   1   0   1   0  14  13   0   4  28   0   1   4   0   3   5  0.72 0.43
  364 K    -2   4  -3  -3  -5   3  -1  -2   4  -2  -1   3   0  -1  -5  -3  -2  -5  -1  -1    3  26   0   1   0  12   4   3   9   3   7  20   3   3   0   1   2   0   2   4  0.56 0.38
  365 Q    -1   1  -3   1  -3   0   1  -5  -2   0   3   1   2  -1  -4  -2  -1   0   0  -2    5   9   1   7   0   4  11   0   1   4  34   7   5   1   0   1   4   1   4   1  0.30 0.27
  366 L    -2  -6  -7  -4   3  -4  -6  -6  -6   0   5  -6   1   3  -6  -5  -3  -5  -1   1    3   0   0   1   7   1   0   0   0   4  58   0   3  13   0   1   1   0   2   7  1.12 0.56
  367 A     4  -5  -2  -3   4  -4  -4  -1  -2  -1  -1  -3  -1  -1  -4   2   0  -1   0   0   41   0   2   1   8   0   1   3   1   2   5   1   2   3   0  16   5   1   3   6  0.59 0.42
  368 L    -1   5  -2   2  -5   2   1  -5   1  -3  -2   2  -4  -4  -4  -1  -2   0  -2  -3    4  32   1  11   0   9  10   0   3   1   4  13   0   1   0   4   3   1   1   2  0.62 0.40
  369 K    -1   0   0   1  -1   1   1  -4   1  -1   1   1  -1  -2  -4   0   3  -4  -1  -1    3   5   3   8   1   5   8   0   3   2  18  11   1   1   0   5  18   0   3   3  0.19 0.21
  370 E    -5  -3  -4  -1  -8   0   7  -7  -3  -7  -6  -2  -2  -5  -6  -4  -1  -7  -2  -5    1   1   0   3   0   4  80   0   1   0   1   1   1   1   0   0   3   0   1   1  2.02 0.94
  371 G    -2   0   0  -3  -4  -4  -5   7  -6  -8  -6  -1  -7  -7  -6  -4  -6  -7  -4  -7    4   6   4   1   0   0   0  77   0   0   0   5   0   0   0   1   0   0   1   0  1.85 0.81
  372 L    -2  -4  -7  -7  -5  -3  -6  -7  -6   7   1  -3   3  -1  -7  -4  -5  -3  -1   2    3   1   0   0   0   1   0   0   0  60  12   1   8   2   0   1   0   0   2  10  1.40 0.65
  373 M    -4  -2  -3  -4  -4  -3  -3  -5  -5   5   3  -3   1   2  -5  -4  -4  -4   0   2    1   3   2   1   0   1   2   1   0  37  24   2   2  10   0   1   0   0   3  11  0.76 0.41
  374 V     1  -4  -5  -4   2  -5  -5  -3  -5   1   1  -4  -3  -5   6  -3  -3  -6  -5   3   10   1   0   1   4   0   0   2   0   7  15   1   0   0  37   1   1   0   0  19  0.96 0.51
  375 G     4  -5  -4  -1  -1  -3   4   3  -5  -6  -5  -4  -5  -6  -3  -3  -3  -6  -5  -4   41   0   0   4   2   0  31  19   0   0   1   0   0   0   1   0   1   0   0   1  1.07 0.61
  376 I    -4  -6  -6  -6  -6  -4  -3  -1  -6   3   3  -5  -4  -4   6  -3  -5  -2  -6  -2    1   0   0   0   0   0   2   5   0  14  26   0   0   0  47   2   0   1   0   2  1.35 0.67
  377 S     1  -4  -3  -3  -5  -3   5  -3  -1  -5  -5  -3  -5  -6  -1   4  -1  -6  -3  -1   10   0   0   0   0   0  40   1   2   0   0   0   0   0   3  34   3   0   1   4  1.01 0.59
  378 S     3  -5  -4  -5   3  -4  -3   0  -3  -6  -6  -4  -5  -6  -2   5   2  -6  -6  -4   20   0   0   0   5   0   1   7   0   0   0   0   0   0   2  52  12   0   0   1  1.14 0.65
  379 G     4  -5  -1  -4   2  -4  -4   4  -5  -5  -1  -4  -4  -5  -5   3  -3  -6  -5  -3   31   0   2   0   4   0   0  32   0   0   7   0   0   0   0  21   0   0   0   1  0.91 0.52
  380 A     4  -4  -4  -5  -5  -4  -2  -3   8  -3  -1  -1  -3  -5  -5  -1  -2  -6  -3  -1   36   0   0   0   0   0   2   2  38   1   7   5   0   0   0   3   2   0   0   4  1.33 0.67
  381 A     6  -5   0  -5  -4  -4  -4   2  -1  -4  -2  -4  -2  -6  -2   1  -1  -6  -5  -2   60   0   5   0   0   0   0  12   2   0   3   0   1   0   1   9   3   0   0   2  1.03 0.58
  382 A     0  -5  -5  -6  -1  -4  -5  -4  -4   3   3  -4   3   2  -3  -2  -2  -4  -3   3    8   0   0   0   1   0   0   1   0  16  31   0   7   7   1   4   2   0   0  21  0.62 0.36
  383 A     5  -1  -4  -5  -2  -4  -3  -3   2  -1  -1  -1  -2  -2  -1  -1   0   1   1   1   50   3   0   0   1   0   1   1   5   4   5   3   0   2   3   3   4   2   5   8  0.61 0.42
  384 A     4  -4  -4  -5   0  -2  -2   3   2  -2  -3  -1  -4  -2  -5  -2  -3  -1   4  -1   37   0   0   0   2   1   2  24   5   2   2   4   0   1   0   1   1   1  14   4  0.71 0.45
  385 A     5  -4  -5  -4  -2  -4  -4  -1  -5   0   2  -4   0  -3   0  -1  -3  -2  -2   1   47   0   0   0   1   0   0   4   0   4  19   0   2   1   5   3   1   1   1  12  0.68 0.45
  386 I    -1  -2  -4  -2  -3  -2  -1  -3  -3   3   3   0   3   0  -3  -2  -2  -2  -2   2    5   1   0   2   0   1   5   1   0  18  30   7   8   3   1   2   1   0   0  13  0.38 0.26
  387 K    -2   2  -2   2  -5   2   2  -2  -1  -4  -3   5  -3  -4  -3  -1  -2  -5  -2  -3    2  10   1  11   0   9  12   3   1   1   3  38   0   1   1   4   1   0   1   1  0.68 0.41
  388 V    -2  -1  -2  -4  -4  -2   0  -3  -3   1   3  -1   2  -1  -3  -2  -1  -1   1   2    3   3   1   0   0   2   6   1   0   8  37   4   6   1   1   2   2   1   5  16  0.38 0.27
  389 A     5  -2  -3  -4   2  -2  -2  -1  -5   1  -1  -3  -1  -3  -4   0  -2  -5  -2   0   55   2   1   1   5   2   2   4   0   8   5   1   1   1   0   5   1   0   1   5  0.74 0.46
  390 K     0   2  -1  -1  -1   2   1  -2  -2  -2  -1   4  -2  -2   2  -1  -1  -4  -2  -3    8  10   3   2   1   8   8   3   1   2   6  30   1   2   9   3   2   0   1   1  0.36 0.27
  391 R    -2   3  -1   0  -5   2   3  -2   0  -3  -3   3  -3  -3  -1   0   0  -4  -2  -3    3  17   2   5   0   9  20   3   2   1   2  20   0   1   2   5   6   0   1   1  0.45 0.30
  392 P     1  -1   0  -1  -1   0   0   1  -1  -1   1  -1   3  -2   2  -1  -1  -3  -1  -2   15   2   5   3   1   4   5  12   2   2  13   3  10   1  12   3   2   0   2   2  0.15 0.15
  393 E    -1   0  -1   1  -4   0   3  -2  -1  -1   1   2  -1  -2   2  -1  -1   0  -2  -2    4   4   2   8   0   4  19   2   2   2  16  12   1   1  10   5   3   1   1   2  0.20 0.18
  394 N    -1   1   1   0  -3   0   0   1   0   0   0   1  -1   0   1   0  -1  -3  -1  -1    3   8  10   5   0   3   6  12   2   8  10  10   1   4   7   4   3   0   1   2  0.08 0.09
  395 A     1   1  -1  -1  -2  -1   2   0  -2  -4  -3   4  -2  -5   2  -1  -1  -5  -4  -3   14   6   3   2   1   1  14   6   1   0   2  31   1   0  10   3   3   0   0   1  0.50 0.34
  396 G    -2  -4   1   4  -5  -1   0   5  -3  -4  -3  -1  -5  -5  -1  -1  -3  -5  -5  -5    3   0   5  26   0   2   7  40   0   1   2   4   0   0   3   5   1   0   0   0  0.85 0.44
  397 K     0   0  -2   0  -5   3   2  -1   2  -4  -4   4  -4  -5  -3   0   0  -5  -4  -4    7   2   1   5   0  14  15   3   5   1   1  29   0   0   1   8   6   0   0   1  0.55 0.36
  398 L    -1   2   1   0  -3  -2  -1  -3   0   2   1  -1  -1  -2  -2   0   2  -4  -2   1    2  12   7   5   0   1   5   1   2  16  15   3   0   1   2   6  15   0   1   9  0.16 0.19
  399 I    -3  -2  -5  -6   0  -3  -3  -5  -5   5   1  -2   2  -2  -4  -4  -1  -5  -2   4    1   2   0   0   2   1   2   1   0  36  13   3   5   1   0   0   3   0   1  30  0.85 0.44
  400 A    -2  -6  -6  -6  -2  -6  -6  -2  -1   2   2  -6  -3  -4  -6  -4  -1  -2  -5   6    3   0   0   0   1   0   0   3   2   9  16   0   0   0   0   0   4   1   0  61  1.23 0.60
  401 V     0  -5  -3  -6   4  -5  -5  -6  -2   3  -1  -4   1  -1  -5  -4   2  -6  -4   5    8   0   1   0  10   0   0   0   1  17   4   1   3   2   0   0  11   0   0  41  0.88 0.48
  402 V    -2  -5   5  -4   3  -4  -5  -5  -4   3   1  -4   1  -4  -5  -2   0  -6  -5   3    2   0  28   0   7   0   0   0   0  20  13   0   3   0   0   2   5   0   0  20  0.79 0.46
  403 F    -2  -5  -4  -6   0  -4  -5  -6   1   2   4  -5   1   3  -4  -4  -3   1  -3   2    2   0   1   0   2   0   0   0   3  10  44   0   2  14   1   1   1   2   0  16  0.81 0.42
  404 P     0  -4   2  -4   5  -4  -4  -3  -4  -4  -5  -4  -5  -5   4   5   1  -1  -5  -4    7   0   8   0  13   0   0   1   0   1   0   0   0   0  17  43   7   1   0   0  1.02 0.55
  405 S    -2  -5  -3   3  -1  -4  -4   5  -5  -5  -1  -4  -3  -2  -5   1  -2  -6  -5  -5    3   0   0  20   1   0   0  50   0   0   8   0   0   2   0  13   2   0   0   0  1.03 0.50
  406 F    -2   6   0  -4  -4  -3  -3   1   1  -5  -5  -2  -2   0  -3   2  -1  -5  -3  -3    2  46   5   0   0   0   1  13   3   0   0   0   1   5   1  17   4   0   0   1  0.89 0.50
  407 G    -1  -6  -5  -5  -6  -6  -4   7  -6  -3  -7  -6  -3  -7  -2  -3  -5  -7  -7  -4    4   0   0   0   0   0   1  88   0   2   0   0   1   0   2   1   0   0   0   1  2.17 0.81
  408 E    -5   0   0   6  -6   0   3  -5   5  -6  -3  -3  -5  -3  -5  -2  -4  -2  -2  -6    0   4   3  49   0   3  17   0  14   0   4   0   0   1   0   3   0   1   1   0  1.23 0.56
  409 R    -4   4  -1  -3  -6  -2  -3   1  -4  -6  -6   6  -5  -3  -5  -2  -4  -6  -5  -4    0  24   3   1   0   0   0  12   0   0   0  56   0   1   0   2   0   0   0   1  1.39 0.63
  410 Y    -5  -5  -2   5  -6  -2  -3  -5   2  -4   0  -4  -4  -1  -5  -4  -4  -3   7  -4    0   0   2  34   0   2   0   0   5   0  12   0   0   1   0   0   0   0  44   0  1.43 0.60
  411 L    -2  -2  -5  -5  -4  -4  -3  -5  -5   2   5  -4   4   1  -1  -4  -2  -4  -3   0    3   2   0   0   0   0   2   0   0  11  53   0  13   6   3   0   2   0   0   4  0.80 0.38
  412 S    -1  -3   0   5  -4  -1   1  -1   0  -3  -5  -2  -2  -2  -3   4   0  -5  -4  -4    3   0   3  32   0   2   6   4   2   2   0   1   1   2   1  35   6   0   0   0  0.71 0.39
  413 T    -2  -2  -3  -3  -3  -2  -3  -4  -4  -2   1   2   0  -3  -4   2   5  -4   0  -2    1   2   0   0   0   1   1   0   0   1  16  12   2   0   0  12  48   0   3   1  0.72 0.41
  414 P     1  -1  -2   0  -2  -1  -1   0  -1   1  -1  -1  -1   0  -1  -1  -1  -3   0   3   14   2   1   6   0   3   4   9   2   7   1   4   0   5   3   4   1   0   3  31  0.13 0.15
  415 L     0  -1   0  -4  -3  -3  -3  -1  -3   1   3  -3   2   0  -3  -2  -2   2   2   0   11   3   5   0   0   0   0   5   0  10  41   0   6   2   0   2   0   2   7   4  0.32 0.21
  416 F    -3  -2   1   1  -4  -1   0  -2  -1  -3  -2  -1  -3   5  -4  -1  -3   1   6  -3    0   2   7   8   0   2   5   3   0   0   2   3   0  29   0   4   0   1  34   0  0.81 0.33
  417 Q     1  -1   1   3  -3   2   3  -2  -1  -2  -2  -1  -3  -4  -2   1  -1  -4  -3  -3   12   2   6  21   0  11  21   1   1   3   4   2   0   0   0  12   1   0   0   0  0.38 0.21
  418 S     1   0  -1   4  -4  -1   2   0  -2  -4  -3   1  -3  -3  -3   2   0  -4  -3  -3   10   5   0  27   0   0  18   6   0   0   2   8   0   1   0  19   5   0   0   0  0.43 0.22
  419 I    -1  -3  -4  -2  -3  -3  -2  -3  -3   2   1  -1   0   0  -4  -1  -2   7   3   2    3   0   0   3   0   0   3   2   0  18  17   3   2   3   0   5   0  19  10  14  0.50 0.21
  420 R    -2   3  -1   0   1  -1  -2  -4  -2   0   3   0   1   1  -4  -2  -2   1  -1   0    2  19   3   7   3   1   1   0   0   3  36   6   5   8   0   0   0   3   2   3  0.25 0.17
  421 E    -1   0   2   2  -3   1   3  -2  -1  -1  -1   2  -2  -3  -2   0   0   2  -1  -2    4   4  10  10   0   3  23   0   1   3   7  16   0   0   0   7   5   4   2   1  0.25 0.13
  422 E    -1   1   0   2  -4   1   4  -2  -2  -2  -3   3   2  -4  -3  -1  -1  -4  -3  -3    3   4   2  10   0   3  37   2   0   2   0  25   8   0   0   1   4   0   0   0  0.53 0.23
  423 V     2   1  -1  -2   1   0  -1  -2   1   1   0   1   0  -2  -2   1   0  -3  -2   1   25   9   2   0   3   2   1   0   4   7  11  10   3   0   0   9   3   0   0  12  0.11 0.09
  424 E    -2   0   1   0  -4   2   5  -1  -2  -2  -4   3  -1  -4  -1  -1  -2  -4  -3  -3    1   3   7   3   0   8  49   4   0   3   0  18   1   0   2   1   0   0   0   0  0.62 0.23
  425 K    -1   0   4   2  -3   1   1  -1  -1  -3  -1   2  -2  -1  -2   1  -1  -3   0  -3    4   1  29  10   0   6   6   2   0   0   9  18   0   3   0   9   0   0   3   0  0.29 0.14
  426 M    -2   1  -2   0  -3   0  -1  -4  -2   0   2   1   5  -1  -3  -2  -2  -2   2   0    0   9   0   5   0   5   3   0   0   3  26   9  25   0   0   2   0   0  10   2  0.29 0.16
  427 Q    -1   1  -1   1  -3   3   2  -1   2  -2  -3   2  -2  -3   0  -1   1  -3  -2   0    2   6   0   7   0  21  12   3   7   0   0  15   0   0   4   0  15   0   0   8  0.27 0.11
  428 P    -1  -3  -3  -2  -3  -2   0  -3  -3   0  -2  -2  -2  -4   7  -2   0  -4  -3   1    5   0   0   0   0   0   8   0   0   5   0   0   0   0  61   0   4   0   0  18  1.21 0.21
  429 E     1  -1  -1   1  -4   3   5  -3  -1  -4  -4   0  -3  -4  -2   0  -1  -4  -3  -3   12   0   0   3   0  12  69   0   0   0   0   0   0   0   0   5   0   0   0   0  0.80 0.18
  430 V    -1  -3  -4  -4  -1  -3  -3  -4  -4   3   3  -3   1   0  -3  -3  -1  -3  -2   3    0   0   0   0   0   0   0   0   0  35  37   0   0   0   0   0   0   0   0  28  0.42 0.06

                      K         Lambda
Standard Ungapped    0.1306     0.3146
Standard Gapped      0.0447     0.2670
PSI Ungapped         0.1461     0.3176
PSI Gapped           0.0447     0.2670
