
Last position-specific scoring matrix computed, weighted observed percentages rounded down, information per position, and relative weight of gapless real matches to pseudocounts
            A   R   N   D   C   Q   E   G   H   I   L   K   M   F   P   S   T   W   Y   V   A   R   N   D   C   Q   E   G   H   I   L   K   M   F   P   S   T   W   Y   V
    1 M    -2  -2  -3  -4  -2  -1  -3  -4  -2   1   1  -2   8  -1  -3  -2  -1  -2  -2   0    0   0   0   0   0   0   0   0   0   0   0   0 100   0   0   0   0   0   0   0  0.98 0.16
    2 K    -1   3   1  -1  -4   1   0  -2  -1  -3  -3   5  -2  -4  -2  -1  -1  -4  -2  -3    0  11   8   0   0   0   0   0   0   0   0  80   0   0   0   0   0   0   0   0  0.66 0.09
    3 L    -1  -2  -1  -2   2  -2  -2  -3  -3   0   1  -2   0  -2  -2   0   5  -3  -2   0    0   0   0   0   5   0   0   0   0   7  16   0   0   0   0   0  72   0   0   0  0.44 0.08
    4 P    -2  -3  -3  -3  -2  -3  -3  -4  -3   4   2  -3   1  -1   3  -2   0  -3  -2   2    0   0   0   0   0   0   0   0   0  59  19   0   0   0  16   0   7   0   0   0  0.40 0.06
    5 I    -1  -3  -2  -3  -2  -2  -3  -3  -3   3   0  -2   0   3  -3   1  -1  -2   0   3    0   0   0   0   0   0   0   0   0  23   0   0   0  26   0  18   0   0   0  33  0.25 0.05
    6 I    -2  -3  -4  -4   4  -3  -4  -4  -3   2   3  -3   1   2  -3  -3  -1  -2   0   1    0   0   0   0  13   0   0   0   0  21  45   0   0  14   0   0   0   0   0   7  0.37 0.05
    7 F    -3  -4  -4  -4  -3  -4  -4  -4  -2  -1   0  -4  -1   8  -5  -3  -3   0   3  -2    0   0   0   0   0   0   0   0   0   0   0   0   0 100   0   0   0   0   0   0  1.19 0.13
    8 L    -1  -3  -3  -4  -2  -2  -3  -4  -3   1   4  -3   1   2  -3   0  -1  -2  -1   0    0   0   0   0   0   0   0   0   0   7  70   0   0  12   0  11   0   0   0   0  0.37 0.06
    9 T    -1  -2  -1  -2  -2  -1  -2  -2  -2  -1  -2  -1  -1  -3  -2   1   6  -3  -2  -1    0   0   0   0   0   0   0   0   0   0   0   0   0   0   0   0 100   0   0   0  0.81 0.12
   10 L    -2  -3  -4  -4  -2  -3  -4  -4  -3   3   4  -3   2   1  -3  -3  -2  -2  -1   1    0   0   0   0   0   0   0   0   0  20  73   0   0   7   0   0   0   0   0   0  0.50 0.06
   11 L     0  -2  -3  -4  -1  -2  -3  -3  -3   2   3  -2   3   0  -3  -2  -1  -2  -2   2   14   0   0   0   0   0   0   0   0   7  56   0  11   0   0   0   0   0   0  12  0.33 0.05
   12 I    -1  -3  -4  -4  -2  -3  -4  -4  -4   5   1  -3   1  -1  -3  -3  -1  -3  -2   4    0   0   0   0   0   0   0   0   0  67   0   0   0   0   0   0   0   0   0  33  0.54 0.08
   13 F    -2  -3  -4  -4  -2  -3  -4  -4  -3   2   4  -3   1   3  -4  -3  -2  -1   0   0    0   0   0   0   0   0   0   0   0   6  73   0   0  21   0   0   0   0   0   0  0.51 0.07
   14 V     0  -3  -3  -3  -1  -2  -3  -3  -3   3   0  -3   0  -1  -3   0   0  -3  -2   4    0   0   0   0   0   0   0   0   0  12   0   0   0   0   0  13   0   0   0  75  0.40 0.08
   15 S     1  -1   0  -1  -1  -1  -1  -1  -2  -2   0  -1  -1  -3  -2   5   1  -3  -2  -2    0   0   0   0   0   0   0   0   0   0  11   0   0   0   0  89   0   0   0   0  0.53 0.10
   16 S     1  -1   0  -1  -2  -1  -1  -1  -2  -3  -3  -1  -2  -3  -1   5   1  -4  -2  -2    0   0   0   0   0   0   0   0   0   0   0   0   0   0   0 100   0   0   0   0  0.72 0.12
   17 C    -1  -4  -4  -4  10  -4  -5  -3  -4  -2  -2  -4  -2   0  -4  -2  -2  -3  -2  -2    0   0   0   0  93   0   0   0   0   0   0   0   0   7   0   0   0   0   0   0  1.69 0.15
   18 T     0  -2  -1  -1  -2  -1   1  -2  -2   0  -1  -1   2  -2  -2   0   4  -3  -2   1    7   0   0   0   0   0  13   0   0   0   0   0  11   0   0   0  56   0   0  12  0.31 0.07
   19 S     1  -1   0  -1  -2  -1  -1  -1  -2  -3  -3  -1  -2  -3  -1   5   1  -4  -2  -2    0   0   0   0   0   0   0   0   0   0   0   0   0   0   0 100   0   0   0   0  0.72 0.12
   20 T    -1  -1   4   0  -2  -1  -1  -2  -1   2  -1  -1  -1  -2  -2   0   0  -3  -2   1    1   1  45   1   0   1   1   1   0  33   1   1   0   1   1   1   6   0   0   6  0.25 0.05
   21 L     0  -2  -3  -3  -1  -2  -2  -3  -3   3   3  -2   1   0  -2  -2  -1  -2  -1   2   12   1   1   1   0   1   1   1   0  34  35   1   0   1   1   1   1   0   0   9  0.22 0.03
   22 I    -1  -2  -2  -2  -1  -1  -2  -2  -2   2   1  -2   5  -1  -2  -1   2  -2  -1   1    1   1   1   1   0   1   1   1   0  22   1   1  41   1   1   1  25   0   0   1  0.26 0.06
   23 N     1   0   2  -1  -2   0   0  -1  -1   0  -1   2  -1  -2  -1   0   1  -3  -2   1   13   1  16   1   0   1   1   1   0   8   1  28   0   1   1   1  14   0   0  12  0.12 0.03
   24 G     0   1   0  -1  -2   1   1   1  -1  -2  -2   3  -2  -3  -1   1   1  -3  -2  -2    1   1   1   1   0   1  11  11   0   1   1  45   0   1   1   9  14   0   0   1  0.27 0.04
   25 S     0  -1   0  -1  -1   0  -1  -1   3  -2  -1  -1   2  -2  -1   4   1  -2  -1  -2    1   1   1   1   0   1   1   1  13   1   1   1  13   1   1  62   1   0   0   1  0.31 0.06
   26 S    -1  -1   3   2  -2  -1  -1  -1   0   1  -1  -1  -1  -1  -2   1   0  -2   2   0    1   1  22  13   0   1   1   1   0  21   1   1   0   1   1  22   1   0  12   1  0.14 0.03
   27 D     0  -1   0   2  -2   0   1  -1  -1  -3  -1   1  -2  -3  -1   4   0  -3  -2  -2    0   0   0  16   0   0   5   0   0   0   7  13   0   0   0  59   0   0   0   0  0.34 0.06
   28 E    -1   0   2   1  -4   2   5  -2   0  -4  -3   3  -2  -4  -2   0  -1  -4  -2  -3    0   0  13   0   0   7  59   0   0   0   0  21   0   0   0   0   0   0   0   0  0.60 0.07
   29 E    -1   2  -1   0  -4   2   4   1  -1  -3  -3   2  -2  -3  -2  -1  -1  -3  -2  -1    0  12   0   0   0   5  49  14   0   0   0  13   0   0   0   0   0   0   0   7  0.40 0.05
   30 R    -1   4  -1  -1  -3   1   0  -2  -1  -3  -3   5  -2  -4  -2   0   1  -3  -2  -2    0  29   0   0   0   0   0   0   0   0   0  58   0   0   0   0  13   0   0   0  0.56 0.08
   31 T     1  -2  -1  -2  -1  -1  -2  -2  -2   2  -1  -1   0  -2  -2   1   4  -3  -2   1   12   0   0   0   0   0   0   0   0  17   0   0   0   0   0  13  44   0   0  13  0.26 0.05
   32 Y    -2  -2  -2  -3  -3   1  -1  -3   3  -1  -1  -1  -1   2   2  -2  -2   0   5   0    0   0   0   0   0  13   0   0  11   0   0   0   0   7  12   0   0   0  42  13  0.45 0.07
   33 S    -1  -2  -1  -2  -2  -2  -2  -2  -2   1   1  -2   0   3   1   2   0  -1   0   0    1   0   0   0   0   0   1   1   0  14  14   0   0  26   6  35   0   0   0   1  0.16 0.04
   34 F    -1  -2  -1   1  -2  -2  -1  -2  -2   1   0  -2   0   4  -2   1  -1  -1   1   0    1   0   0  13   0   0   1   1   0  21   1   0   0  39   0  20   0   0   0   1  0.21 0.05
   35 S     0  -1   3   2  -2  -1   0   1  -1  -3  -3  -1  -2  -3   4   2   0  -3  -2  -3    1   0  25  12   0   0   1   7   0   0   1   0   0   0  21  29   0   0   0   1  0.45 0.04
   36 P    -1  -2  -2  -2  -3  -2  -2   1   3  -2  -1  -2  -2  -3   7   0  -1  -4  -2  -2    0   0   0   0   0   0   0  13  12   0  11   0   0   0  56   7   0   0   0   0  0.97 0.07
   37 T     2   0  -1  -2  -1  -1  -2   1  -2  -1   0  -1  -1  -2   3   0   2  -3  -2   1   26   6   0   0   0   0   0  12   0   0   7   0   0   0  13   0  21   0   0  14  0.21 0.03
   38 T     2  -1  -1  -2  -1  -1  -1  -2  -2   0   1   1   2  -2  -2   1   2  -3  -2   1   22   0   0   0   0   0   0   0   0   0  13  13  12   0   0   7  18   0   0  13  0.12 0.03
   39 S     0   1   2  -1  -2  -1  -1   2  -1  -3  -3   0  -2  -3   2   3   0  -3  -2  -3    0  12  11   0   0   0   0  13   0   0   0   0   0   0   8  54   0   0   0   0  0.39 0.06
   40 P     0  -2  -2  -1  -3  -1   1  -3  -2  -2   0  -1  -2  -3   7  -1   0  -4  -3  -2    8   0   0   0   0   0  13   0   0   0  12   0   0   0  59   0   7   0   0   0  1.03 0.07
   41 F    -1   1   0  -2  -2   1  -1  -2  -1   1   0  -1   0   3  -3   0  -1  -2   0   1    0  13   7   0   0  12   0   0   0   7   8   0   0  21   0  13   0   0   0  18  0.09 0.03
   42 D    -2  -2   2   5  -3  -1   0  -2   3   1  -2  -1  -2  -3   3  -1  -1  -4  -2  -1    0   0   8  46   0   0   0   0  12  20   0   0   0   0  13   0   0   0   0   0  0.44 0.06
   43 P    -2  -2  -1   4  -4  -1   1  -2  -2  -4  -4  -1  -3  -4   7  -1  -2  -5  -4  -3    0   0   0  33   0   0  11   0   0   0   0   0   0   0  55   0   0   0   0   0  1.21 0.09
   44 R    -1   2  -1  -1  -3   2   2  -3  -1   1   1   0   0  -2   2  -1  -1  -3  -2  -1    0  21   0   0   0  13  20   0   0  13  20   0   0   0  12   0   0   0   0   0  0.23 0.04
   45 S    -1  -1   0  -1  -3   0  -1  -2   6  -3  -3   1  -2  -1   2   1   1  -2   3  -2    0   0   0   0   0   0   0   0  33   0   0  13   0   0  11  21   8   0  12   0  0.40 0.06
   46 L    -1   1  -3  -3  -2  -2  -3   0  -3   2   3  -2   1  -1  -3  -2  -1  -3  -2   2    0  11   0   0   0   0   0   8   0  20  46   0   0   0   0   0   0   0   0  13  0.23 0.04
   47 N    -1  -1   3   2  -3   1  -1   3   3  -2  -3  -1  -2  -3  -2  -1  -1  -3  -2   0    0   0  21  11   0   8   0  33  12   0   0   0   0   0   0   0   0   0   0  13  0.32 0.04
   48 Q    -2  -1   0  -1  -4   3   3  -3   6  -3  -3   0  -2   2  -2  -1  -2  -2   1  -3    0   0   0   0   0  21  25   0  42   0   0   0   0  12   0   0   0   0   0   0  0.57 0.08
   49 E     0  -1   0  -1  -2   2   2   1   3  -1  -2   0  -2   0  -2   2   0  -3  -1  -2    0   0   0   0   0  12  16  13  11   5   0   0   0   7   0  35   0   0   0   0  0.22 0.04
   50 L    -1  -2  -3  -3  -2  -2  -2  -3  -3   0   2  -2   0   2   5   0  -1  -2  -1  -1    0   0   0   0   0   0   0   0   0   0  41   0   0  13  34  12   0   0   0   0  0.52 0.06
   51 K    -1   1   0   2  -3   0   1   1  -1  -2  -1   2  -1  -1  -2   1  -1  -2   2  -1    0   8   0  14   0   0   7  11   0   0   6  21   0   0   0  13   0   0  12   7  0.12 0.03
   52 I    -1   1  -1   2  -2   2   0  -3  -1   1  -1   0  -1  -2  -2  -1   1  -3  -2   1    0  12   0  20   0  21   0   0   0  21   0   0   0   0   0   0  13   0   0  11  0.17 0.04
   53 G     0   0  -1  -2  -2  -1  -2   4  -2  -1  -1  -1   3  -2  -3   0  -1  -3  -2   0    0   8   0   0   0   0   0  46   0   0   0   0  20   0   0  11   0   0   0  13  0.34 0.06
   54 R    -1   2  -1  -1  -3   2   2  -2   5  -2  -2   3  -1  -3  -2  -1  -1  -3  -1   0    0  16   0   0   0   8  13   0  24   0   0  26   0   0   0   0   0   0   0  13  0.33 0.05
   55 I    -2  -3  -2   1  -2  -2  -2  -4  -3   4   1  -3   3   2  -3  -2  -1  -2  -1   1    0   0   0  13   0   0   0   0   0  53   8   0  13  12   0   0   0   0   0   0  0.28 0.06
   56 G    -1  -3  -1   1  -2  -2  -2   3  -3   3  -1  -2  -1  -2  -3   0  -1  -3  -3   0    0   0   0  13   0   0   0  32   0  41   0   0   0   0   0  13   0   0   0   0  0.24 0.05
   57 Y    -3  -3  -3  -3  -3  -2   0  -4  -1  -1  -1  -3  -1   6  -4  -2  -2   1   5  -2    0   0   0   0   0   0  12   0   0   0   0   0   0  67   0   0   0   0  21   0  0.76 0.09
   58 C    -1  -4  -4  -5  10  -4  -5  -3  -4  -2  -2  -4  -2  -3  -4  -2  -2  -3  -3  -2    0   0   0   0 100   0   0   0   0   0   0   0   0   0   0   0   0   0   0   0  1.91 0.16
   59 F    -2  -1  -1   1  -3   3   0  -3   0  -2  -2  -1  -1   3  -3  -1   1   0   4  -2    0   0   0   8   0  32   0   0   0   0   0   0   0  21   0   0  12   0  26   0  0.36 0.07
   60 D    -2  -1   0   5  -4   3   4  -2  -1  -4  -4   0  -3  -4  -2  -1  -1  -4  -3  -3    0   0   0  47   0  20  32   0   0   0   0   0   0   0   0   0   0   0   0   0  0.73 0.07
   61 C    -1  -4  -4  -5  10  -4  -5  -3  -4  -2  -2  -4  -2  -3  -4  -2  -2  -3  -3  -2    0   0   0   0 100   0   0   0   0   0   0   0   0   0   0   0   0   0   0   0  1.91 0.16
   62 A     4  -2  -2  -2  -1  -2  -2   2  -2  -1  -2  -1  -1  -3   2   0  -1  -3  -2   1   61   0   0   0   0   0   0  13   0   0   0   0   0   0  12   0   0   0   0  13  0.38 0.06
   63 R    -2   4   1  -1  -4   2   0  -2   3  -3  -2   2  -1   3  -3  -1  -1  -2   0  -3    0  34   8   0   0  12   0   0  11   0   0  13   0  20   0   0   0   0   0   0  0.35 0.05
   64 A     3   3  -1  -2  -2   0  -1  -1   6  -3  -3   0  -2  -3  -2   0  -1  -3  -1  -2   42  26   0   0   0   0   0   0  32   0   0   0   0   0   0   0   0   0   0   0  0.43 0.07
   65 C    -1  -4  -4  -5  10  -4  -5  -3  -4  -2  -2  -4  -2  -3  -4  -2  -2  -3  -3  -2    0   0   0   0 100   0   0   0   0   0   0   0   0   0   0   0   0   0   0   0  1.91 0.16
   66 M    -2  -3  -3  -4  -2  -2  -3  -4  -3   2   3  -3   5   3  -3  -3  -1  -1   0   1    0   0   0   0   0   0   0   0   0  20  24   0  34  21   0   0   0   0   0   0  0.40 0.06
   67 R    -1   5  -1  -1  -3   2   2  -3  -1  -2  -2   1  -1  -3  -2  -1  -1  -3  -2   0    0  55   0   0   0  11  20   0   0   0   0   0   0   0   0   0   0   0   0  13  0.50 0.07
   68 R    -2   6  -1  -2  -4   1   0  -3  -1  -4  -3   4  -2  -4  -2  -1  -1  -3  -2  -3    0  66   0   0   0   0   0   0   0   0   0  34   0   0   0   0   0   0   0   0  0.80 0.09
   69 G    -1   0   0   0  -3   0  -1   4   3  -4  -4   3  -2  -3  -2  -1  -2  -3  -2  -3    0   0   0   5   0   0   0  42  12   0   0  40   0   0   0   0   0   0   0   0  0.48 0.06
   70 K    -1   4  -1  -2  -3   1   0  -2  -1  -2  -2   4  -1  -3  -2  -1  -1  -4  -2   0    0  29   0   0   0   0   0   0   0   0   0  57   0   0   0   0   0   0   0  13  0.50 0.07
   71 Y    -1  -2   4  -1  -3  -1  -2   1   0  -1   0  -2  -1   0   1  -1  -1  -1   3   0    0   0  33   0   0   0   0  13   0   0  12   0   0   0   8   0   0   0  21  11  0.22 0.05
   72 I    -2  -3  -4  -4  -2  -3  -3  -4  -3   3   2  -3   3   2  -3  -3  -1  -2   0   2    0   0   0   0   0   0   0   0   0  41  24   0  12  13   0   0   0   0   0   8  0.36 0.05
   73 R     1   3  -1  -2  -2  -1  -1   2  -1  -1  -2   0  -1  -1   1  -1  -1  -2   2   0   20  29   0   0   0   0   0  18   0   0   0   0   0   0   7   0   0   0  13  12  0.20 0.04
   74 T    -1   1   1  -1  -2   0   1  -2   3  -2  -2   0  -1   2  -2   2   2  -2   0  -2    0  13   7   0   0   0  11   0  14   0   0   0   0  13   0  21  21   0   0   0  0.21 0.04
   75 C    -1   1  -3  -4  10  -3  -4  -3  -3  -2  -2  -2  -2  -3  -4  -2  -2  -3  -3  -2    0  13   0   0  87   0   0   0   0   0   0   0   0   0   0   0   0   0   0   0  1.49 0.14
   76 S     0   1   0  -1  -1   0   0  -1  -1   0  -1   0  -1  -1  -1   2   0  -1  -1   0    3  14   2   2   1   2   3   3   1  15   4   2   1   2   2  37   2   1   1   3  0.10 0.02
   77 F    -1  -1  -1  -2   4  -1  -1  -1  -1  -1  -1  -1  -1   3   3  -1  -1   5   1  -1    3   2   2   2  14   2   3   3   1   2   4   2   1  23  15   3   2  12   1   3  0.28 0.02
   78 E    -1   1   0   0  -3   4   4  -2   0  -3  -3   2  -2  -3  -1   0  -1  -3  -2  -2    1   1   1   1   0  28  42   1   0   1   1  20   0   0   1   1   1   0   0   1  0.51 0.06
   79 R    -1   3   3  -1  -3   0   0   1   3  -3  -3   2  -2  -3  -2   0  -1  -3  -1  -3    1  30  21   1   0   0   1  14  13   1   1  14   0   0   1   1   1   0   0   1  0.33 0.04
   80 K    -1  -1  -2  -2  -3  -1  -2  -3  -2  -1  -1   2  -1   6  -3   1  -1  -1   2  -2    0   0   0   0   0   0   0   0   0   0   0  21   0  59   0  20   0   0   0   0  0.43 0.08
   81 L    -1  -2  -2  -3  -1  -2  -2  -3  -3   3   2  -2   1  -1  -2  -1   1  -2  -1   3    1   1   1   1   0   1   1   1   0  29  22   1   0   0   1   1  12   0   0  27  0.23 0.03
   82 C    -1  -4  -4  -5  10  -4  -5  -3  -4  -2  -2  -4  -2  -3  -4  -2  -2  -3  -3  -2    0   0   0   0 100   0   0   0   0   0   0   0   0   0   0   0   0   0   0   0  1.91 0.16
   83 R    -2   7  -1  -2  -4   0  -1  -3   3  -4  -3   2  -2  -3  -3  -1  -2  -3  -2  -3    0  89   0   0   0   0   0   0  11   0   0   0   0   0   0   0   0   0   0   0  0.95 0.11
   84 C    -1  -4  -4  -4  10  -4  -5  -3  -3  -2  -2  -4  -2  -2  -4  -2  -2  -3   0  -2    0   0   0   0  94   0   0   0   0   0   0   0   0   0   0   0   0   0   6   0  1.73 0.15
   85 S     1  -1   0  -1  -1  -1  -1  -1  -2  -2  -2  -1  -1  -3  -1   4   4  -3  -2  -1   10   0   0   0   0   0   0   0   0   0   0   0   0   0   0  51  39   0   0   0  0.44 0.05
   86 I    -2  -2  -3  -3  -2  -2  -3  -4  -2   3   2   0   1   0  -3  -2  -1  -2   1   2    0   0   0   0   0   0   0   0   0  48  32  10   0   0   0   0   0   0   9   0  0.24 0.02
   87 S     0   2   0   0  -2   1   3  -1  -1  -3  -3   0  -2  -3  -1   3   0  -3  -2  -2    0  15   0   0   0   0  32   0   0   0   0   0   0   0   0  53   0   0   0   0  0.39 0.03
   88 D    -2  -1   2   5  -4   0   1   1   2  -4  -4   1  -3  -3  -2   0  -1  -4  -2  -3    0   0  11  59   0   0   0  10   9   0   0  10   0   0   0   0   0   0   0   0  0.56 0.02
   89 I    -1  -3  -4  -4  -1  -3  -3  -4  -4   4   2  -3   1   0  -3  -3  -1  -3  -2   3    0   0   0   0   0   0   0   0   0  75  10   0   0   0   0   0   0   0   0  15  0.42 0.03
   90 K    -1   3   0  -1  -3   1   0  -2   3  -3  -3   4  -2  -3  -2   0  -1  -3  -1  -3    0  21   0   0   0   0   0   0  17   0   0  62   0   0   0   0   0   0   0   0  0.45 0.01

                      K         Lambda
Standard Ungapped    0.1394     0.3278
Standard Gapped      0.0396     0.2670
PSI Ungapped         0.1294     0.3174
PSI Gapped           0.0396     0.2670
