
Last position-specific scoring matrix computed, weighted observed percentages rounded down, information per position, and relative weight of gapless real matches to pseudocounts
            A   R   N   D   C   Q   E   G   H   I   L   K   M   F   P   S   T   W   Y   V   A   R   N   D   C   Q   E   G   H   I   L   K   M   F   P   S   T   W   Y   V
    1 M    -1  -1  -2  -3  -1   0  -2  -3  -2   1   2  -1   5   0  -2  -1  -1  -1  -1   1    0   0   0   0   0   0   0   0   0   0   0   0   0   0   0   0   0   0   0   0  0.00     0.00
    2 Q    -1   1   0   0  -3   5   2  -2   0  -3  -2   1   0  -3  -1   0  -1  -2  -1  -2    0   0   0   0   0   0   0   0   0   0   0   0   0   0   0   0   0   0   0   0  0.00     0.00
    3 F    -2  -3  -3  -3  -2  -3  -3  -3  -1   0   0  -3   0   6  -4  -2  -2   1   3  -1    0   0   0   0   0   0   0   0   0   0   0   0   0   0   0   0   0   0   0   0  0.00     0.00
    4 L    -1  -2  -3  -4  -1  -2  -3  -4  -3   2   4  -2   2   0  -3  -2  -1  -2  -1   1    0   0   0   0   0   0   0   0   0   0   0   0   0   0   0   0   0   0   0   0  0.00     0.00
    5 Q    -1   1   0   0  -3   5   2  -2   0  -3  -2   1   0  -3  -1   0  -1  -2  -1  -2    0   0   0   0   0   0   0   0   0   0   0   0   0   0   0   0   0   0   0   0  0.00     0.00
    6 E    -1   0   0   1  -4   2   5  -2   0  -3  -3   1  -2  -3  -1   0  -1  -3  -2  -2    0   0   0   0   0   0   0   0   0   0   0   0   0   0   0   0   0   0   0   0  0.00     0.00
    7 K    -1   2   0  -1  -3   1   1  -2  -1  -3  -2   4  -1  -3  -1   0  -1  -3  -2  -2    0   0   0   0   0   0   0   0   0   0   0   0   0   0   0   0   0   0   0   0  0.00     0.00
    8 V     0  -2  -3  -3  -1  -2  -2  -3  -3   3   1  -2   1  -1  -2  -2   0  -3  -1   4    0   0   0   0   0   0   0   0   0   0   0   0   0   0   0   0   0   0   0   0  0.00     0.00
    9 K    -1   2   0  -1  -3   1   1  -2  -1  -3  -2   4  -1  -3  -1   0  -1  -3  -2  -2    0   0   0   0   0   0   0   0   0   0   0   0   0   0   0   0   0   0   0   0  0.00     0.00
   10 L    -1  -2  -3  -4  -1  -2  -3  -4  -3   2   4  -2   2   0  -3  -2  -1  -2  -1   1    0   0   0   0   0   0   0   0   0   0   0   0   0   0   0   0   0   0   0   0  0.00     0.00
   11 I    -1  -3  -3  -3  -1  -3  -3  -4  -3   4   2  -3   1   0  -3  -2  -1  -3  -1   3    0   0   0   0   0   0   0   0   0   0   0   0   0   0   0   0   0   0   0   0  0.00     0.00
   12 K    -1   2   0  -1  -3   1   1  -2  -1  -3  -2   4  -1  -3  -1   0  -1  -3  -2  -2    0   0   0   0   0   0   0   0   0   0   0   0   0   0   0   0   0   0   0   0  0.00     0.00
   13 K    -1   2   0  -1  -3   1   1  -2  -1  -3  -2   4  -1  -3  -1   0  -1  -3  -2  -2    0   0   0   0   0   0   0   0   0   0   0   0   0   0   0   0   0   0   0   0  0.00     0.00
   14 E    -1   0   0   1  -4   2   5  -2   0  -3  -3   1  -2  -3  -1   0  -1  -3  -2  -2    0   0   0   0   0   0   0   0   0   0   0   0   0   0   0   0   0   0   0   0  0.00     0.00
   15 D    -2  -2   1   6  -3   0   1  -1  -1  -3  -4  -1  -3  -3  -1   0  -1  -4  -3  -3    0   0   0   0   0   0   0   0   0   0   0   0   0   0   0   0   0   0   0   0  0.00     0.00
   16 P    -1  -2  -2  -1  -3  -1  -1  -2  -2  -3  -3  -1  -2  -4   7  -1  -1  -4  -3  -2    0   0   0   0   0   0   0   0   0   0   0   0   0   0   0   0   0   0   0   0  0.00     0.00
   17 V     0  -2  -3  -3  -1  -2  -2  -3  -3   3   1  -2   1  -1  -2  -2   0  -3  -1   4    0   0   0   0   0   0   0   0   0   0   0   0   0   0   0   0   0   0   0   0  0.00     0.00
   18 M    -1  -1  -2  -3  -1   0  -2  -3  -2   1   2  -1   5   0  -2  -1  -1  -1  -1   1    0   0   0   0   0   0   0   0   0   0   0   0   0   0   0   0   0   0   0   0  0.00     0.00
   19 L    -1  -2  -3  -4  -1  -2  -3  -4  -3   2   4  -2   2   0  -3  -2  -1  -2  -1   1    0   0   0   0   0   0   0   0   0   0   0   0   0   0   0   0   0   0   0   0  0.00     0.00
   20 K    -1   2   0  -1  -3   1   1  -2  -1  -3  -2   4  -1  -3  -1   0  -1  -3  -2  -2    0   0   0   0   0   0   0   0   0   0   0   0   0   0   0   0   0   0   0   0  0.00     0.00
   21 S     1  -1   1   0  -1   0   0   0  -1  -2  -2   0  -1  -2  -1   4   1  -3  -2  -2    0   0   0   0   0   0   0   0   0   0   0   0   0   0   0   0   0   0   0   0  0.00     0.00
   22 P    -1  -2  -2  -1  -3  -1  -1  -2  -2  -3  -3  -1  -2  -4   7  -1  -1  -4  -3  -2    0   0   0   0   0   0   0   0   0   0   0   0   0   0   0   0   0   0   0   0  0.00     0.00
   23 E    -1   0   0   1  -4   2   5  -2   0  -3  -3   1  -2  -3  -1   0  -1  -3  -2  -2    0   0   0   0   0   0   0   0   0   0   0   0   0   0   0   0   0   0   0   0  0.00     0.00
   24 D    -2  -2   1   6  -3   0   1  -1  -1  -3  -4  -1  -3  -3  -1   0  -1  -4  -3  -3    0   0   0   0   0   0   0   0   0   0   0   0   0   0   0   0   0   0   0   0  0.00     0.00
   25 F    -2  -3  -3  -3  -2  -3  -3  -3  -1   0   0  -3   0   6  -4  -2  -2   1   3  -1    0   0   0   0   0   0   0   0   0   0   0   0   0   0   0   0   0   0   0   0  0.00     0.00
   26 P    -1  -2  -2  -1  -3  -1  -1  -2  -2  -3  -3  -1  -2  -4   7  -1  -1  -4  -3  -2    0   0   0   0   0   0   0   0   0   0   0   0   0   0   0   0   0   0   0   0  0.00     0.00
   27 V     0  -2  -3  -3  -1  -2  -2  -3  -3   3   1  -2   1  -1  -2  -2   0  -3  -1   4    0   0   0   0   0   0   0   0   0   0   0   0   0   0   0   0   0   0   0   0  0.00     0.00
   28 Y    -2  -2  -2  -3  -2  -1  -2  -3   2  -1  -1  -2  -1   3  -3  -2  -2   2   7  -1    0   0   0   0   0   0   0   0   0   0   0   0   0   0   0   0   0   0   0   0  0.00     0.00
   29 W    -2  -3  -4  -4  -2  -2  -3  -2  -2  -3  -2  -3  -1   1  -4  -3  -2  10   2  -3    0   0   0   0   0   0   0   0   0   0   0   0   0   0   0   0   0   0   0   0  0.00     0.00
   30 F    -2  -3  -3  -3  -2  -3  -3  -3  -1   0   0  -3   0   6  -4  -2  -2   1   3  -1    0   0   0   0   0   0   0   0   0   0   0   0   0   0   0   0   0   0   0   0  0.00     0.00
   31 E    -1   0   0   2  -4   2   5  -2   0  -3  -3   1  -2  -3  -1   0  -1  -3  -2  -3    0   0   0   0   0   0 100   0   0   0   0   0   0   0   0   0   0   0   0   0  0.74 0.00
   32 T     0  -1   0   1  -2   1   4  -2  -1  -2  -2   0  -1  -3  -1   1   3  -3  -2  -1    0   0   0   0   0   0  50   0   0   0   0   0   0   0   0   0  50   0   0   0  0.40 0.00
   33 S     0  -2  -1  -1  -1  -1  -1  -2  -2   3   0  -1   0  -1  -2   2   1  -3  -2   1    0   0   0   0   0   0   0   0   0  50   0   0   0   0   0  50   0   0   0   0  0.16 0.00
   34 D    -2  -2   1   6  -4   0   2  -1  -1  -3  -4  -1  -3  -4  -2   0  -1  -5  -3  -3    0   0   0 100   0   0   0   0   0   0   0   0   0   0   0   0   0   0   0   0  0.93 0.00
   35 S     1  -2   0  -1  -2  -1  -1   4  -2  -3  -3  -1  -2  -3  -2   3   0  -3  -2  -2    0   0   0   0   0   0   0  50   0   0   0   0   0   0   0  50   0   0   0   0  0.53 0.00
   36 V    -1   3  -2  -3  -2  -1  -2  -3  -2   1   2   0   1  -1  -3  -2  -1  -3  -1   2    0  33   0   0   0   0   0   0   0   0  35   0   0   0   0   0   0   0   0  32  0.20 0.01
   37 S     0   3   0  -1  -2   0   0  -1  -1  -3  -3   1  -2  -3  -1   3   1  -3  -2  -2    0  33   0   0   0   0   0   0   0   0   0   0   0   0   0  67   0   0   0   0  0.39 0.01
   38 H    -2   3  -1  -2  -3   0  -1  -3   5  -2  -1   0  -1   4  -3  -1  -2  -1   2  -2    0  35   0   0   0   0   0   0  32   0   0   0   0  33   0   0   0   0   0   0  0.38 0.01
   39 R     2   3  -1  -1  -2   1   0  -1  -1  -2  -2   3  -1  -3  -1   0  -1  -3  -2  -2   35  32   0   0   0   0   0   0   0   0   0  33   0   0   0   0   0   0   0   0  0.33 0.01
   40 Y    -2  -2  -3  -4  -3  -2  -3  -3   1  -1  -1  -2  -1   5  -3  -2  -2   2   6  -1    0   0   0   0   0   0   0   0   0   0   0   0   0  35   0   0   0   0  65   0  0.77 0.02
   41 Q     0  -1  -1  -1  -2   3   0  -2  -1   1  -1   0   0  -2  -2   0   3  -3  -2   2    0   0   0   0   0  32   0   0   0   0   0   0   0   0   0   0  35   0   0  33  0.21 0.01
   42 F     2  -2  -3  -3  -1  -2  -2  -2  -2   1   0  -2   0   3  -2  -1  -1  -1   1   2   33   0   0   0   0   0   0   0   0   0   0   0   0  32   0   0   0   0   0  35  0.19 0.01
   43 Q    -1   1   0   0  -3   4   3  -2   0  -3  -3   3  -1  -3  -1   0  -1  -3  -2  -3    0   0   0   0   0  32  33   0   0   0   0  35   0   0   0   0   0   0   0   0  0.50 0.01
   44 S     1  -1   0  -1  -2  -1  -1  -1  -1  -3  -3  -1  -2  -3   5   3   1  -3  -2  -2    0   0   0   0   0   0   0   0   0   0   0   0   0   0  35  65   0   0   0   0  0.70 0.01
   45 D    -2  -1   1   5  -4   1   3  -2  -1  -3  -4   0  -3  -4  -2   0  -1  -4  -3  -3    0   0   0  65   0   0  35   0   0   0   0   0   0   0   0   0   0   0   0   0  0.76 0.01
   46 G     0  -3  -1  -1  -3  -2  -2   6  -2  -4  -4  -2  -3  -3  -2   0  -2  -3  -3  -3    0   0   0   0   0   0   0 100   0   0   0   0   0   0   0   0   0   0   0   0  1.08 0.02
   47 H    -1   4   0  -1  -3   1   0  -2   5  -3  -3   3  -2  -3  -2  -1  -1  -3   0  -3    0  35   0   0   0   0   0   0  32   0   0  33   0   0   0   0   0   0   0   0  0.48 0.01
   48 L    -2  -1   3   4  -3  -1   0  -2  -1  -1   1  -1   0  -2  -2   0  -1  -3  -2  -1    0   0  33  35   0   0   0   0   0   0  32   0   0   0   0   0   0   0   0   0  0.30 0.01
   49 S     3  -1   0  -1  -1   0   0   0  -1  -2  -2   0  -1  -3  -1   4   1  -3  -2  -1   35   0   0   0   0   0   0   0   0   0   0   0   0   0   0  65   0   0   0   0  0.38 0.01
   50 M     0  -2  -2  -3  -2  -2  -2   3  -2   1   0  -2   3  -1  -3  -1  -1  -2  -2   2    0   0   0   0   0   0   0  35   0   0   0   0  32   0   0   0   0   0   0  33  0.23 0.01
   51 K    -1   4   0   0  -4   1   3  -2   0  -3  -3   3  -2  -3  -2   0  -1  -3  -2  -3    0  33   0   0   0   0  35   0   0   0   0  32   0   0   0   0   0   0   0   0  0.49 0.01
   52 V     2  -2  -3  -3  -1  -2  -2  -2  -3   2   0  -2   0  -1  -2   0   0  -3  -2   3   33   0   0   0   0   0   0   0   0   0   0   0   0   0   0   0   0   0   0  67  0.24 0.01
   53 V     0  -3  -2  -3  -2  -2  -3   3  -3   3   0  -2   0  -1  -3  -1  -1  -3  -2   2    0   0   0   0   0   0   0  35   0  33   0   0   0   0   0   0   0   0   0  32  0.26 0.01
   54 D     2  -1   0   3  -1   0   0   0  -1  -2  -3  -1  -2  -3  -1   2   0  -3  -2  -2   35   0   0  32   0   0   0   0   0   0   0   0   0   0   0  33   0   0   0   0  0.34 0.01
   55 D     0  -2   0   3  -2  -1   0  -2  -2  -1   1  -1   0  -1  -2   2   0  -3  -2  -1    0   0   0  32   0   0   0   0   0   0  33   0   0   0   0  35   0   0   0   0  0.20 0.01
   56 A     2  -1  -1   0  -2   0   3   3  -1  -3  -3   0  -2  -3  -1   0  -1  -3  -2  -2   32   0   0   0   0   0  33  35   0   0   0   0   0   0   0   0   0   0   0   0  0.38 0.01
   57 R     2   3   0  -1  -1   0   0  -1  -1  -2  -2   1  -1  -3  -1   2   0  -3  -2  -1   35  32   0   0   0   0   0   0   0   0   0   0   0   0   0  33   0   0   0   0  0.30 0.01
   58 P    -1  -2  -2  -2  -3  -1  -1  -2  -2  -3  -3  -1  -3  -4   8  -1  -1  -4  -3  -3    0   0   0   0   0   0   0   0   0   0   0   0   0   0 100   0   0   0   0   0  2.08 0.02
   59 V     0  -1   0  -1  -1  -1  -1  -2  -2   0  -1  -1   0  -2  -1   2   3  -3  -2   2    0   0   0   0   0   0   0   0   0   0   0   0   0   0   0  35  33   0   0  32  0.23 0.01
   60 P    -1  -2  -2  -2  -3  -1  -1  -2  -2  -3  -3  -1  -3  -4   8  -1  -1  -4  -3  -3    0   0   0   0   0   0   0   0   0   0   0   0   0   0 100   0   0   0   0   0  2.08 0.02
   61 Q    -1  -1  -2  -2  -3   3   0  -3  -1  -2  -1  -1  -1   3   5  -1  -1  -1   1  -2    0   0   0   0   0  32   0   0   0   0   0   0   0  33  35   0   0   0   0   0  0.58 0.01
   62 K    -1   3   0   3  -2   1   1  -1  -1  -2  -2   2  -1  -2  -1   0  -1  -2  -2  -2    2  27   1  26   0   1   2   2   1   1   2  25   1   1   1   2   2   0   1   2  0.28 0.01
   63 M    -1  -1  -1  -1  -2   0   2  -2  -1   0   2  -1   3  -1  -1  -1  -1  -1  -1   0    2   1   1   1   0   1  26   2   1   1  28   1  24   1   1   2   2   0   1   2  0.12 0.01
   64 V    -1  -3  -2  -3   5  -2  -3  -3  -3   1   1  -2   0  -1  -2  -1   2  -3  -2   2    0   0   0   0  20   0   0   0   0   0  20   0   0   0   0   0  21   0   0  38  0.28 0.03
   65 E     0   2   0   0  -2   0   2   2  -1  -3  -3   0  -2  -3  -2   3   0  -3  -2  -3    0  20   0   0   0   0  19  20   0   0   0   0   0   0   0  42   0   0   0   0  0.33 0.03
   66 S     0  -1   3   0  -2  -1  -1   2  -1  -3  -3  -1  -2  -3  -2   3   1  -3  -2  -2    0   0  20   0   0   0   0  20   0   0   0   0   0   0   0  60   0   0   0   0  0.43 0.04
   67 F     1  -3  -3  -3  -2  -2  -3  -2  -2   0   2  -2   1   4  -3  -1  -1  -1   1   0   21   0   0   0   0   0   0   0   0   0  40   0   0  38   0   0   0   0   0   0  0.30 0.03
   68 L     1  -2  -3  -3  -2   1  -1  -3  -2   1   3  -1   1  -1  -2  -1  -1  -2  -2   0   18   0   0   0   0  16   0   0   0   0  65   0   0   0   0   0   0   0   0   0  0.25 0.04
   69 N     1   2   2  -1  -2   2   0  -1  -1  -2  -2   2  -1  -3  -2   0   1  -3  -2  -2   16  17  16   0   0  16   0   0   0   0   0  18   0   0   0   0  16   0   0   0  0.27 0.03
   70 K     1   0   0   2  -2   2   0  -1  -1  -1  -2   1  -1  -3  -1   1   0  -3  -2   0   16   0   0  18   0  16   0   0   0   0   0  16   0   0   0  17   0   0   0  16  0.18 0.02
   71 F    -3  -3  -3  -4  -3  -3  -4  -4  -1   0   1  -3   0   7  -4  -3  -2   1   4  -1    0   0   0   0   0   0   0   0   0   0   9   0   0  77   0   0   0   0  14   0  0.84 0.08
   72 F    -2  -3  -4  -4  -2  -3  -3  -4  -3   1   3  -3   1   4  -3  -3  -2  -1   1   2    0   0   0   0   0   0   0   0   0   0  39   0   0  38   0   0   0   0   0  23  0.43 0.06
   73 P    -1  -2  -2  -2  -3  -2  -1  -2  -2  -3  -3  -1  -3  -3   8  -1  -1  -3  -3  -2    1   1   1   1   0   1   1   1   0   1   1   1   0   1  87   1   1   0   0   1  1.82 0.10
   74 S     0   0   2   1  -2   3   3  -1   0  -3  -3   0  -2  -3  -1   2   0  -3  -2  -2    1   1  12   1   0  16  36   1   0   1   1   1   0   1   1  25   1   0   0   1  0.37 0.04
   75 G     0  -2  -1  -1  -3  -2  -2   6  -2  -3  -3  -2  -3  -3  -2  -1  -2  -2  -3  -3    1   1   1   1   0   1   1  87   0   1   1   1   0   1   1   1   1   0   0   1  0.98 0.07
   76 Y    -3  -3  -3  -4  -3  -3  -3  -4  -1   0   1  -3   0   6  -4  -3  -2   1   5  -1    0   0   0   0   0   0   0   0   0   0  14   0   0  64   0   0   0   0  23   0  0.79 0.08
   77 P    -1  -3  -3  -2  -4  -2  -2  -3  -3  -4  -4  -2  -3  -4   8  -1  -2  -5  -4  -3    0   0   0   0   0   0   0   0   0   0   0   0   0   0 100   0   0   0   0   0  2.30 0.13
   78 Y    -1  -1   2   3  -3  -1   0   3  -1  -3  -3   1  -3  -2  -2  -1  -1  -2   2  -3    0   0  12  27   0   0   0  36   0   0   0  14   0   0   0   0   0   0  12   0  0.41 0.05
   79 S     1  -1   0  -1  -2   2   0  -1  -1  -3  -3   0  -2  -3  -1   5   1  -3  -2  -2    0   0   0   0   0  14   0   0   0   0   0   0   0   0   0  86   0   0   0   0  0.59 0.10
   80 V    -1  -3  -4  -4  -1  -3  -3  -4  -4   2   0  -3   0  -1  -3  -2  -1  -4  -2   5    0   0   0   0   0   0   0   0   0   0   0   0   0   0   0   0   0   0   0 100  0.62 0.10
   81 N     0  -1   3   0  -2  -1  -1  -1  -1  -2  -3  -1  -2  -3  -2   3   3  -3  -2  -2    0   0  24   0   0   0   0   0   0   0   0   0   0   0   0  42  34   0   0   0  0.46 0.07
   82 E    -1  -1   0   3  -3   0   3  -2  -1  -3  -3  -1  -3  -4   4   1   1  -4  -3  -3    0   0   0  26   0   0  24   0   0   0   0   0   0   0  27  12  11   0   0   0  0.61 0.05
   83 G    -1  -2   3   5  -3  -1   1   1  -1  -4  -4  -1  -3  -4  -2   1  -1  -4  -3  -3    0   0  14  62   0   0   0  12   0   0   0   0   0   0   0  12   0   0   0   0  0.70 0.07
   84 Y    -3  -2  -3  -4  -3  -2  -3  -4   1  -2  -2  -3  -2   3  -4  -2  -2   2   8  -2    0   0   0   0   0   0   0   0   0   0   0   0   0   0   0   0   0   0 100   0  1.37 0.14
   85 L    -1  -3  -4  -4  -2  -3  -3  -4  -3   2   3  -3   1   2  -3  -3  -1  -2  -1   2    0   0   0   0   0   0   0   0   0  14  52   0   0  11   0   0   0   0   0  23  0.38 0.05
   86 R    -1   1   0   3  -3  -1   0   2  -2  -3  -3  -1  -3  -4   4   1  -1  -4  -3  -3    0  12   0  24   0   0   0  22   0   0   0   0   0   0  28  14   0   0   0   0  0.57 0.05
   87 Y    -3  -3  -3  -4  -3  -2  -3  -4   1  -2  -2  -3  -2   4  -4  -2  -2   2   8  -2    0   0   0   0   0   0   0   0   0   0   0   0   0  11   0   0   0   0  89   0  1.22 0.13
   88 T    -1  -1  -1  -2  -2   4   0  -2  -1   0   0   0   4  -2  -2   1   1  -3  -2   1    0   0   0   0   0  38   0   0   0   0   0   0  25   0   0  12  12   0   0  14  0.26 0.07
   89 Q    -1  -1  -2  -3  -2   1  -1  -3  -2   0   3   1   1   2  -3  -1   1  -2  -1   0    0   0   0   0   0  12   0   0   0   0  51  14   0  11   0   0  12   0   0   0  0.19 0.05
   90 F    -3  -4  -5  -5  -3  -3  -4  -4  -3  -3  -2  -4  -2   3  -5  -4  -3  12   2  -3    0   0   0   0   0   0   0   0   0   0   0   0   0  12   0   0   0  88   0   0  2.58 0.17
   91 R    -2   4   0   4  -4   2   1  -2  -1  -4  -3   2  -2  -4  -2  -1  -1  -4  -3  -3    0  36   0  38   0  12   0   0   0   0   0  14   0   0   0   0   0   0   0   0  0.56 0.06
   92 A     2  -2  -1  -2  -2  -1  -2   1  -2  -2  -1  -1  -1   3  -2   2   1  -2   0  -1   24   0   0   0   0   0   0  12   0   0   0   0   0  26   0  27  11   0   0   0  0.23 0.05
   93 L    -1  -3  -3  -4  -2  -2  -3  -4  -3   2   3  -3   1  -1   2  -2  -1  -3  -2   2    0   0   0   0   0   0   0   0   0  11  49   0   0   0  12   0   0   0   0  28  0.37 0.05
   94 Q    -1   0   0  -1  -3   5   1  -2   4  -3  -3   2  -1  -3  -2   0   1  -3  -1  -3    0   0   0   0   0  62   0   0  14   0   0  12   0   0   0   0  12   0   0   0  0.59 0.09
   95 H     2   1   2  -1  -2   0  -1   3   5  -3  -3   0  -2  -3  -2   0  -1  -3  -1  -2   27  14  12   0   0   0   0  23  24   0   0   0   0   0   0   0   0   0   0   0  0.34 0.05
   96 F    -2  -3  -4  -4  -2  -3  -3  -4  -3   3   2  -3   1   5  -4  -3  -2  -1   1   2    0   0   0   0   0   0   0   0   0  24  22   0   0  40   0   0   0   0   0  14  0.42 0.05
   97 S     2  -2  -1  -2   3  -2  -2  -1  -2  -1  -1  -2  -1   3  -2   2   1  -2   0  -1   28   0   0   0  11   0   0   0   0   0   0   0   0  26   0  23  12   0   0   0  0.25 0.05
   98 S     0  -2   0  -1  -2  -1  -1   3  -2  -3  -3  -1  -2  -3  -2   4   2  -3  -2  -2    0   0   0   0   0   0   0  25   0   0   0   0   0   0   0  64  11   0   0   0  0.50 0.07
   99 A     1  -1  -1  -2  -2   1  -1   1  -1  -2  -2  -1  -2  -1  -2   2   1   5   2  -2   12   0   0   0   0  12   0  12   0   0   0   0   0   0   0  29  11  12  11   0  0.31 0.04
  100 A     2  -2  -2  -3  -1  -2  -2  -2  -3   3   1  -2   0  -1  -2   0   1  -3  -2   1   38   0   0   0   0   0   0   0   0  35  16   0   0   0   0   0  11   0   0   0  0.21 0.05
  101 L     0  -1  -1  -2   4  -1  -1  -2  -2   0   1   0   2  -1  -2   2   1  -3  -2  -1    0   0   0   0  12   0   0   0   0   0  25  11  12   0   0  28  11   0   0   0  0.17 0.04
  102 S     0  -1   2  -1  -3   1  -1   4  -1  -3  -2  -1   1  -3  -2   1  -1  -3  -3  -3    0   0  12   0   0  14   0  51   0   0   0   0  11   0   0  12   0   0   0   0  0.47 0.06
  103 V     0  -2  -2  -3  -1  -2  -2  -3  -3   2   0  -2   2  -1  -2   1   1  -3  -2   4    0   0   0   0   0   0   0   0   0   0   0   0  11   0   0  16  11   0   0  62  0.28 0.07
  104 L    -2  -3  -4  -4  -2  -3  -3  -4  -3   1   4  -3   2   2  -4  -3  -2  -2  -1   0    0   0   0   0   0   0   0   0   0   0  88   0   0  12   0   0   0   0   0   0  0.58 0.08
  105 S     3  -2  -1  -2  -1  -1  -1  -1  -2  -1  -2  -1  -1  -2  -1   2   2  -3  -2   1   52   0   0   0   0   0   0   0   0   0   0   0   0   0   0  23  12   0   0  12  0.32 0.06
  106 T    -1  -2  -1  -2  -1  -1  -1  -2  -2  -1  -2  -1  -1  -3  -2   1   6  -3  -2  -1    0   0   0   0   0   0   0   0   0   0   0   0   0   0   0   0 100   0   0   0  0.80 0.12
  107 Q    -1   2   0  -1  -3   6   1  -2   0  -3  -3   1  -1  -4  -2   1  -1  -3  -2  -3    0  11   0   0   0  77   0   0   0   0   0   0   0   0   0  12   0   0   0   0  0.74 0.11
  108 S     3  -2  -1  -1  -1  -1  -1   0  -2  -2  -2  -1  -1  -3  -1   3   2  -3  -2  -1   51   0   0   0   0   0   0   0   0   0   0   0   0   0   0  36  12   0   0   0  0.41 0.07
  109 L    -1  -3  -4  -4  -2  -2  -3  -4  -3   2   4  -3   3   0  -3  -3  -1  -2  -1   2    0   0   0   0   0   0   0   0   0  11  60   0  14   0   0   0   0   0   0  16  0.43 0.05
  110 L    -2  -3  -4  -4  -2  -3  -3  -4  -3   1   4  -3   2   3  -4  -3  -2  -2   0   0    0   0   0   0   0   0   0   0   0   0  86   0   0  14   0   0   0   0   0   0  0.57 0.08
  111 F    -1   2   1  -1  -3   1   0  -2   0  -2  -1   2  -1   2  -2   0  -1  -1   2  -2    0  14  12   0   0   8   0   0   0   0   8  23   0  12   0  11   0   0  12   0  0.18 0.03
  112 A     4  -2  -1  -2  -1  -1  -1   3  -2  -2  -2  -1  -2  -3  -2   2   0  -3  -3  -1   61   0   0   0   0   0   0  27   0   0   0   0   0   0   0  12   0   0   0   0  0.47 0.06
  113 A     0  -3  -3  -3  -1  -2  -3  -3  -2   3   1  -3   1   0  -3  -2  -1  -2   2   3   12   0   0   0   0   0   0   0   0  33   8   0   0   0   0   0   0   0  11  37  0.28 0.05
  114 G     0  -3  -1  -2  -3  -2  -3   6  -3  -5  -4  -2  -3  -4  -3  -1  -2  -3  -4  -4    0   0   0   0   0   0   0 100   0   0   0   0   0   0   0   0   0   0   0   0  1.30 0.10
  115 L     1  -3  -3  -3  -1  -2  -3  -3  -3   3   2  -3   1  -1  -3  -2  -1  -3  -2   3   12   0   0   0   0   0   0   0   0  14  24   0   0   0   0   0   0   0   0  50  0.32 0.05
  116 R     1   1   0  -1  -2   0  -1   3  -1  -3  -3   1  -2  -3  -2   3   0  -3  -2  -2   12  12   0   0   0   0   0  27   0   0   0  12   0   0   0  37   0   0   0   0  0.35 0.05
  117 P     0   3   2  -1  -3   0   1   1  -1  -3  -3   0  -2  -3   2   0   1  -3  -2  -2   11  26  16   0   0   0  11  12   0   0   0   0   0   0  12   0  12   0   0   0  0.29 0.04
  118 T     3  -1   2  -1  -1  -1  -1  -1  -1  -2  -2   1  -1  -3  -1   2   2  -3  -2  -1   40   0  12   0   0   0   0   0   0   0   0  11   0   0   0  14  23   0   0   0  0.28 0.05
  119 P     1  -1  -1  -2  -2  -1  -1  -2  -2   1   0   1   0  -2   2   1   0  -3  -2   1   12   0   0   0   0   0   0   0   0  12  14  16   0   0  12  23   0   0   0  11  0.14 0.03
  120 A     4  -2  -2  -2  -1  -1  -1   0  -2  -2  -2  -1  -2  -3   2   2   0  -3  -2  -1   76   0   0   0   0   0   0   0   0   0   0   0   0   0  12  12   0   0   0   0  0.52 0.08
  121 Q     1  -1   0  -1  -1   2   0  -1  -1  -2  -2   0  -1  -3  -1   4   3  -3  -2  -1   12   0   0   0   0  12   0   0   0   0   0   0   0   0   0  53  23   0   0   0  0.40 0.07
  122 A     4  -2  -1  -2  -1  -1  -1   2  -2  -2  -2  -1  -2  -3  -1   2   0  -3  -2  -1   63   0   0   0   0   0   0  11   0   0   0   0   0   0   0  26   0   0   0   0  0.44 0.07
  123 T     4  -2  -2  -2  -1  -1  -1  -1  -2  -2  -2  -1  -1  -3  -1   1   2  -3  -2  -1   77   0   0   0   0   0   0   0   0   0   0   0   0   0   0   0  23   0   0   0  0.48 0.08
  124 V     3  -2  -1  -2  -1  -1  -1  -1  -2  -1  -1  -1  -1  -2  -1   1   3  -3  -2   1   50   0   0   0   0   0   0   0   0   0   0   0   0   0   0   0  38   0   0  12  0.35 0.07
  125 V     0  -2  -2  -3  -1  -2  -2  -2  -2   3   1  -2   0   3  -2   0  -1  -1   0   2    9   1   0   1   0   0   1   1   0  37   1   1   0  25   1   9   1   0   0  12  0.19 0.04
  126 S    -1   2   4   0  -3   3   0  -1   0  -3  -3   0  -2  -3  -2   1   2  -3  -2  -2    0  12  38   0   0  22   0   0   0   0   0   0   0   0   0  12  16   0   0   0  0.42 0.06
  127 W    -4  -4  -5  -5  -3  -3  -4  -4  -3  -4  -3  -4  -2   0  -5  -4  -3  12   1  -4    0   0   0   0   0   0   0   0   0   0   0   0   0   0   0   0   0 100   0   0  3.02 0.19
  128 I    -1  -3  -4  -4  -2  -3  -3  -4  -3   3   2  -3   1   2  -3  -3  -1  -2  -1   3    0   0   0   0   0   0   0   0   0  38  27   0   0  11   0   0   0   0   0  24  0.37 0.05
  129 L    -1  -2  -3  -3  -1  -2  -3  -3  -3   2   3  -2   1   0  -3   0  -1  -2  -2   2    0   0   0   0   0   0   0   0   0  11  61   0   0   0   0  12   0   0   0  16  0.33 0.05
  130 K    -1   4  -1  -1  -4   1   0  -2  -1  -3  -3   5  -2  -4  -2  -1  -1  -4  -2  -3    0  22   0   0   0   0   0   0   0   0   0  78   0   0   0   0   0   0   0   0  0.72 0.09
  131 D    -2  -2   1   7  -4  -1   1  -2  -2  -4  -4  -1  -4  -4  -2  -1  -2  -5  -4  -4    0   0   0 100   0   0   0   0   0   0   0   0   0   0   0   0   0   0   0   0  1.26 0.12
  132 G     0  -3  -1  -2  -3  -2  -2   5  -2  -3  -3  -2  -3   1  -3   1  -1  -2  -2  -3    0   0   0   0   0   0   0  73   0   0   0   0   0  11   0  16   0   0   0   0  0.77 0.07
  133 M     1  -2  -2  -3  -1  -2  -2  -3  -3   2   2  -2   3  -1  -2  -1   2  -3  -2   1   12   0   0   0   0   0   0   0   0  24  14   0  23   0   0   0  27   0   0   0  0.22 0.05
  134 Q     0  -2  -1  -2  -3   1  -2   6  -2  -4  -4  -2  -3  -4  -3  -1  -2  -3  -3  -4    0   0   0   0   0  12   0  88   0   0   0   0   0   0   0   0   0   0   0   0  1.06 0.09
  135 H     0   3  -2  -3  -2   0  -1  -3   3  -1   0   0   5  -1  -3  -1  -1  -1   2  -1   12  26   0   0   0   0   0   0  12   0   0   0  38   0   0   0   0   0  12   0  0.27 0.07
  136 V    -1  -3  -4  -4  -2  -3  -3  -4  -3   2   4  -3   1   0  -3  -3  -1  -2  -1   2    0   0   0   0   0   0   0   0   0  11  65   0   0   0   0   0   0   0   0  24  0.45 0.06
  137 G     0  -2  -1  -1  -3  -2  -2   6  -2  -4  -4  -2  -3  -4  -2   2  -1  -3  -3  -3    0   0   0   0   0   0   0  74   0   0   0   0   0   0   0  26   0   0   0   0  0.87 0.08
  138 K    -1   5  -1  -2  -4   1   0   1  -1  -4  -3   4  -2  -4  -2  -1  -1  -3  -2  -3    0  53   0   0   0   0   0  11   0   0   0  36   0   0   0   0   0   0   0   0  0.62 0.07
  139 L    -2  -3  -4  -4   4  -3  -4  -4  -3   4   2  -3   3  -1  -3  -2  -1  -3  -2   2    0   0   0   0  14   0   0   0   0  50  24   0  12   0   0   0   0   0   0   0  0.41 0.06
  140 I    -1  -3  -4  -4  -2  -3  -3  -4  -3   4   2  -3   3   0  -3  -3  -1  -3  -2   3    0   0   0   0   0   0   0   0   0  46  23   0  12   0   0   0   0   0   0  19  0.40 0.05
  141 C    -1  -3  -2  -3   3  -3  -3   1  -2   0   1  -3   0   5  -3  -1   1  -1   1  -1    0   0   0   0  12   0   0  12   0   0  20   0   0  42   0   0  14   0   0   0  0.31 0.05
  142 S     3  -2  -1  -2  -1  -1  -1   2  -2  -2  -2  -1  -2  -3  -1   2   1  -3  -2  -1   53   0   0   0   0   0   0  12   0   0   0   0   0   0   0  24  11   0   0   0  0.38 0.06
  143 N    -1   4   1  -1  -3   0  -1  -2  -1  -3  -2   2  -2   1  -2   1  -1   6   0  -3    0  36  12   0   0   0   0   0   0   0   0  12   0  11   0  14   0  16   0   0  0.43 0.06
  144 L    -2  -1  -2  -3  -3   1  -1  -3  -1  -1   1   0   0   3  -3  -2  -2   6   4  -1    0   0   0   0   0  12   0   0   0   0  25  11   0  12   0   0   0  16  23   0  0.42 0.05
  145 G     1  -3  -1  -2  -3  -2  -2   6  -3  -4  -4  -2  -3  -4  -2   0  -2  -3  -3  -3   14   0   0   0   0   0   0  86   0   0   0   0   0   0   0   0   0   0   0   0  1.04 0.09
  146 A     1   2   0  -1  -2   0   0  -1  -1  -3  -3   1  -2  -3  -1   3   2  -3  -2  -2   12  12   0   0   0   0   0   0   0   0   0  12   0   0   0  53  11   0   0   0  0.35 0.06
  147 R     0   2   2   1  -3   0   0  -2   3  -2   0   2  -1  -2  -2   0  -1  -3  -1  -2   14  12  11  11   0   0   0   0  12   0  12  28   0   0   0   0   0   0   0   0  0.19 0.03
  148 M    -2  -3  -4  -4  -2  -3  -3  -4  -2   0   3  -3   3   5  -4  -3  -2   0   1   0    0   0   0   0   0   0   0   0   0   0  38   0  12  50   0   0   0   0   0   0  0.56 0.07
  149 D    -2  -2   1   7  -4  -1   1  -2  -2  -4  -4  -1  -4  -4  -2  -1  -2  -5  -4  -4    0   0   0 100   0   0   0   0   0   0   0   0   0   0   0   0   0   0   0   0  1.26 0.12
  150 S     0  -2  -1   1   6  -2  -1  -2  -1  -1  -2  -2  -1  -1  -2   2   1  -2   2   0    0   0   0  12  27   0   0   0   0   0   0   0   0   0   0  23  14   0  12  12  0.30 0.05
  151 E    -2  -1   5   4  -4   0   2  -1   3  -4  -4  -1  -3  -3  -2   0  -1  -4  -2  -3    0   0  51  25   0   0  12   0  12   0   0   0   0   0   0   0   0   0   0   0  0.65 0.07
  152 P     2  -2  -2  -2  -2  -2  -2  -2  -2  -1   1  -1   0  -2   5   1  -1  -3  -2  -1   27   0   0   0   0   0   0   0   0   0  26   0   0   0  36  11   0   0   0   0  0.56 0.05
  153 K    -1   2  -1  -1  -4   1   0  -2  -1  -3  -3   6  -2  -4  -2  -1  -1  -4  -2  -3    0   0   0   0   0   0   0   0   0   0   0 100   0   0   0   0   0   0   0   0  0.82 0.11
  154 R    -1   3  -1  -1  -3   4   0   1  -1  -3  -2   2   2  -3  -2  -1  -1  -3  -2  -2    0  25   0   0   0  41   0  12   0   0   0  11  11   0   0   0   0   0   0   0  0.41 0.07
  155 W    -3  -3  -4  -5  -3  -3  -4  -4  -3  -1   0  -4  -1   0  -4  -3  -3  11   1   0    0   0   0   0   0   0   0   0   0   0  12   0   0   0   0   0   0  74   0  14  1.91 0.14
  156 R    -2   7  -1  -2  -4   0  -1  -3  -1  -4  -3   2  -2  -4  -3  -1  -2  -3  -2  -3    0 100   0   0   0   0   0   0   0   0   0   0   0   0   0   0   0   0   0   0  1.10 0.12
  157 I    -2  -3  -3  -4  -2  -2  -3  -4  -2   2   3  -3   3   4  -3  -3  -2   0   3   0    0   0   0   0   0   0   0   0   0  12  39   0  12  26   0   0   0   0  11   0  0.39 0.05
  158 L     1  -2  -2  -3  -2  -2  -2  -2  -1   0   1  -2   0   4  -2   1   1   0   3   1   12   0   0   0   0   0   0   0   0   0  12   0   0  28   0  14  11   0  12  11  0.19 0.03
  159 A     4  -2  -2  -2  -1  -1  -1   2  -2  -2  -2  -1  -1  -3  -1   1   1  -3  -2  -1   74   0   0   0   0   0   0  12   0   0   0   0   0   0   0   0  14   0   0   0  0.45 0.07
  160 D    -2  -2   1   6  -4  -1   1  -2  -2  -4  -4  -1  -3  -4  -2   1  -1  -5  -4  -4    0   0   0  86   0   0   0   0   0   0   0   0   0   0   0  14   0   0   0   0  1.01 0.10
  161 V    -1  -3  -4  -4  -2  -3  -3  -4  -3   3   3  -3   1   2  -3  -3  -1  -2   0   3    0   0   0   0   0   0   0   0   0  27  36   0   0  12   0   0   0   0   0  25  0.36 0.04
  162 L    -2  -3  -4  -4  -2  -2  -3  -4  -3   2   4  -3   3   0  -3  -3  -1  -2  -1   1    0   0   0   0   0   0   0   0   0  12  77   0  11   0   0   0   0   0   0   0  0.53 0.07
  163 Y    -2  -1   4   0  -3  -1   1   1   0  -2  -1  -1   2   2  -3  -1  -1  -1   2  -2    0   0  38   0   0   0  12  12   0   0   0   0  12  14   0   0   0   0  12   0  0.26 0.05
  164 D    -1  -1   3   4  -3   0   2  -1  -1  -3  -4  -1  -3  -4  -2   2   0  -4  -3  -3    0   0  23  39   0   0  12   0   0   0   0   0   0   0   0  26   0   0   0   0  0.55 0.06
  165 L     1  -3  -3  -3  -1  -2  -3  -2  -3   2   3  -2   1  -1  -2  -1  -1  -3  -2   2   24   0   0   0   0   0   0   0   0  22  38   0   0   0   0   0   0   0   0  16  0.25 0.04
  166 G     2  -2  -1  -2  -2  -2  -2   5  -2  -3  -3  -1  -2  -3  -2   1  -1  -3  -3  -2   28   0   0   0   0   0   0  59   0   0   0   0   0   0   0  14   0   0   0   0  0.66 0.06
  167 T     1  -2  -2  -3  -2  -1  -2  -2  -2   1   1  -2   4   2  -2   1   1  -2  -1   0   12   0   0   0   0   0   0   0   0  14   0   0  38  12   0  12  12   0   0   0  0.20 0.06
  168 G     0  -3  -2  -2  -2  -2  -3   4  -2  -2   0  -2  -1   3  -3  -1  -2  -1   0  -2   11   0   0   0   0   0   0  50   0   0  11   0   0  28   0   0   0   0   0   0  0.45 0.06
  169 L    -1  -3  -3  -4  -2  -2  -3  -4  -3   1   2  -3   4   3  -3  -2  -1  -1   0   2    0   0   0   0   0   0   0   0   0   0  28   0  23  23   0   0   0   0   0  26  0.35 0.05
  170 E    -2  -1   0   4  -4   1   5  -2  -1  -4  -4   0  -3  -4  -2  -1  -1  -4  -3  -3    0   0   0  23   0   0  77   0   0   0   0   0   0   0   0   0   0   0   0   0  0.86 0.09
  171 L    -2  -3  -4  -4  -2  -2  -3  -4  -3   2   4  -3   4   0  -3  -3  -1  -2  -1   1    0   0   0   0   0   0   0   0   0  16  61   0  23   0   0   0   0   0   0   0  0.48 0.07
  172 V     2  -2  -3  -3  -1  -2  -2  -2  -3   2   2  -2   4  -1  -2  -1  -1  -2  -2   2   25   0   0   0   0   0   0   0   0  11  23   0  29   0   0   0   0   0   0  12  0.25 0.05
  173 S     2  -1   0  -1  -1  -1  -1  -1  -2  -2  -2  -1  -1  -3  -1   3   4  -3  -2  -1   16   0   0   0   0   0   0   0   0   0   0   0   0   0   0  34  50   0   0   0  0.45 0.07
  174 P     1  -2  -2  -2  -3   1  -1  -2  -2  -3  -3  -1  -3  -4   7  -1  -1  -4  -3  -3   12   0   0   0   0  12   0   0   0   0   0   0   0   0  75   0   0   0   0   0  1.53 0.10
  175 L     0  -2  -3  -4  -1  -2  -3  -3  -3   2   3  -2   2   0  -3  -2  -1  -2  -2   3   12   0   0   0   0   0   0   0   0   0  46   0   8   0   0   0   0   0   0  34  0.31 0.05
  176 C    -1  -3  -3  -3   4  -2  -3  -3  -1   0  -1  -3  -1   5  -3   0  -1   0   5   0    0   0   0   0  12   0   0   0   0   0   0   0   0  37   0  11   0   0  28  12  0.46 0.06
  177 P    -1  -3  -2  -2  -3  -2  -2  -3  -3  -3  -4  -2  -3  -4   8   0  -1  -4  -4  -3    0   0   0   0   0   0   0   0   0   0   0   0   0   0  89  11   0   0   0   0  1.94 0.12
  178 H    -1   0   0  -1  -3   4   0  -2   5   0  -2   0  -1  -2  -2   2  -1  -3  -1  -1    0   0   0   0   0  37   0   0  24  16   0   0   0   0   0  23   0   0   0   0  0.35 0.07
  179 L     0  -2  -3  -3   2   1  -2  -3  -1   0   2  -2   0   3  -3  -2  -1  -1   3   0   11   0   0   0   8  12   0   0   0   0  35   0   0  20   0   0   0   0  14   0  0.22 0.04
  180 F    -3  -4  -4  -4  -3  -4  -4  -4  -2  -1   0  -4  -1   8  -4  -3  -3   0   3  -1    0   0   0   0   0   0   0   0   0   0   0   0   0 100   0   0   0   0   0   0  1.18 0.12
  181 L    -1  -2  -3  -3  -1  -2  -3  -4  -3   2   3  -2   1   0  -3  -2   1  -2  -2   2    0   0   0   0   0   0   0   0   0  11  61   0   0   0   0   0  16   0   0  12  0.35 0.05
  182 E    -1  -2  -3  -2  -2  -1   0  -3  -2   0   2  -2   4  -1   4  -2  -1  -3  -2   1    0   0   0   0   0   0  12   0   0   0  26   0  28   0  23   0   0   0   0  11  0.38 0.06
  183 M    -1  -2  -3  -3  -1  -2  -3  -3  -3   2   3  -2   3   0  -3  -2   1  -2  -1   2    0   0   0   0   0   0   0   0   0  12  49   0  12   0   0   0  16   0   0  11  0.32 0.04
  184 A     3  -2  -2  -2  -1  -1  -2   1  -2   0  -1  -1  -1  -2  -2   1   0  -3  -2   2   50   0   0   0   0   0   0  12   0   0   0   0   0   0   0  11   0   0   0  27  0.27 0.05
  185 G     1  -2  -1  -2   7  -2  -2   1  -2  -2  -2  -2  -2  -3  -2   3   0  -3  -3  -2   12   0   0   0  34   0   0  12   0   0   0   0   0   0   0  42   0   0   0   0  0.53 0.07
  186 L     2  -2  -2  -3  -1  -2  -2  -2  -3   2   2  -2   0  -1  -2   0   2  -3  -2   1   24   0   0   0   0   0   0   0   0  25  23   0   0   0   0   0  28   0   0   0  0.20 0.04
  187 G     3  -2  -1  -2  -2  -1  -2   4  -2  -3  -3  -1  -2  -3  -2   2  -1  -3  -3  -2   38   0   0   0   0   0   0  46   0   0   0   0   0   0   0  16   0   0   0   0  0.55 0.06
  188 N    -1  -1   6   0  -3  -1  -1   1   0  -3  -1  -1  -2  -3  -2   1   0  -4  -3  -3    0   0  66   0   0   0   0  12   0   0  11   0   0   0   0  11   0   0   0   0  0.54 0.08
  189 F     0  -3  -3  -4  -1  -3  -3  -3  -3   3   3  -3   1   2  -3  -2  -1  -2  -1   2   12   0   0   0   0   0   0   0   0  25  39   0   0  12   0   0   0   0   0  12  0.28 0.04
  190 A     4  -2  -2  -2  -1  -1  -1   2  -2  -1  -2  -1  -1  -3  -1   1   0  -3  -2   1   64   0   0   0   0   0   0  12   0   0   0   0   0   0   0  11   0   0   0  12  0.36 0.06
  191 K    -1   4  -1  -1  -4   1   0  -2  -1  -3  -3   5  -2  -4  -2  -1  -1  -4  -2  -3    0  23   0   0   0   0   0   0   0   0   0  77   0   0   0   0   0   0   0   0  0.71 0.09
  192 G     1  -1   2  -1   4   2  -1   1  -1  -3  -3  -1  -2  -3  -2   2   0  -3  -2  -2   12   0  12   0  16  14   0  12   0   0   0   0   0   0   0  34   0   0   0   0  0.31 0.05
  193 M     0  -3  -3  -3  -1  -2  -3  -3  -3   3   1  -3   2   2  -3  -2  -1  -2  -1   3   12   0   0   0   0   0   0   0   0  40   0   0  12  11   0   0   0   0   0  25  0.28 0.05
  194 A     3  -2  -1  -2   3  -1  -1  -1  -2   0  -1  -1  -1  -2  -1   1   1  -2  -2   1   37   1   1   1  11   1   1   1   0   1   1   1   0   0   1  15  12   0   0  17  0.20 0.03
  195 T     2  -2  -1  -1  -1  -1  -1   3  -2  -1   0  -1  -1  -2  -1   1   1  -2  -2  -1   25   1   1   1   0   1   1  31   0   1  15   1   0   0   1   9  13   0   0   1  0.23 0.03
  196 V     0  -2  -2  -2  -1  -2  -2  -2  -3   2   1  -2   0  -1  -2   0   0  -3  -1   4    1   1   1   1   0   1   1   1   0   1  13   1   0   0   1  15   1   0   0  63  0.23 0.05
  197 A     3  -2  -2  -2   4  -1  -1  -1  -2   1  -1  -1  -1  -2  -1   0   1  -2  -2   0   51   1   1   1  14   1   1   1   0  13   1   1   0   0   1   1  13   0   0   1  0.25 0.04
  198 A     2  -1  -1  -1  -2   1  -1   3  -1  -3  -3  -1  -2  -1  -2   2   0  -2   2  -2   24   0   0   0   0  12   0  27   0   0   0   0   0   0   0  23   0   0  14   0  0.30 0.04
  199 R     1   2  -1  -2  -2  -1  -2   4  -2  -2   0   0  -1  -2  -2   0   1  -3  -2  -2   12  24   0   0   0   0   0  38   0   0  14   0   0   0   0   0  12   0   0   0  0.29 0.04
  200 A     4  -2  -2  -2   4  -1  -1   2  -2  -2  -2  -1  -2  -3  -2   2   0  -3  -2  -1   64   0   0   0  11   0   0  12   0   0   0   0   0   0   0  12   0   0   0   0  0.42 0.06
  201 T    -1  -2  -1  -2  -1  -1  -2  -2  -2  -1   0  -1  -1  -2  -2   1   6  -3  -2   0    0   0   0   0   0   0   0   0   0   0  12   0   0   0   0   0  88   0   0   0  0.61 0.10
  202 R    -2   6  -1  -2  -4   0  -1   1  -1  -4  -3   2  -2  -3  -3  -1  -2  -3  -2  -3    0  75   0   0   0   0   0  14   0   0   0  11   0   0   0   0   0   0   0   0  0.74 0.09
  203 L     3  -2  -1   1  -1  -1  -1  -1  -2  -1   0  -1  -1  -2  -1   2   1  -3  -2  -1   38   0   0  12   0   0   0   0   0   0  12   0   0   0   0  26  12   0   0   0  0.23 0.04
  204 P     3  -2  -2  -2   4  -1  -1  -1  -2  -2  -2  -1  -2  -3   5   1  -1  -3  -3  -1   41   0   0   0  12   0   0   0   0   0   0   0   0   0  37  11   0   0   0   0  0.71 0.07
  205 I    -2  -3  -4  -4  -2  -3  -3  -4  -3   3   3  -3   1   2  -3  -3  -1  -2  -1   2    0   0   0   0   0   0   0   0   0  37  38   0   0  12   0   0   0   0   0  14  0.38 0.05
  206 Y    -1  -1   2  -1  -2   2  -1  -2   4  -2  -2  -1  -1   0  -2   0   3  -1   4  -2    0   0  12   0   0  12   0   0  14   0   0   0   0   0   0   0  38   0  24   0  0.35 0.06
  207 S     1   2   2  -1  -2   3   0  -2  -1  -1  -2   2   1  -3  -2   1   0  -3  -2   0   12  14  12   0   0  22   0   0   0   0   0  12   8   0   0  12   0   0   0   8  0.20 0.03
  208 S     1  -1   0  -1  -2   0  -1   1   7  -3  -3  -1  -2  -2  -2   2  -1  -3   0  -3   12   0   0   0   0   0   0  12  50   0   0   0   0   0   0  25   0   0   0   0  0.55 0.08
  209 F    -3  -2  -3  -3  -3   2  -2  -4  -1  -1   0  -2  -1   7  -4  -3  -2   0   2  -2    0   0   0   0   0  16   0   0   0   0   0   0   0  84   0   0   0   0   0   0  0.84 0.11
  210 A     5  -2  -2  -2  -1  -1  -1   0  -2  -2  -2  -1  -1  -3  -1   1  -1  -3  -2  -1  100   0   0   0   0   0   0   0   0   0   0   0   0   0   0   0   0   0   0   0  0.65 0.10
  211 K    -1   2  -1  -2  -2   0  -1  -2  -2   1   0   3   0  -2  -2   0  -1  -3  -2   1    0  16   0   0   0   0   0   0   0  12  11  35   0   0   0  12   0   0   0  14  0.17 0.04
  212 E     1   3  -1  -1  -3   3   2   1  -1  -3  -3   1  -2  -3  -2   1  -1  -3  -2  -2   14  27   0   0   0  23  12  12   0   0   0   0   0   0   0  12   0   0   0   0  0.33 0.04
  213 G    -1   1   2   4  -4   0   2   2  -1  -4  -4   0  -3  -4  -2   0  -1  -4  -3  -3    0  12  16  36   0   0  12  24   0   0   0   0   0   0   0   0   0   0   0   0  0.48 0.05
  214 N    -2  -1   7   1  -3  -1  -1  -1   0  -4  -4  -1  -3  -4  -3   0  -1  -5  -3  -4    0   0 100   0   0   0   0   0   0   0   0   0   0   0   0   0   0   0   0   0  1.12 0.13
  215 L     0  -2  -3  -4  -2  -2  -3  -3  -3   2   3  -2   3   2  -3  -2  -1  -2   0   1   11   0   0   0   0   0   0   0   0  12  49   0  16  12   0   0   0   0   0   0  0.31 0.05
  216 S     3  -2  -1  -2  -1  -1  -2   4  -2  -3  -3  -1  -2  -3  -2   1  -1  -3  -3  -2   50   0   0   0   0   0   0  38   0   0   0   0   0   0   0  12   0   0   0   0  0.52 0.06
  217 D    -2  -1   0   6  -4   0   4  -2  -1  -4  -4   0  -3  -4  -2  -1  -1  -4  -3  -3    0   0   0  62   0   0  38   0   0   0   0   0   0   0   0   0   0   0   0   0  0.90 0.09
  218 I    -1  -3  -4  -4  -1  -3  -3  -4  -4   3   1  -3   0  -1  -3  -2  -1  -3  -2   5    0   0   0   0   0   0   0   0   0  23   0   0   0   0   0   0   0   0   0  77  0.53 0.08
  219 F     1  -2  -1  -1  -1  -1  -1  -1  -2   0  -1  -1  -1   1  -2   3   2  -2  -1  -1   12   0   0   0   0   0   0   0   0  12   0   0   0  12   0  51  12   0   0   0  0.25 0.06
  220 A     5  -2  -2  -2  -1  -1  -1   0  -2  -2  -2  -1  -1  -3  -1   1  -1  -3  -2  -1  100   0   0   0   0   0   0   0   0   0   0   0   0   0   0   0   0   0   0   0  0.65 0.10
  221 K    -1   2  -1  -1  -4   1   0  -2  -1  -3  -3   6  -2  -4  -2  -1  -1  -4  -2  -3    0   0   0   0   0   0   0   0   0   0   0 100   0   0   0   0   0   0   0   0  0.82 0.11
  222 G     1  -2   0   3  -3   0   2   3  -2  -3  -4  -1  -3  -4  -2   0  -1  -3  -3  -3   14   0   0  27   0   0  23  36   0   0   0   0   0   0   0   0   0   0   0   0  0.49 0.05
  223 E    -1  -1   0   0  -3   2   4   2  -1  -4  -3   0  -2  -4  -2   1  -1  -3  -3  -3    0   0   0   0   0  14  49  22   0   0   0   0   0   0   0  16   0   0   0   0  0.49 0.06
  224 A     2  -2  -1  -2   4  -1  -1  -1  -2   1  -1  -1  -1  -2  -2   3   0  -3  -2   1   24   0   0   0  12   0   0   0   0  14   0   0   0   0   0  38   0   0   0  12  0.24 0.05
  225 I    -1   0  -1  -2  -3   5   0  -3  -1   1  -1   0  -1  -2  -2  -1  -1   5  -1   1    0   0   0   0   0  63   0   0   0  12   0   0   0   0   0   0   0  12   0  12  0.54 0.09
  226 S     0  -1   0   0  -3   1   4   2  -1  -3  -3   0  -2  -3  -2   1   1  -3  -3  -2    0   0   0   0   0   0  50  24   0   0   0   0   0   0   0  12  14   0   0   0  0.45 0.06
  227 T    -1  -2   2  -2  -1  -1  -2  -2  -2   0   0  -1   2  -2  -2   0   4  -3  -2   2    0   0  12   0   0   0   0   0   0   0   0   0  12   0   0   0  50   0   0  26  0.30 0.07
  228 L     1  -3  -3  -3   4  -2  -3  -2  -3   2   2  -2   2  -1  -2  -1  -1  -3  -2   2   23   0   0   0  14   0   0   0   0  12  20   0  11   0   0   0   0   0   0  20  0.23 0.04
  229 F     2  -2  -2  -3  -1  -2  -2  -2  -2   0  -1  -2   0   3  -2   1   0  -2   0   2   36   0   0   0   0   0   0   0   0   0   0   0   0  25   0  12   0   0   0  27  0.21 0.05
  230 N    -2   0   4   3  -3   2   0  -1   0  -3  -3   1  -2  -4  -2   0   1  -4  -3  -3    0   0  39  26   0  12   0   0   0   0   0  12   0   0   0   0  11   0   0   0  0.48 0.06
  231 V    -1  -2   1  -2  -2  -2  -2  -3  -2   1   3  -2   3  -1  -3   0  -1  -2  -2   1    0   0  14   0   0   0   0   0   0   0  51   0  11   0   0  12   0   0   0  12  0.22 0.05
  232 A     2  -2  -3  -3  -1  -2  -2  -2  -3   2   2  -2   3  -1  -2  -1  -1  -3  -2   2   28   0   0   0   0   0   0   0   0  12  14   0  23   0   0   0   0   0   0  23  0.23 0.05
  233 G     0  -3  -1  -2  -3  -2  -3   6  -3  -5  -4  -2  -3  -4  -3  -1  -2  -3  -4  -4    0   0   0   0   0   0   0 100   0   0   0   0   0   0   0   0   0   0   0   0  1.30 0.10
  234 I    -1  -2  -3  -3  -2  -2  -3  -4  -3   3   3  -2   4   0  -3  -2   1  -2  -2   1    0   0   0   0   0   0   0   0   0  24  42   0  22   0   0   0  12   0   0   0  0.34 0.05
  235 G    -1  -2  -2  -3  -2  -2  -3   3  -3   0   3  -2   0  -1  -3   0  -1  -2  -2  -1    0   0   0   0   0   0   0  37   0   0  52   0   0   0   0  11   0   0   0   0  0.32 0.05
  236 A     0  -3  -3  -4  -2  -3  -3  -3  -3   1   3  -3   1   3  -3  -2  -1  -1   0   1   12   0   0   0   0   0   0   0   0   0  48   0   0  25   0   0   0   0   0  16  0.31 0.05
  237 G     2  -2   0  -1  -2  -1  -1   4  -2  -3  -3  -1  -2  -3  -2   3   0  -3  -3  -2   14   0   0   0   0   0   0  47   0   0   0   0   0   0   0  39   0   0   0   0  0.57 0.06
  238 I    -1  -3  -4  -4  -2  -3  -3  -4  -3   4   2  -3   3   0  -3  -2  -1  -3  -2   3    0   0   0   0   0   0   0   0   0  49  16   0  11   0   0   0   0   0   0  25  0.41 0.05
  239 Q    -1  -2  -2  -3  -1   1  -2  -3  -2   2   3  -2   1   0  -2  -2  -1  -2  -1   1    1   1   1   1   0  12   1   1   0  12  54   1   0   0   1   1   1   0   0  13  0.24 0.04
  240 L    -1  -2  -3  -3  -1  -2  -2  -3  -3   2   3  -2   3   0  -2  -2  -1  -2  -1   2    1   1   1   1   0   1   1   1   0  13  38   1  16   0   1   1   1   0   0  24  0.27 0.03
  241 A     2  -1   1  -1  -1  -1  -1  -1  -1   1   1  -1   0  -1  -1   1   0  -2  -2   0   36   1  14   1   0   1   1   1   0  13  17   1   0   0   1  12   1   0   0   1  0.12 0.03
  242 S    -1   1   2   2  -2   0   0  -1  -1  -2  -1   0   2  -2   3   2   0  -3  -2  -2    1  12  13  13   0   1   1   1   0   1   1   1  14   0  16  24   1   0   0   1  0.25 0.03
  243 T    -1  -2  -2  -2   4  -2  -2  -2  -2   0   2  -2   0   3  -2  -1   2  -1   0   0    1   1   1   1  12   1   1   1   0   1  31   1   0  22   1   1  25   0   0   1  0.21 0.04
  244 I    -1  -3  -3  -3  -2  -3  -3  -4  -3   3   2  -3   1   2  -3  -2   1  -2   0   2    0   0   0   0   0   0   0   0   0  35  25   0   0  14   0   0  11   0   0  16  0.29 0.04
  245 C     0  -1   1  -1   3   1  -1   1  -1   1  -1  -1  -1  -2  -2   2   0  -3  -2   1    0   0  11   0  12  14   0  12   0  12   0   0   0   0   0  27   0   0   0  12  0.15 0.04
  246 S     0  -1   0   1  -2   0   0   2   3  -3  -3   1  -2  -3  -2   2   2  -3  -1  -2    0   0   0   8   0   0   0  19  14   0   0  12   0   0   0  24  23   0   0   0  0.27 0.04
  247 S     0  -1   3   0   4   0  -1  -1  -1  -3  -3   1  -2  -3  -2   3   0  -3  -2  -2    0   0  25   0  16   0   0   0   0   0   0  12   0   0   0  47   0   0   0   0  0.41 0.07
  248 M    -1   1  -2  -2  -3   1  -1  -3  -2  -1   0   0   2   1   4  -1   1  -2  -1  -1    0  12   0   0   0  14   0   0   0   0  11   0  12  12  27   0  12   0   0   0  0.35 0.04
  249 E    -1   1   2  -1  -2   0   1   0  -1   0  -1   0   1  -2   2   1   0  -3  -2  -1    0  14  12   0   0   0  12   8   0  11   0   0  11   0  12  20   0   0   0   0  0.17 0.03
  250 G     0  -3  -3  -3  -2  -2  -3   1  -2   0   2  -2   0   3   2  -1  -1  -2   0   1   11   0   0   0   0   0   0  12   0   0  34   0   0  20  12   0   0   0   0  11  0.20 0.03
  251 K     1  -1  -1  -1  -2   2   0  -1  -1   1  -1   1  -1  -2  -2   2   1  -3  -2   1   12   0   0   0   0  14   0   0   0  11   0  12   0   0   0  28  11   0   0  12  0.16 0.03
  252 L    -2  -3  -4  -4  -2  -3  -3  -4  -3   0   4  -3   1   3  -4  -3  -2   7   0   0    0   0   0   0   0   0   0   0   0   0  64   0   0  14   0   0   0  22   0   0  0.69 0.08
  253 V     1  -3  -3  -3  -1  -2  -3   1  -3   1   2  -2   1  -1  -3  -1  -1  -3  -2   3   12   0   0   0   0   0   0  16   0   0  34   0   0   0   0   0   0   0   0  38  0.21 0.04
  254 V     1  -2  -2  -2   4  -2  -2  -2  -3   0   1  -2   0  -2  -2   1   2  -3  -2   2   12   0   0   0  16   0   0   0   0   0  14   0   0   0   0  11  25   0   0  23  0.22 0.04
  255 G    -2  -3  -2  -3  -3  -3  -3   1  -1  -1  -1  -3  -1   5  -3  -2   0   6   4  -2    0   0   0   0   0   0   0  12   0   0   0   0   0  50   0   0  12  12  14   0  0.59 0.07
  256 S     0  -2  -1  -2  -2  -2  -2   2  -2   0   1  -2   0   1   2   0   1  -2  -1   0    0   0   0   0   0   0   0  24   0   0  22   0   0   8  14  12  12   0   0   8  0.19 0.03
  257 I    -1  -2  -2  -3  -2  -2  -2  -3  -2   2   2  -2   1   3  -3   1   0  -2   0   1    0   0   0   0   0   0   0   0   0  25  20   0   0  19   0  23   0   0   0  12  0.19 0.04
  258 L    -2  -3  -4  -4  -2  -3  -3  -4  -3   2   3  -3   1   3  -3  -3  -1  -1   0   1    0   0   0   0   0   0   0   0   0  12  51   0   0  25   0   0   0   0   0  12  0.40 0.05
  259 S     0   1   0  -1  -2  -1  -1  -2  -2  -2  -2   0  -1  -3  -2   3   4  -3  -2  -1    0  12   0   0   0   0   0   0   0   0   0   0   0   0   0  38  50   0   0   0  0.45 0.07
  260 V     1  -2  -2  -2   4  -2  -2  -2  -2   0   0  -2   0  -2  -2   1   2  -3  -2   2   16   0   0   0  12   0   0   0   0   0  12   0   0   0   0  11  26   0   0  23  0.20 0.04
  261 V    -1  -3  -3  -3  -2  -3  -3   0  -3   2   2  -3   1   3  -3  -2  -1  -1   0   2    0   0   0   0   0   0   0  12   0  12  27   0   0  25   0   0   0   0   0  24  0.24 0.04
  262 H    -2  -1   0   2  -4   0  -1  -3   8  -4  -3  -1  -2  -1  -3  -1  -2  -2   3  -4    0   0   0  14   0   0   0   0  74   0   0   0   0   0   0   0   0   0  12   0  1.00 0.12
  263 V    -1  -3  -3  -4  -2  -2  -3  -4  -3   2   3  -3   4   0  -3  -3  -1  -2  -1   2    0   0   0   0   0   0   0   0   0  16  49   0  23   0   0   0   0   0   0  12  0.42 0.06
  264 Y    -2  -2  -3  -4  -3  -2  -3  -4   0  -1   1  -3   2   3  -4  -2  -2   6   6  -1    0   0   0   0   0   0   0   0   0   0  14   0  12  11   0   0   0  12  51   0  0.72 0.08
  265 S     2  -2  -1  -2   3  -1  -1   1  -2  -1   0  -1  -1  -2  -2   2   1  -3  -2  -1   27   0   0   0  11   0   0  14   0   0  12   0   0   0   0  24  12   0   0   0  0.22 0.04
  266 V    -1   1   5   0  -2  -1  -1  -2  -1   1  -2   0  -1  -2  -2   1   0  -4  -2   0    0  12  50   0   0   0   0   0   0  14   0   0   0   0   0  12   0   0   0  12  0.32 0.06
  267 V    -2  -2  -3  -4  -3  -2  -3  -4   1  -1   0  -3  -1   2  -4  -2  -2   1   7   1    0   0   0   0   0   0   0   0   0   0  12   0   0   0   0   0   0   0  76  12  0.85 0.11
  268 E    -1   4  -1  -1  -4   4   2  -2   0  -3  -3   2  -1  -4  -2  -1  -1  -3  -2  -3    0  38   0   0   0  38  12   0   0   0   0  12   0   0   0   0   0   0   0   0  0.61 0.07
  269 Q     3  -1  -1  -1  -2   2   1   2  -1  -3  -3   0  -2  -3  -1   2   0  -3  -2  -2   38   0   0   0   0  12  12  14   0   0   0   0   0   0   0  24   0   0   0   0  0.31 0.05
  270 M    -1  -3  -3  -4  -2  -2  -3  -4  -2   2   2  -3   3   0  -3  -2  -1  -2   2   3    0   0   0   0   0   0   0   0   0   0  26   0  12   0   0   0   0   0  12  50  0.33 0.06
  271 R     1   5  -1  -2  -3   2   0  -2  -1  -3  -3   2  -2  -3  -2   1  -1  -3  -2  -2   12  51   0   0   0  12   0   0   0   0   0  14   0   0   0  11   0   0   0   0  0.49 0.06
  272 G     2  -2  -1  -2   5  -1  -2   1   3  -1  -2  -2  -1  -2  -2   1  -1  -3  -1   0   27   0   0   0  23   0   0  12  14   0   0   0   0   0   0  12   0   0   0  12  0.28 0.05
  273 V    -1  -3  -4  -4  -1  -3  -3  -4  -3   3   3  -3   1   0  -3  -3  -1  -3  -2   3    0   0   0   0   0   0   0   0   0  26  39   0   0   0   0   0   0   0   0  35  0.41 0.05
  274 P    -1  -1   2  -1  -2   4   0  -2  -1   0  -1  -1  -1  -3   2  -1  -1  -3  -2   2    0   0  14   0   0  35   0   0   0   0   0   0   0   0  12   0   0   0   0  39  0.29 0.07
  275 I    -2  -3  -4  -4  -2  -3  -3  -4  -3   2   4  -3   3   2  -3  -3  -2  -2   0   1    0   0   0   0   0   0   0   0   0  12  68   0   8  12   0   0   0   0   0   0  0.46 0.06
  276 N    -2   2   4   0  -3   2   2  -2   3  -4  -3   2  -2  -3  -2   0  -1  -3  -1  -3    0  12  35   0   0  14  16   0  12   0   0  11   0   0   0   0   0   0   0   0  0.45 0.05
  277 T     0  -2   0  -1  -1  -1  -1  -2  -2  -2  -2  -1  -1  -3  -2   3   5  -3  -2  -1    0   0   0   0   0   0   0   0   0   0   0   0   0   0   0  22  78   0   0   0  0.62 0.10
  278 L    -2  -3  -4  -4  -2  -3  -3  -4  -3   2   4  -3   2   0  -3  -3  -1  -2  -2   2    0   0   0   0   0   0   0   0   0  11  77   0   0   0   0   0   0   0   0  12  0.51 0.06
  279 N    -2  -1   7   1  -3  -1  -1  -1   0  -3  -4  -1  -3  -4  -3   0   2  -4  -3  -3    0   0  86   0   0   0   0   0   0   0   0   0   0   0   0   0  14   0   0   0  0.89 0.11
  280 P    -1   3  -1  -1  -3   0   1  -3  -1  -2   0   2  -1   1   4  -1  -1  -2  -1  -2    0  23   0   0   0   0  16   0   0   0  12  14   0  11  24   0   0   0   0   0  0.37 0.04
  281 Q     0   0  -1   2  -3   2   1   0   0  -3  -2   1  -2   0  -2   0  -1  -1   3  -2   12   0   0  14   0  12  11   8   0   0   0  12   0   0   0   8   0   0  23   0  0.22 0.04
  282 R    -2   7  -1  -2  -4   0  -1  -3  -1  -4  -3   2  -2  -4  -3  -1  -2  -3  -2  -3    0 100   0   0   0   0   0   0   0   0   0   0   0   0   0   0   0   0   0   0  1.10 0.12
  283 T     2  -2  -2  -2  -1  -2  -2  -1  -2   0   2  -2   0   2  -2   1   1  -2  -1   0   35   0   0   0   0   0   0   0   0   0  29   0   0  12   0  11  12   0   0   0  0.17 0.04
  284 A     1   2   0  -1  -2   1   1  -2   0  -2  -2   0  -1  -1  -2   2   1  -2   2  -2   12  20   0   0   0   8  14   0   0   0   0   0   0   0   0  23  12   0  11   0  0.23 0.04
  285 L    -2  -3  -4  -4  -2  -3  -3  -4  -3   3   3  -3   1   0  -3  -3  -1  -3  -2   2    0   0   0   0   0   0   0   0   0  37  51   0   0   0   0   0   0   0   0  12  0.45 0.05
  286 I     0  -3  -3  -3  -1  -3  -3  -3  -3   4   2  -3   1  -1  -3  -2  -1  -3  -2   3   12   0   0   0   0   0   0   0   0  49  11   0   0   0   0   0   0   0   0  28  0.35 0.05
  287 V    -1  -3  -3  -4  -2  -3  -3  -4  -2   2   3  -3   1   2  -3  -2  -1  -1   2   3    0   0   0   0   0   0   0   0   0   0  41   0   0  12   0   0   0   0  11  37  0.34 0.05
  288 A     1  -1   0   2  -3   1   4  -2  -1  -3  -3   1  -2  -3  -1   1   1  -3  -2  -2   12   0   0  11   0   0  46   0   0   0   0   8   0   0   0  12  11   0   0   0  0.40 0.05
  289 N    -1   2   2  -1  -3   0   1  -2   5  -3  -3   0  -2  -1  -2   2  -1  -2   2  -3    0  14  12   0   0   0  12   0  27   0   0   0   0   0   0  25   0   0  11   0  0.35 0.05
  290 F    -3  -3  -3  -4  -3  -2  -3  -3   3  -1  -1  -3  -1   6  -4  -3  -3   6   4  -2    0   0   0   0   0   0   0   0  12   0   0   0   0  54   0   0   0  14  20   0  0.84 0.08
  291 L    -2  -3  -4  -4  -2  -3  -3  -4  -3   3   3  -3   1   0  -3  -3  -1  -3  -2   2    0   0   0   0   0   0   0   0   0  36  52   0   0   0   0   0   0   0   0  12  0.45 0.05
  292 K    -1   0  -1  -1  -3   3   2  -3   3   0  -1   2  -1  -2  -2  -1  -1  -3  -1   0    0   0   0   0   0  27  14   0  11  12   0  24   0   0   0   0   0   0   0  12  0.25 0.05
  293 T    -1   2   2  -1  -2  -1  -1  -2   3  -2  -2   0  -1   2  -2   1   3  -2   0  -2    0  16  11   0   0   0   0   0  12   0   0   0   0  14   0  12  35   0   0   0  0.24 0.05
  294 G     0   1  -1  -2  -3  -1  -2   5  -2  -4  -4  -1  -3  -4  -2   1  -1  -3  -3  -3    0  14   0   0   0   0   0  74   0   0   0   0   0   0   0  12   0   0   0   0  0.81 0.07
  295 K    -1   2  -1  -1  -3   4   2  -2  -1  -2  -2   2  -1  -3  -2   1  -1  -3  -2   0    0  12   0   0   0  37  16   0   0   0   0  12   0   0   0  11   0   0   0  12  0.35 0.05
  296 V     1  -3  -3  -4  -1  -3  -3  -3  -3   3   0  -3   0  -1  -3  -2   0  -3  -2   4   12   0   0   0   0   0   0   0   0  11   0   0   0   0   0   0   0   0   0  77  0.43 0.08
  297 P    -2  -3  -3  -3  -3  -2  -2  -3  -3  -1   1  -2  -1  -2   7  -2  -2  -4  -3  -2    0   0   0   0   0   0   0   0   0   0  27   0   0   0  73   0   0   0   0   0  1.43 0.10
  298 S     0  -1   0   1  -2   0   2   1  -1  -3  -3   0  -2  -3  -1   4   0  -3  -2  -3    0   0   0   8   0   0  20  12   0   0   0   0   0   0   0  60   0   0   0   0  0.43 0.07
  299 P    -2  -3  -3  -2  -3  -2  -2  -3  -2  -2   0  -2  -2  -2   7  -2  -2  -2   2  -2    0   0   0   0   0   0   0   0   0   0  12   0   0   0  75   0   0   0  12   0  1.48 0.10
  300 P     1  -1  -1  -1  -2   1   1  -2  -2  -1  -2  -1  -1  -3   4   1   1  -3  -2   0   21   0   0   0   0  12  11   0   0   0   0   0   0   0  24  11   8   0   0  12  0.37 0.04
  301 D     0  -1   0   3  -3   2   4  -2  -1  -3  -3   0  -2  -3  -1   1   1  -3  -2  -2    8   0   0  24   0  11  37   0   0   0   0   0   0   0   0   8  12   0   0   0  0.44 0.05
  302 L     1  -3  -3  -3   4  -2  -3   1  -3   2   1  -2   0  -1  -3  -1  -1  -3  -2   3   16   0   0   0  12   0   0  12   0  11  12   0   0   0   0   0   0   0   0  37  0.20 0.04
  303 R    -1   3   4   0  -3   0  -1  -1   0  -3  -3   0  -2  -3  -2   3   0  -4  -2  -3    0  24  41   0   0   0   0   0   0   0   0   0   0   0   0  36   0   0   0   0  0.49 0.07
  304 F    -1   1  -1  -1  -3   1   1  -2  -1   0  -1   2  -1   3  -2   0  -1  -2   0  -1    0   8   0   0   0   8  14   0   0  12   0  23   0  24   0  11   0   0   0   0  0.16 0.04
  305 Q    -1   2  -1  -1  -2   3   2  -2  -1  -1   1   0   4  -2  -2   0  -1  -2  -2  -1    0  12   0   0   0  24  14   0   0   0  11   0  27   0   0  12   0   0   0   0  0.23 0.06
  306 E    -1  -1  -1   1  -3   1   6  -2  -1  -3  -3   0  -2  -3  -1  -1  -1  -3  -2  -3    1   1   1   1   0   1  89   1   0   1   1   1   0   0   1   1   1   0   0   1  0.80 0.09
  307 D    -1  -1   4   2  -3  -1  -1   3  -1  -4  -4   1  -3  -4   3   0  -1  -4  -3  -3    0   0  35  12   0   0   0  25   0   0   0  12   0   0  16   0   0   0   0   0  0.50 0.05
  308 L    -2  -3  -4  -4  -2  -3  -3  -4  -3   4   3  -3   3   0  -3  -3  -1  -3  -2   2    0   0   0   0   0   0   0   0   0  49  28   0  12   0   0   0   0   0   0  11  0.42 0.05
  309 M    -2  -2  -3  -4  -2  -2  -2  -3  -2   0   3   0   3   2  -3  -2  -2   6   0   0    0   0   0   0   0   0   0   0   0   0  48  12  12  12   0   0   0  16   0   0  0.42 0.06
  310 F    -1  -2  -2  -3  -2  -2  -3  -3  -2   0   2  -2   1   4  -3   0   1  -1   1   0    0   0   0   0   0   0   0   0   0   0  37   0   0  35   0  12  16   0   0   0  0.29 0.05
  311 P    -1  -3  -2  -2  -3  -2  -2   3  -3  -4  -3  -2  -3  -2   5   0  -1   7  -1  -3    0   0   0   0   0   0   0  29   0   0   0   0   0   0  36  11   0  23   0   0  0.98 0.08
  312 E     0  -1  -1   2  -2   2   2  -2  -1   0  -1   0  -1   2  -2   1  -1  -2  -1  -1   11   0   0  12   0  12  24   0   0  11   0   0   0  16   0  14   0   0   0   0  0.17 0.03
  313 R    -2   5  -1  -2  -3   0  -1  -3  -1  -3  -3   3  -2  -2  -2  -1   1   6  -1  -3    0  50   0   0   0   0   0   0   0   0   0  23   0   0   0   0  11  16   0   0  0.64 0.07
  314 P    -1  -2  -1  -1  -2  -1   1   1  -2  -2  -2  -1  -2   1   5   1  -1  -2  -1  -2    1   1   1   1   0   1  12  15   0   1   1   1   0  13  41  12   1   0   0   1  0.61 0.04
  315 I    -1  -2  -2  -2  -1  -1  -2  -2  -2   2   2  -2   2   0  -2   0   0  -2  -1   1    1   1   1   1   0   1   1   1   0  13  35   1  13   1   1  15   1   0   1  13  0.16 0.03
  316 Q    -1   2   0  -1  -2   3   1  -1   0  -1  -1   3   2  -2  -1   0  -1  -2  -1  -1    2  12   1   1   1  25   2   2   1   1   2  28  13   1   1   2   2   0   1   2  0.23 0.03
  317 D     0   2   0   3  -2   0   0  -1  -1  -2  -2   0  -1  -2   3   1   0  -2  -1  -2    3  16   2  26   1   2   2   3   1   2   4   2   1   2  14  14   2   1   1   3  0.24 0.02
  318 A     2   1  -1  -1  -1   0  -1  -1  -1   0  -1   0  -1  -2  -1   1   1  -2  -1   1   34  14   1   1   0   1   1   2   1   1   2   1   1   1   1   9  12   0   1  15  0.13 0.02
  319 G     0  -2   1  -1  -2  -1  -1   1  -1   0   0  -1  -1  -1   2  -1  -1   6  -1   0   14   1  12   1   0   1   1  14   1  14  10   1   1   1   9   2   1  14   1   2  0.18 0.02
  320 N     1  -1   2   1  -2  -1   0  -1  -1   0  -2  -1  -1  -2   3   2   0  -3  -2  -1   13   1  12  12   0   1   1   1   0  13   1   1   0   0  14  28   1   0   0   1  0.22 0.03
  321 V     0  -1  -2  -2  -1  -1  -2  -2  -2   2   1   0   1   2  -2  -1  -1  -2   0   2   13   1   1   1   0   1   1   1   0  25  17  12   0  13   1   1   1   0   0  13  0.10 0.02
  322 K    -1   3   0   1  -2   0   0   1  -1  -3  -3   2  -2  -3   2   1  -1  -3  -2  -2    1  25   1  13   0   1   1  13   0   1   1  13   0   0  12  17   1   0   0   1  0.28 0.03
  323 V    -1  -3  -4  -4  -1  -3  -3  -4  -3   3   3  -3   1   0  -3  -3  -1  -3  -2   3    0   0   0   0   0   0   0   0   0  26  39   0   0   0   0   0   0   0   0  35  0.41 0.05
  324 G     0  -2   0  -1  -3  -1   1   5   3  -4  -4  -1  -3  -3  -2   1  -1  -3  -2  -3    0   0   0   0   0   0  12  65  11   0   0   0   0   0   0  12   0   0   0   0  0.68 0.07
  325 R     1   1  -1  -1   4   0   1  -2  -2   0  -1   1  -1  -2  -2   1   0  -3  -2   1   12  12   0   0  14   0  12   0   0   0   0  11   0   0   0  12   0   0   0  27  0.14 0.03
  326 A     1   3  -1  -2  -2   0  -1   1  -1  -2   0   0  -1  -2   3   1  -1  -3  -2  -2   12  36   0   0   0   0   0  12   0   0  14   0   0   0  16  11   0   0   0   0  0.29 0.04
  327 L    -2  -3  -2   1  -2  -2  -2  -4  -3   1   3  -3   1   2  -3  -2  -1  -2  -1   1    0   0   0  14   0   0   0   0   0   0  63   0   0  12   0   0   0   0   0  11  0.31 0.05
  328 H    -1   0  -1  -1   3   3   2  -2   5  -3  -3   1  -2  -3   3  -1  -1  -3  -1  -3    0   0   0   0  11  23  12   0  28   0   0  12   0   0  14   0   0   0   0   0  0.46 0.06
  329 K    -2   2   1   1  -3   0   0  -2   2  -1   1   3  -1  -2  -2  -1  -1  -3  -2  -2    0   8  11  12   0   0   0   0   8   0  23  38   0   0   0   0   0   0   0   0  0.21 0.04
  330 A     2  -2  -1  -2  -1  -2  -2   3  -2   0   0  -2   0  -2  -2   1  -1  -3  -2   0   38   0   0   0   0   0   0  23   0  11  16   0   0   0   0  12   0   0   0   0  0.22 0.04
  331 V    -1  -2  -2  -3  -2   1  -1  -3  -1   1   0  -2   0   2  -3   0  -1  -1   2   3    0   0   0   0   0  14   0   0   0   0   0   0   0  12   0  12   0   0  11  51  0.19 0.06
  332 K    -1   2  -1  -1  -2   2   0  -1  -1   0  -1   3  -1  -2  -1   0  -1  -2  -1  -1    2  13   1   2   1  14   2   2   1  15   3  36   1   1   1   2   2   0   1   2  0.18 0.03
  333 P    -1  -1  -2  -1  -2  -1  -1  -2  -2   0   0  -1   0  -1   6  -1  -1  -2  -1   1    3   2   1   2   1   1   2   2   1   2  16   2   1   1  43   2   2   0   1  15  0.58 0.03
  334 S     1  -1   0  -1  -1  -1  -1  -1  -1  -3  -3  -1  -2  -3  -1   5   2  -3  -2  -2    0   0   0   0   0   0   0   0   0   0   0   0   0   0   0  85  15   0   0   0  0.58 0.09
  335 E     0   0   0   2  -2   0   2  -1  -1  -3  -3   1  -2  -3  -1   3   2  -3  -2  -2    0   0   0  13   0   0  13   0   0   0   0  14   0   0   0  46  14   0   0   0  0.35 0.05
  336 V    -1  -3  -3  -4  -1  -2  -3  -4  -2   2   2  -3   3   0  -3  -2  -1  -2   2   4    0   0   0   0   0   0   0   0   0   0  13   0  15   0   0   0   0   0  14  58  0.33 0.06
  337 Q    -1  -1  -2  -2  -2   2  -1  -3  -2   1   0   1   4   1   2   0  -1  -2  -1   0    0   0   0   0   0  13   0   0   0  13   0  14  29   9  13   9   0   0   0   0  0.18 0.04
  338 R     3   3  -1  -1  -2   0   2  -1   3  -3  -2   0  -2  -3  -2   0  -1  -3  -1  -2   42  26   0   0   0   0  18   0  13   0   0   0   0   0   0   0   0   0   0   0  0.31 0.05
  339 L    -2  -2   1  -3  -2  -2  -3  -3  -2   1   3  -2   3   0  -3  -2  -1  -2  -2   1    0   0  13   0   0   0   0   0   0   0  58   0  15   0   0   0   0   0   0  14  0.31 0.05
  340 K    -1   1   0   2  -3   3   1  -2  -1  -2   0   4  -1  -3  -2  -1  -1  -3  -2  -2    0   0   0  13   0  25   0   0   0   0  14  49   0   0   0   0   0   0   0   0  0.36 0.06
  341 Q    -1   0  -1  -1  -3   4   2  -2  -1  -2  -2   2   2  -3   3   1  -1  -3  -2  -2    0   0   0   0   0  32  13   0   0   0   0  14  13   0  14  15   0   0   0   0  0.36 0.05
  342 V    -2  -3  -4  -4  -2  -2  -3  -4  -3   1   4  -3   3   2  -3  -3  -1  -2   0   1    0   0   0   0   0   0   0   0   0   0  60   0  14  14   0   0   0   0   0  13  0.40 0.05
  343 F    -2  -3  -3  -4   4  -3  -3  -4   0   0  -1  -3  -1   4  -3  -2  -2   1   5   1    0   0   0   0  15   0   0   0   0   0   0   0   0  27   0   0   0   0  40  18  0.55 0.06
  344 V    -1   2   0   2  -2   0   2  -2  -1  -1  -2   1  -1  -3  -2   1   1  -3  -2   0    0  13   0  14   0   0  18   0   0   0   0  13   0   0   0  15  14   0   0  13  0.21 0.03
  345 E    -1   0   3   2  -3   2   2  -2   2  -3  -3   2  -2  -3  -2   0  -1  -4  -2  -3    0   0  26  15   0   9  13   0   9   0   0  27   0   0   0   0   0   0   0   0  0.42 0.04
  346 E     0  -1   0   3  -4   1   5  -2  -1  -3  -3   0  -2  -4  -2   0  -1  -4  -3  -3   13   0   0  15   0   0  72   0   0   0   0   0   0   0   0   0   0   0   0   0  0.67 0.07
  347 K    -1   2  -1  -1  -3   0   0   3  -1  -3  -3   3  -2  -3   2   0  -1  -3  -3  -3    0  14   0   0   0   0   0  28   0   0   0  39   0   0   9   9   0   0   0   0  0.41 0.04
  348 F    -2  -2  -3  -4  -3  -2  -3  -4   1  -2  -1  -3  -1   4  -4  -2  -2   2   8  -2    0   0   0   0   0   0   0   0   0   0   0   0   0  13   0   0   0   0  87   0  1.16 0.11
  349 L    -2  -3  -4  -4  -2  -2  -3  -4  -3   3   3  -3   3   3  -3  -3  -1  -2   0   1    0   0   0   0   0   0   0   0   0  27  44   0  14  15   0   0   0   0   0   0  0.38 0.04
  350 L    -2  -3  -4  -4  -2  -3  -3  -4  -3   2   4  -3   2   0  -3  -3  -1  -2  -1   2    0   0   0   0   0   0   0   0   0  15  71   0   0   0   0   0   0   0   0  14  0.47 0.05
  351 S     1  -2  -1  -2   5  -1  -1  -1  -2  -2  -2  -1  -1  -3  -2   2   3  -3  -2  -1   13   0   0   0  18   0   0   0   0   0   0   0   0   0   0  28  40   0   0   0  0.41 0.06
  352 H    -2  -1  -1  -2  -3   2   1  -3   5  -2   0  -1  -1   0  -3  -2  -2   7   3  -2    0   0   0   0   0  15  13   0  26   0  14   0   0   0   0   0   0  18  14   0  0.50 0.06
  353 G    -1  -2   3   1  -3  -1  -1   3   3   0  -2  -1  -2  -3  -2   1  -1  -3  -2  -2    0   0  23   9   0   0   0  28  13  13   0   0   0   0   0  14   0   0   0   0  0.28 0.04
  354 K    -1   2  -1  -1  -4   2   1  -2  -1  -3  -3   6  -2  -4  -2  -1  -1  -3  -2  -3    0   0   0   0   0   9   0   0   0   0   0  91   0   0   0   0   0   0   0   0  0.71 0.09
  355 S     0  -2   0  -1  -2  -1  -1   4  -2  -2   0  -1  -1  -2  -2   3   0  -3  -2  -2    0   0   0   0   0   0   0  40   0   0  14   0   0   0   0  47   0   0   0   0  0.41 0.06
  356 W    -1   2   3  -1  -3   2   0   1  -1  -3  -3   2  -2  -2  -2   0  -1   5  -1  -3    0  13  26   0   0  18   0  15   0   0   0  14   0   0   0   0   0  13   0   0  0.41 0.05
  357 T    -1  -1   1  -2  -2  -1  -2  -3  -2   2   0   0   0   2  -2  -1   1  -2  -1   2    0   0   9   0   0   0   0   0   0  15   0  14   0  13   0   0  13   0   0  35  0.12 0.03
  358 D    -1  -1   0   3   4   2   0  -2  -1  -1  -2  -1  -1  -1  -2   1  -1  -2   2   0    0   0   0  27  13  18   0   0   0   0   0   0   0   0   0  13   0   0  14  15  0.22 0.04
  359 M     1  -3  -3  -3  -1  -2  -3  -3  -3   3   1  -2   2  -1  -3  -1   0  -3  -2   4   14   0   0   0   0   0   0   0   0  15   0   0  13   0   0   0   0   0   0  58  0.32 0.05
  360 V     0  -2  -2  -3   4  -2  -2  -2  -3   2   1  -2   2  -1  -2   0   0  -3  -2   2    9   0   0   0  15   0   0   0   0  13  14   0  13   0   0  14   0   0   0  22  0.20 0.03
  361 L    -2  -3  -4  -4  -2  -3  -3  -4  -3   1   4  -3   2   3  -4  -3  -2  -2   0   0    0   0   0   0   0   0   0   0   0   0  86   0   0  14   0   0   0   0   0   0  0.55 0.07
  362 E    -1   3   1   0  -3   1   2  -2   3  -3  -3   3  -2  -3  -2   1  -1  -3  -1  -3    0  15   9   0   0   0  13   0  13   0   0  40   0   0   0   9   0   0   0   0  0.39 0.04
  363 H    -1   0   0   0  -3   3   3  -2   5  -2  -2   1  -1  -3  -2  -1  -1  -3  -1   0    0   0   0   0   0  18  28   0  27   0   0  13   0   0   0   0   0   0   0  14  0.38 0.05
  364 D    -1   0   2   3  -3   2   2   2  -1  -3  -3   1  -2  -3  -2   1  -1  -3  -3  -3    0   0  14  26   0  14   9  15   0   0   0   9   0   0   0  13   0   0   0   0  0.37 0.03
  365 A     4  -2  -1  -2  -1  -1  -1   0  -2  -2  -2  -1  -1  -3  -1   3   0  -3  -2  -1   74   0   0   0   0   0   0   0   0   0   0   0   0   0   0  26   0   0   0   0  0.48 0.07
  366 T    -1  -1   3   0  -2  -1  -1   2  -1  -2  -3   1  -2  -3  -2   1   3  -3  -2  -2    0   0  29   0   0   0   0  18   0   0   0  13   0   0   0   0  40   0   0   0  0.36 0.05
  367 G     0  -2  -1  -1  -2  -1  -1   1  -2  -3  -3  -1  -3  -4   6   3   0  -4  -3  -3    0   0   0   0   0   0   0  13   0   0   0   0   0   0  45  42   0   0   0   0  0.87 0.07
  368 E     0   2  -1   2  -3   2   2  -2  -1  -1  -2   1  -1  -3  -2   0  -1  -3  -2   0   13  14   0  14   0  13  22   0   0   0   0   9   0   0   0   0   0   0   0  15  0.23 0.03
  369 D    -2  -2   1   6  -3  -1   1  -2  -2  -3  -4  -1  -3  -4  -2   0   2  -4  -3  -3    0   0   0  82   0   0   0   0   0   0   0   0   0   0   0   0  18   0   0   0  0.89 0.09
  370 A     1  -3  -3  -3  -1  -2  -3  -3  -3   3   1  -2   3  -1  -3  -2  -1  -3  -2   4   13   0   0   0   0   0   0   0   0  23   0   0  13   0   0   0   0   0   0  51  0.32 0.05
  371 L    -2  -3  -4  -4  -2  -3  -3  -4  -3   2   4  -3   2   0  -3  -3  -2  -2  -2   1    0   0   0   0   0   0   0   0   0  15  85   0   0   0   0   0   0   0   0   0  0.55 0.07
  372 R    -1   5  -1  -2  -3   1   0  -2  -1  -3  -3   3  -2  -3  -2  -1   1  -3  -2  -2    0  58   0   0   0   0   0   0   0   0   0  26   0   0   0   0  15   0   0   0  0.61 0.07
  373 G     1  -2  -1  -1   4  -1  -1   3  -2  -3  -3  -1  -2  -3  -2   3   0  -3  -3  -2   14   0   0   0  14   0   0  32   0   0   0   0   0   0   0  41   0   0   0   0  0.43 0.05
  374 W    -2  -3  -3  -4  -2  -2  -3  -3  -2  -1   2  -3   0   0   3  -2  -2   8   3  -1    0   0   0   0   0   0   0   0   0   0  33   0   0   0  21   0   0  31  15   0  0.82 0.06
  375 L    -2  -2  -3  -3  -2   1  -2  -4  -2   2   3  -2   1   2  -3  -2  -1  -1   0   1    0   0   0   0   0  16   0   0   0  15  54   0   0  15   0   0   0   0   0   0  0.28 0.04
  376 V     1  -1  -2  -2  -2   3   0  -2  -1   0   0   0   0  -2   4  -1  -1  -3  -2   1   16   0   0   0   0  33   0   0   0   0  15   0   0   0  21   0   0   0   0  16  0.31 0.04
  377 A     3  -2  -2  -2  -1  -1  -2   1  -1  -1  -1  -1  -1  -1  -2   0   2  -1   2   1   41   0   0   0   0   0   0  10   0   0   0   0   0   0   0   0  18   0  16  15  0.19 0.03
  378 A     1  -1   3   0   4   0   2  -1  -1  -3  -3  -1  -2  -2  -2   0  -1   6  -1  -2   16   0  30   0  18   0  21   0   0   0   0   0   0   0   0   0   0  16   0   0  0.43 0.05
  379 Y    -2  -2  -3  -4  -2  -2  -3  -4   0   0   3  -3   1   2  -3  -3  -2   1   6   0    0   0   0   0   0   0   0   0   0   0  52   0   0   0   0   0   0   0  48   0  0.55 0.06
  380 V     0  -2  -2  -1  -2   0   2  -3  -2   2   1  -1   2  -1  -2  -1  -1  -3  -2   2   10   0   0   0   0   0  27   0   0  18  15   0  15   0   0   0   0   0   0  16  0.15 0.03
  381 K    -1   2  -1   0  -4   1   4  -3   0  -3  -3   2  -2  -1  -2  -1  -1  -2   2  -3    0  18   0   0   0   0  52   0   0   0   0  16   0   0   0   0   0   0  15   0  0.47 0.05
  382 S    -1   0   2  -1  -2   0  -1  -2  -1  -1   1   2  -1  -1  -2   1  -1   6  -1  -2    0   0  16   0   0   0   0   0   0   0  21  32   0   0   0  16   0  15   0   0  0.27 0.04
  383 M    -1   2  -1  -2  -2   0  -1  -2  -2   0   1   0   4  -1  -2   1   2  -2  -2   0    0  21   0   0   0   0   0   0   0   0  15   0  31   0   0  15  18   0   0   0  0.19 0.04
  384 T    -1   0   2   0  -3   1   3  -2   3  -2  -3   2  -2  -3  -2   0   2  -3  -1  -2    0   0  11   0   0   0  31   0  10   0   0  18   0   0   0   0  30   0   0   0  0.33 0.04
  385 K    -1   3   0  -1  -3   2   2  -2  -1  -3  -3   3  -2  -3  -2   1  -1  -3  -2  -3    0  28   0   0   0  10  16   0   0   0   0  31   0   0   0  15   0   0   0   0  0.43 0.04
  386 I     0  -2  -1  -2  -1  -2  -2  -2  -2   2   0  -2   0   2  -2   2   0  -2   0   2    0   0   0   0   0   0   0   0   0  18   0   0   0  18   0  39   0   0   0  25  0.16 0.03
  387 Y    -2   1  -2  -3  -3   1  -1  -3   1  -2  -1  -1  -1   4  -3  -2  -2   1   6  -2    0  13   0   0   0  12   0   0   0   0   0   0   0  19   0   0   0   0  57   0  0.59 0.05
  388 N     2   0   2  -1  -2   0  -1  -1  -1  -1   0   1   0  -2  -2   1   0  -3  -2  -1   25   0  18   0   0   0   0   0   0   0  20  19   0   0   0  18   0   0   0   0  0.14 0.02
  389 D    -1  -1   1   5  -3   0   2   1  -1  -3  -4  -1  -3  -4  -2   1  -1  -4  -3  -3    0   0   0  49   0   0  18  13   0   0   0   0   0   0   0  20   0   0   0   0  0.53 0.03
  390 P    -1  -1  -2  -2  -3  -1  -1   2  -2  -2  -2   1  -2   2   6  -1  -2  -2  -1  -2    0   0   0   0   0   0   0  18   0   0   0  19   0  20  43   0   0   0   0   0  0.69 0.04
  391 D    -1   0   0   4  -3   1   2  -1  -1  -3  -3   2  -2  -3  -1   1   0  -4  -3  -3    0   0   0  37   0   0  18   0   0   0   0  25   0   0   0  20   0   0   0   0  0.45 0.03
  392 D     1   0   0   4  -2   0   1  -1  -1  -3  -3   2  -2  -3  -1   1   0  -4  -3  -2   18   0   0  39   0   0   0   0   0   0   0  25   0   0   0  19   0   0   0   0  0.37 0.03
  393 I    -1  -3  -4  -4  -2  -3  -3  -4  -3   3   2  -3   1   0  -3  -3  -1   6   0   3    0   0   0   0   0   0   0   0   0  31  20   0   0   0   0   0   0  18   0  31  0.46 0.03
  394 I    -1  -3  -2  -3  -1  -2  -3  -3  -3   3   1  -2   1   3  -3  -1   2  -2   0   2    0   0   0   0   0   0   0   0   0  36  12   0   0  19   0   0  20   0   0  13  0.23 0.02
  395 L    -1  -2  -3  -3  -1  -2  -2  -3  -2   2   3  -2   1   0  -2  -2  -1  -2  -1   2    1   1   1   1   0   1   1   1   0   1  59   1   0   1   1   1   1   0   1  26  0.25 0.02
  396 Q    -1   2   0   2  -4   4   1  -2   0  -3  -3   3  -1  -4  -2   0  -1  -3  -2  -3    0  12   0  18   0  39   0   0   0   0   0  31   0   0   0   0   0   0   0   0  0.48 0.04
  397 D    -1   0   0   4  -4   3   3  -2  -1  -3  -3   2  -2  -4  -2   0  -1  -4  -3  -3    0   0   0  39   0  19  25   0   0   0   0  18   0   0   0   0   0   0   0   0  0.55 0.03
  398 A     3  -1   0  -1  -1  -1  -1  -1   4  -2  -2  -1  -1  -2  -1   2   2  -3  -1  -1   39   0   0   0   0   0   0   0  18   0   0   0   0   0   0  19  25   0   0   0  0.29 0.03
  399 Y     1  -2  -1  -3  -2  -1  -2  -2   5  -1   1  -2   0   1  -3  -1  -1   0   5  -1   20   0   0   0   0   0   0   0  25   0  19   0   0   0   0   0   0   0  36   0  0.35 0.04
  400 D    -1   2   0   4  -3   2   2  -2  -1  -3  -3   1  -2  -3  -2   1  -1  -3  -2  -3    0  20   0  36   0  12  13   0   0   0   0   0   0   0   0  19   0   0   0   0  0.44 0.03
  401 K    -1   0   0   3  -3   1   3  -2  -1  -1  -2   2  -1  -3  -2  -1  -1  -3  -2   1    0   0   0  20   0   0  36   0   0   0   0  18   0   0   0   0   0   0   0  25  0.29 0.03
  402 M    -2  -2  -2   2  -2  -1  -1  -3  -2   1   3  -2   4   0  -3  -2  -1  -2  -2   0    0   0   0  20   0   0   0   0   0   0  43   0  37   0   0   0   0   0   0   0  0.30 0.04
  403 N    -1  -1   4   4  -3   0   1  -1   0  -3  -3  -1  -2  -3  -1   0  -1  -3  -2  -3    1   1  39  44   0   1   1   1   0   1   2   1   0   1   1   1   1   0   1   1  0.54 0.03
  404 D    -1  -1   2   2  -2  -1   0  -1  -1   1   0  -1   2  -1  -2   0   1  -2  -2   0    1   1  19  19   0   1   1   1   0  21   2   1  13   1   1   1  13   0   1   1  0.12 0.02
  405 V     1   0  -2  -2  -1  -1  -1  -1  -2   1   1   1   0  -1  -1   0   0  -2  -1   1   22   1   1   1   0   1   1   1   0   1  27  20   0   1   1   1   1   0   1  19  0.07 0.01
  406 F    -2  -2  -2  -3  -2  -2  -2  -3  -1   0   2  -2   0   6  -3  -2  -2   0   2   0    1   1   1   1   0   1   1   1   0   1  22   1   0  62   1   1   1   0   1   1  0.44 0.03
  407 N    -1  -1   4   3  -2   0   0  -1   0  -3  -3  -1  -2  -3   4   0  -1  -3  -2  -2    1   1  39  20   0   1   1   1   0   1   2   1   0   1  26   1   1   0   1   1  0.55 0.03
  408 P    -1   1   0   2  -3   0   0  -1  -1  -2  -2   3  -2  -3   3   0  -1  -3  -2  -2    1   1   1  20   0   1   1   1   0   1   2  46   0   1  19   1   1   0   1   1  0.41 0.02
  409 F    -1  -2  -2  -2  -2  -2  -2  -2  -1   0   0  -2   0   6  -2  -1  -1   1   2  -1    3   2   2   2   1   2   2   3   1   2   3   2   1  63   2   3   2   1   1   2  0.35 0.02
  410 L    -1  -2  -3  -3  -1  -2  -2  -3  -2   1   4  -2   2   0  -2  -2  -1  -1  -1   1    2   1   1   1   0   1   1   2   0   1  81   1   0   1   1   1   1   0   1   1  0.33 0.03
  411 S    -1   0   0  -1  -2   0   0  -1   4  -2  -1   2  -1   2  -1   1   0  -1   1  -2    2   1   1   1   0   1   1   2  18   1   2  26   0  19   1  20   1   0   1   1  0.16 0.02
  412 Q    -1   1   0  -1  -3   4   1   2  -1  -3  -3   3  -1  -4  -2   0  -1  -3  -2  -3    0   0   0   0   0  39   0  25   0   0   0  36   0   0   0   0   0   0   0   0  0.45 0.04
  413 V    -1  -2  -3  -4  -1  -2  -3  -4  -3   2   4  -2   4   0  -3  -2  -1  -2  -1   2    0   0   0   0   0   0   0   0   0   0  61   0  20   0   0   0   0   0   0  18  0.40 0.03
  414 Q    -1   3   0   2  -4   5   1  -2   0  -3  -3   1  -1  -4  -2  -1  -1  -3  -2  -3    0  18   0  19   0  64   0   0   0   0   0   0   0   0   0   0   0   0   0   0  0.60 0.05
  415 A     2  -1   0   2  -2   0   2  -1  -1  -2  -2   0  -2  -3  -1   2   2  -3  -2  -1   31   0   0  13   0   0  20   0   0   0   0   0   0   0   0  18  19   0   0   0  0.28 0.02
  416 K     3   0  -1  -1  -2   2   0   2  -1  -2  -2   2  -1  -3  -1   0  -1  -3  -2  -2   43   0   0   0   0  20   0  18   0   0   0  18   0   0   0   0   0   0   0   0  0.30 0.03
  417 G     0  -3  -1  -2  -3  -2  -3   6  -2  -4  -4  -2  -3  -4  -3  -1  -2  -3  -4  -4    0   0   0   0   0   0   0 100   0   0   0   0   0   0   0   0   0   0   0   0  1.19 0.06
  418 W    -3  -3  -4  -5  -3  -3  -4  -3  -3  -3  -2  -4  -2   0  -4  -3  -3  12   2  -4    0   0   0   0   0   0   0   0   0   0   0   0   0   0   0   0   0 100   0   0  2.75 0.11
  419 Y    -1   1  -1  -2  -3   0  -1  -3   0   1  -1   3  -1   0  -2  -1  -1  -1   3   0    0   0   0   0   0   0   0   0   0  25   0  52   0   0   0   0   0   0  23   0  0.21 0.02
  420 T     0  -2  -1  -2  -1  -1  -1  -2  -2   0  -1  -1   0  -2  -2   1   5  -3  -2   2    0   0   0   0   0   0   0   0   0   0   0   0   0   0   0   0  75   0   0  25  0.38 0.03
  421 D    -1   0   0   3  -4   1   4  -2  -1  -3  -3   2  -2  -4  -1   0  -1  -3  -2  -3    0   0   0  23   0   0  52   0   0   0   0  25   0   0   0   0   0   0   0   0  0.56 0.02
  422 R    -1   4   3   0  -3   1   0  -2   0  -3  -3   3  -2  -3  -2   0  -1  -3  -2  -3    0  44  25   0   0   0   0   0   0   0   0  31   0   0   0   0   0   0   0   0  0.50 0.02
  423 F    -1  -3  -3  -4  -2  -3  -3  -4  -2   2   2  -3   1   4  -3  -2  -1  -1   1   2    0   0   0   0   0   0   0   0   0   0  34   0   0  32   0   0   0   0   0  34  0.31 0.01
  424 L    -2  -2  -4  -4  -1  -2  -3  -4  -3   2   4  -3   2   0  -3  -3  -1  -2  -1   1    0   0   0   0   0   0   0   0   0   0 100   0   0   0   0   0   0   0   0   0  0.49 0.01
  425 D     0  -1   1   4  -2   0   1  -1  -1  -3  -3   0  -2  -3  -1   3   0  -4  -2  -2    0   0   0  50   0   0   0   0   0   0   0   0   0   0   0  50   0   0   0   0  0.49 0.00
  426 G     0  -2   0  -1  -2  -2  -2   6  -2  -4  -4  -2  -3  -3  -2   0  -2  -2  -3  -3    0   0   0   0   0   0   0   0   0   0   0   0   0   0   0   0   0   0   0   0  0.00     0.00
  427 T     0  -1   0  -1  -1  -1  -1  -2  -2  -1  -1  -1  -1  -2  -1   1   4  -2  -2   0    0   0   0   0   0   0   0   0   0   0   0   0   0   0   0   0   0   0   0   0  0.00     0.00
  428 G     0  -2   0  -1  -2  -2  -2   6  -2  -4  -4  -2  -3  -3  -2   0  -2  -2  -3  -3    0   0   0   0   0   0   0   0   0   0   0   0   0   0   0   0   0   0   0   0  0.00     0.00
  429 T     0  -1   0  -1  -1  -1  -1  -2  -2  -1  -1  -1  -1  -2  -1   1   4  -2  -2   0    0   0   0   0   0   0   0   0   0   0   0   0   0   0   0   0   0   0   0   0  0.00     0.00
  430 R    -1   5   0  -2  -3   1   0  -2   0  -3  -2   2  -1  -3  -2  -1  -1  -3  -2  -2    0   0   0   0   0   0   0   0   0   0   0   0   0   0   0   0   0   0   0   0  0.00     0.00
  431 F    -2  -3  -3  -3  -2  -3  -3  -3  -1   0   0  -3   0   6  -4  -2  -2   1   3  -1    0   0   0   0   0   0   0   0   0   0   0   0   0   0   0   0   0   0   0   0  0.00     0.00
  432 A     4  -1  -2  -2   0  -1  -1   0  -2  -1  -1  -1  -1  -2  -1   1   0  -2  -2   0    0   0   0   0   0   0   0   0   0   0   0   0   0   0   0   0   0   0   0   0  0.00     0.00
  433 W    -2  -3  -4  -4  -2  -2  -3  -2  -2  -3  -2  -3  -1   1  -4  -3  -2  10   2  -3    0   0   0   0   0   0   0   0   0   0   0   0   0   0   0   0   0   0   0   0  0.00     0.00

                      K         Lambda
Standard Ungapped    0.1355     0.3204
Standard Gapped      0.0410     0.2670
PSI Ungapped         0.1355     0.3204
PSI Gapped           0.0410     0.2670
