
Last position-specific scoring matrix computed, weighted observed percentages rounded down, information per position, and relative weight of gapless real matches to pseudocounts
            A   R   N   D   C   Q   E   G   H   I   L   K   M   F   P   S   T   W   Y   V   A   R   N   D   C   Q   E   G   H   I   L   K   M   F   P   S   T   W   Y   V
    1 M    -1  -1  -2  -3  -2   0  -2  -3  -2   1   2  -1   6   0  -3  -2  -1  -2  -1   1    0   0   0   0   0   0   0   0   0   0   0   0 100   0   0   0   0   0   0   0  0.33 0.00
    2 N     0  -1   4   1  -2   0   0   0   0  -3  -3   0  -2  -3  -1   3   1  -3  -2  -2    0   0  50   0   0   0   0   0   0   0   0   0   0   0   0  50   0   0   0   0  0.45 0.00
    3 E    -1   0   0   1  -4   1   4  -2   6  -3  -3   0  -2  -2  -2  -1  -1  -3   0  -3    0   0   0   0   0   0  50   0  50   0   0   0   0   0   0   0   0   0   0   0  0.57 0.00
    4 N    -2   0   6   1  -3   0   0   0   1  -3  -4   0  -2  -3  -2   1   0  -4  -2  -3    0   0 100   0   0   0   0   0   0   0   0   0   0   0   0   0   0   0   0   0  0.72 0.00
    5 H    -1   0   0  -1  -3   4   1  -2   6  -3  -3   0  -1  -2  -2   0  -1  -2   1  -3    0   0   0   0   0  50   0   0  50   0   0   0   0   0   0   0   0   0   0   0  0.56 0.00
    6 I    -2  -2   4   0  -2  -1  -1  -2  -1   2   0  -1   0  -1  -3  -1   0  -3  -2   1    0   0  50   0   0   0   0   0   0  50   0   0   0   0   0   0   0   0   0   0  0.22 0.00
    7 Q    -1   1   0   0  -3   6   2  -2   0  -3  -2   1   0  -3  -1   0  -1  -2  -2  -2    0   0   0   0   0 100   0   0   0   0   0   0   0   0   0   0   0   0   0   0  0.64 0.00
    8 S     0  -1   0  -1  -2  -1  -1  -1  -2  -3  -3  -1  -2  -3   6   3   0  -3  -2  -2    0   0   0   0   0   0   0   0   0   0   0   0   0   0  50  50   0   0   0   0  0.91 0.00
    9 D    -1  -1   1   4  -2   0   1  -1  -1  -1  -2   0  -1  -2   0   0   0  -1  -1  -1    4   3   2  53   1   2   3   4   1   3   5   3   1   2   3   4   3   1   2   3  0.31 0.00
   10 H    -2   0   1  -1  -3   0   0  -2   8  -3  -3  -1  -2  -1  -2  -1  -2  -3   2  -3    0   0   0   0   0   0   0   0 100   0   0   0   0   0   0   0   0   0   0   0  0.84 0.00
   11 M    -1   4  -1  -2  -2   0  -1  -3  -1   0   1   1   4  -1  -2  -1  -1  -2  -1  -1    0  50   0   0   0   0   0   0   0   0   0   0  50   0   0   0   0   0   0   0  0.29 0.00
   12 N    -1  -1   4   0  -3  -1  -1  -1  -1  -3  -3  -1  -2  -4   6   0  -1  -4  -3  -3    0   0  50   0   0   0   0   0   0   0   0   0   0   0  50   0   0   0   0   0  0.97 0.00
   13 N    -1  -1   4   0  -2  -1  -1  -2  -1   1  -1  -1   0  -2  -2   0   0  -3  -2   2    0   0  50   0   0   0   0   0   0   0   0   0   0   0   0   0   0   0   0  50  0.22 0.00
   14 T     0  -2  -1  -1  -2  -1  -1  -2  -2  -2  -2  -1  -2  -3   6   1   3  -3  -2  -1    0   0   0   0   0   0   0   0   0   0   0   0   0   0  50   0  50   0   0   0  0.90 0.00
   15 I    -1  -3  -3  -3  -1  -3  -3  -4  -3   4   1  -3   1   0  -3  -2  -1  -3  -1   3    0   0   0   0   0   0   0   0   0  68   0   0   0   0   0   0   0   0   0  32  0.36 0.00
   16 H    -1   0   0   0  -3   1   3  -2   7  -3  -3   0  -2  -2  -2  -1  -1  -3   1  -3    0   0   0   0   0   0  36   0  64   0   0   0   0   0   0   0   0   0   0   0  0.62 0.00
   17 V     0  -2  -1  -2  -1  -1  -1  -2  -2   2   0  -1   0  -1  -2   2   1  -3  -1   3    0   0   0   0   0   0   0   0   0   0   0   0   0   0   0  36   0   0   0  64  0.18 0.00
   18 T     1  -1   0  -1  -1   0   0  -1  -1  -2  -2   0  -1  -2  -1   3   3  -3  -2  -1    0   0   0   0   0   0   0   0   0   0   0   0   0   0   0  57  43   0   0   0  0.39 0.01
   19 N    -1  -1   4   3  -3  -1   0  -1  -1  -3  -3  -1  -3  -4   5   0  -1  -4  -3  -3    0   0  43  24   0   0   0   0   0   0   0   0   0   0  33   0   0   0   0   0  0.74 0.01
   20 K     0   5  -1  -2  -3   1   0  -2  -1  -3  -2   3  -2  -3  -2   0  -1  -3  -2  -2   10  61   0   0   0   0   0   0   0   0   0  29   0   0   0   0   0   0   0   0  0.55 0.02
   21 K    -1   3   1  -1  -3   1   1   2  -1  -2  -2   2   1  -3  -2   0  -1  -3  -2  -2    0  28  11   0   0   0  10  19   0   0   0  21  11   0   0   0   0   0   0   0  0.27 0.01
   22 L    -1  -2  -2  -3  -2  -1  -2  -3  -2   1   3  -2   3   0   1   0  -1  -2  -1   0    0   0   0   0   0   0   0   0   0   0  57   0  18   0   8  17   0   0   0   0  0.26 0.02
   23 P    -1  -2   0  -1  -3  -1  -1  -2  -2  -3  -3  -1  -3  -4   7   0  -1  -4  -3  -3    0   0   8   0   0   0   0   0   0   0   0   0   0   0  82   9   0   0   0   0  1.65 0.04
   24 N    -2  -2   3   5  -4   0   2  -2  -1  -3  -4  -1  -3  -4   1   0  -1  -4  -3  -3    0   0  17  66   0   0   9   0   0   0   0   0   0   0   8   0   0   0   0   0  0.74 0.03
   25 F    -2  -3   0  -3  -3  -3  -3  -3  -1   0   1  -3   0   6  -4  -2  -2   0   2  -1    0   0   8   0   0   0   0   0   0   0  11   0   0  80   0   0   0   0   0   0  0.64 0.04
   26 L    -1  -1  -2  -3  -2  -1  -2  -3  -2   1   3   0   2   0   1   0  -1  -2  -2   0    0   0   0   0   0   0   0   0   0   0  58   8  11   0   7  17   0   0   0   0  0.21 0.02
   27 L     0   0   1   0  -2   3   0  -1  -1  -1  -1   1  -1  -2  -1   1   2  -2  -1  -1    1   1   8   1   0  26   1   1   0   1   8   9   0   1   1  18  22   0   0   1  0.19 0.01
   28 S     1  -1   0  -1  -1  -1  -1   2  -1  -3  -3  -1  -2  -3  -1   4   1  -3  -2  -2    0   0   0   0   0   0   0  15   0   0   0   0   0   0   0  85   0   0   0   0  0.51 0.05
   29 V    -1  -3  -3  -4  -1  -2  -3  -4  -1   2   0  -3   0   0  -3  -2  -1  -1   4   4    0   0   0   0   0   0   0   0   0   0   0   0   0   0   0   0   0   0  24  76  0.39 0.05
   30 R    -1   2   4   0  -3   0   0  -1   0  -3  -3   3  -2  -3   2   0  -1  -4  -2  -3    0  13  46   0   0   0   0   0   0   0   0  32   0   0   9   0   0   0   0   0  0.49 0.04
   31 L    -1  -2  -3  -3  -1  -2  -3  -3  -3   1   4  -2   3   0  -3  -2  -1  -2  -1   1    1   0   0   0   0   0   1   1   0   0  76   1  16   0   0   1   1   0   0   1  0.40 0.03
   32 K    -1   3   0  -1  -3   1   0  -2  -1  -3  -2   5  -2  -3  -1   0  -1  -3  -2  -2    1  15   0   0   0   0   1   1   0   0   1  77   0   0   0   1   1   0   0   1  0.54 0.04
   33 Y    -2  -1  -2  -3  -3  -1  -2  -3   1  -2  -1   0  -1   2  -3  -2  -2   2   7  -2    1   0   0   0   0   0   1   1   0   0   1   9   0   0   0   1   0   0  83   1  0.84 0.06
   34 V    -1  -3  -3  -4  -1  -3  -3  -4  -4   2   1  -3   0  -1  -3  -2   0  -3  -2   5    0   0   0   0   0   0   0   0   0   0   0   0   0   0   0   0   0   0   0 100  0.53 0.06
   35 K    -1   2  -1  -1  -4   1   0  -2  -1  -3  -3   6  -2  -4  -1  -1  -1  -4  -2  -3    0   0   0   0   0   0   0   0   0   0   0 100   0   0   0   0   0   0   0   0  0.72 0.07
   36 L    -2  -3  -4  -4  -2  -3  -3  -4  -3   2   4  -3   2   0  -3  -3  -1  -2  -1   1    0   0   0   0   0   0   0   0   0   9  91   0   0   0   0   0   0   0   0   0  0.55 0.05
   37 G     0  -3  -1  -2  -3  -2  -3   6  -2  -3  -1  -2  -2   1  -3  -1  -2  -2  -2  -3    0   0   0   0   0   0   0  83   0   0   8   0   0   9   0   0   0   0   0   0  0.82 0.05
   38 Y    -2  -2  -3  -4  -3  -2  -3  -4   1  -1   0  -2  -1   3  -4  -2  -2   2   7  -1    0   0   0   0   0   0   0   0   0   0   9   0   0   9   0   0   0   0  82   0  0.94 0.07
   39 H    -2   1   1  -1  -3   2   0  -2   7   0  -2   0  -1  -2  -2  -1  -2  -3   0  -2    0   8   9   0   0  14   0   0  55  14   0   0   0   0   0   0   0   0   0   0  0.51 0.05
   40 Y    -2  -2   1  -3  -3  -2  -2  -3   1  -2  -2  -2  -2   2  -3  -2  -2   2   8  -2    0   0   9   0   0   0   0   0   0   0   0   0   0   0   0   0   0   0  91   0  1.02 0.08
   41 L    -2  -3  -4  -4  -1  -3  -3  -4  -3   2   4  -3   2   0  -3  -3  -1  -2  -1   2    0   0   0   0   0   0   0   0   0   0  83   0   0   0   0   0   0   0   0  17  0.49 0.04
   42 I    -1  -3  -3  -3  -1  -2  -3  -4  -3   4   2  -3   2   0  -3  -2   0  -3  -2   2    0   0   0   0   0   0   0   0   0  53  22   0   9   0   0   0   9   0   0   7  0.33 0.03
   43 S     1  -1   3   0  -1  -1  -1  -1  -1  -2  -2  -1  -2  -3  -1   3   3  -3  -2  -1    9   0  23   0   0   0   0   0   0   0   0   0   0   0   0  31  36   0   0   0  0.37 0.03
   44 N    -2  -1   4   0  -3   0  -1  -1   6  -1  -2  -1  -1  -2  -2   0  -1  -3   0  -2    1   1  34   1   0   1   1   1  44  10   1   1   0   1   1   1   1   0   0   1  0.46 0.04
   45 A     0   0  -2  -2  -2  -2  -2   0  -2   0   2  -1   0   4  -2  -1  -1  -1   1   0   16   8   1   1   0   1   1   7   0   1  26   1   0  35   1   1   1   0   0   1  0.15 0.02
   46 V    -1  -2  -3  -3  -2  -2  -2  -3  -1   1   2  -2   2   5  -3  -2  -1   0   2   1    1   1   1   1   0   1   1   1   0   1  20   1   7  42   1   1   1   0   6  15  0.30 0.02
   47 Y    -1   0   1  -1  -2   0  -1  -2   0  -1  -1   2  -1   2  -2   0   1   0   3  -1    1   1   8   1   0   1   1   1   0   6   1  26   0   9   1   8  13   0  21   1  0.14 0.02
   48 I    -1  -2  -3  -3  -1  -2  -3  -3  -2   2   4  -2   2   1  -2  -2  -1  -1  -1   1    1   1   1   1   0   1   1   1   0  13  69   1   0   7   1   1   1   0   0   1  0.33 0.03
   49 L     0  -2  -2  -3   5  -2  -2  -2  -2   1   2  -2   1   1  -2  -1  -1  -2  -1   0   10   1   1   1  26   1   1   1   0   9  33   1   7   7   1   1   1   0   0   1  0.25 0.02
   50 I    -1  -2  -2  -3  -1  -2  -2  -3  -2   2   3  -2   1   3  -2  -2   0  -1   0   1    1   1   1   1   0   1   1   1   0  14  45   1   0  21   1   1  10   0   0   1  0.22 0.02
   51 L    -1  -2  -2  -2  -1  -2  -2  -3  -2   2   2  -2   1   2   1  -1  -1  -1   0   1    1   1   1   1   0   1   1   1   0  30  28   1   0  14   6   7   1   0   0   6  0.16 0.02
   52 P    -1  -2  -2  -2  -2  -1  -1  -2  -2  -2  -1  -1  -2  -3   7   0  -1  -3  -3  -2    1   1   1   1   0   1   1   1   0   1   7   1   0   1  75   8   1   0   0   1  1.40 0.05
   53 V    -1  -2  -3  -3  -1  -2  -2  -3  -3   2   3  -2   1   0  -2  -2  -1  -2  -1   2    1   1   1   1   0   1   1   1   0   7  60   1   0   1   1   1   1   0   0  22  0.30 0.02
   54 G     2  -2  -2  -2  -1  -1  -1   0  -2   1   1  -1   2  -1  -1   0   1  -2  -1   0   38   1   1   1   0   1   1   7   0   8  17   1  14   1   1   1   9   0   0   1  0.12 0.02
   55 L     1  -2  -2  -2  -1  -2  -2   0  -2   2   1  -2   0   1  -2  -1   0  -2  -1   2   20   1   1   1   0   1   1   9   0   7   7   1   0   8   1   1   1   0   0  40  0.11 0.02
   56 L    -1  -2  -2  -2  -1  -2  -2  -3  -2   2   3  -2   1   0  -2  -1   2  -2  -1   1    1   1   1   1   0   1   1   1   0  20  42   1   0   1   1   1  21   0   0   7  0.20 0.02
   57 A     3  -2  -2  -2  -1  -1  -1  -1  -2   1   0  -1   0   0  -1   0   0  -2  -1   2   41   1   1   1   0   1   1   1   0   6   1   1   0   7   1   6   1   0   0  30  0.15 0.02
   58 A     2  -2  -2  -2  -1  -1  -2   0  -2   1   1  -1   2   1  -2   0   0  -2  -1   1   25   1   1   1   0   1   1   8   0   1   9   1  13   9   1   1   6   0   0  20  0.08 0.01
   59 T    -1   0   1   0  -2   1   2  -2  -1   0   0   1   0  -2  -2   1   1  -3  -2   0    0   0  10   0   0   6  22   0   0   6  12  13   0   0   0   8  16   0   0   7  0.14 0.02
   60 S     2  -2  -1  -2  -1   0   0   0  -2   1   0  -1   0  -2  -2   1   0  -3  -2   1   26   0   0   0   0   7   6   6   0  22  11   0   0   0   0  17   0   0   0   6  0.10 0.02
   61 S     0   1   0  -1  -2   0   1  -1   2  -2   0   0  -1  -2  -2   3   0  -3  -1  -2    0  11   0   0   0   0   7   0   9   0  17   0   0   0   0  55   0   0   0   0  0.24 0.05
   62 S    -1   3  -1  -2  -2   1  -1  -2  -1  -1   0   1  -1  -2  -2   1   2  -3  -2   0    0  31   0   0   0   5   0   0   0   0  10   5   0   0   0  19  23   0   0   7  0.23 0.03
   63 F    -1  -1  -3  -3  -2  -2  -3   1  -2   1   2  -2   2   4  -3  -2  -2  -1   1   1    0   5   0   0   0   0   0  14   0   5  21   0  10  35   0   0   0   0   0   9  0.23 0.03
   64 S     0  -1   1  -1   3  -1  -1   0   2  -2  -1  -1   0  -2  -2   3   2  -3  -1  -1    0   0  10   0  11   0   0   5  10   0   7   0   5   0   0  37  15   0   0   0  0.22 0.04
   65 L    -1  -2  -2  -3  -2  -2  -2  -1  -2   1   1  -2   0   3   3  -1   1  -2   0   1    0   0   0   0   0   0   0   5   0  11  17   0   0  20  19   0  17   0   0  11  0.25 0.03
   66 T    -1  -1   2   1  -2   0   1  -2  -1   1  -1  -1  -1   2   1   0   1  -2   0   0    0   0  16   9   0   6  11   0   0  19   0   0   0  17   5   7  10   0   0   0  0.11 0.02
   67 D    -1   0   2   5  -3   0   2  -2   1  -2  -1   0  -2  -3  -2   0  -1  -4  -2  -2    0   7  10  47   0   0  11   0   5   0  11   0   0   0   0   9   0   0   0   0  0.42 0.04
   68 L    -1  -2  -2  -1  -2  -1   2  -3  -2   1   3  -1   2  -1   2  -1   0  -2  -2   0    0   0   0   0   0   0  22   0   0   5  46   0   9   0  11   0   7   0   0   0  0.23 0.04
   69 T     0   0  -1  -1  -2   2   1  -2   2  -1  -1   0  -1  -2   2   1   0  -2   0  -1   10   5   0   0   0  16  14   0   6   5   5   5   0   0  11  14   4   0   5   0  0.19 0.02
   70 L    -1  -1   2  -1  -2   1  -1  -2  -1   1   3   0   1  -1  -2   0  -1  -2  -1   0    1   0  17   0   0   9   0   1   0  10  47   6   0   0   0   6   0   0   0   0  0.14 0.03
   71 L    -1  -2  -3  -3  -2  -2  -3  -3  -2   1   2  -2   1   3  -3   0  -1   4   1   1    0   0   0   0   0   0   0   0   0  12  39   0   0  17   0  15   0   7   5   5  0.25 0.03
   72 Y    -1  -2  -2  -2  -2  -1   0  -3  -1   1   1  -2   0   1  -3   0  -1   8   3   0    0   0   0   0   0   0   9   0   0  10  17   0   0   0   0  12   0  27  20   5  0.51 0.05
   73 N    -1  -1   3  -1  -2  -1   0  -2  -1   0   2   0   0  -1  -2   0   1  -3  -2   0    0   0  26   0   0   0   5   0   0   5  41   7   0   0   0   6  10   0   0   0  0.15 0.03
   74 H    -1   0   1  -1  -2   2   0  -2   5  -2  -2   0  -1   2  -2   1   1  -1   3  -2    0   0   6   0   0  17   0   0  24   0   0   8   0  11   0  10  10   0  12   0  0.26 0.03
   75 L     0  -2  -1  -2  -2  -1  -2  -3   2   1   2  -2   1  -1  -2   0   2  -2  -1   0    6   0   0   0   0   0   0   0  12  10  40   0   0   0   0   5  27   0   0   0  0.19 0.04
   76 L    -1  -1  -2  -2  -1   0  -1  -2  -1   0   2  -1   0   3  -2  -1   0   4   1   0    2   1   1   2   1   7   2   2   1   1  25   2   1  28   1   2   7   7   1   8  0.16 0.02
   77 K    -1   1   1   1  -2   3   0  -2   3   0   0   0   0  -2  -2  -1  -1  -3  -1   0    0   4   6   7   0  35   0   0  12   9   9   4   0   0   0   0   0   0   0  11  0.18 0.03
   78 F    -1  -1   1  -1  -2  -1  -1  -2   3  -1  -1  -1  -1   3  -2   1   1   0   4  -1    0   0  11   0   0   0   0   0  13   0   6   0   0  18   0  19  10   0  20   0  0.23 0.03
   79 H    -1   1   3   3  -3   0   1  -1   3  -3  -3   0  -2   1  -2   1  -1  -3  -1  -3    0  11  24  24   0   0   5   0  14   0   0   0   0   9   0   9   0   0   0   0  0.31 0.03
   80 F    -1  -2  -2  -3  -2  -2  -2   0   2   0   2  -2   1   3  -2  -2   0  -1   1   0    1   1   0   1   0   0   1  10   9   1  41   1   0  26   1   1   6   0   0   1  0.19 0.03
   81 L     0  -2  -2  -2  -1   1  -1  -2  -2   2   2  -1   1   1  -2  -1   0  -2  -1   2   13   0   0   0   0  14   0   0   0  11  24   0   0   7   0   0   6   0   0  22  0.12 0.02
   82 S     0  -1   0  -1  -2   0  -1   0   1  -2  -2  -1  -1   1   2   3   2  -2  -1  -2    4   0   0   0   0   5   0   5   5   0   0   0   0   9  10  38  23   0   0   0  0.27 0.04
   83 S     0  -1  -3  -3  -2  -2  -2  -3  -3   3   1  -2   1   1   1  -1  -1  -2  -1   2    4   6   0   0   0   0   0   0   0  24  15   0   0   9   7   4   0   0   0  31  0.19 0.03
   84 T    -1  -2  -2  -3  -1  -2  -3  -3  -3   2   2  -2   1   2  -3  -1   2  -2   0   2    0   0   0   0   0   0   0   0   0  20  26   0   0  16   0   5  20   0   0  14  0.21 0.03
   85 L     1  -2  -2  -2   3  -1   0   0  -2   0   1  -2   1   1   1  -1   0  -2  -1   0   20   0   0   0  10   0   9   7   0   4  19   0   5   9   7   0   6   0   0   5  0.08 0.02
   86 F     0  -3  -2  -3   4  -2  -2  -2  -2   1   1  -2   0   3  -3   1  -1  -1   0   1    4   0   0   0  15   0   0   0   0   9  15   0   0  27   0  19   0   0   0  12  0.21 0.03
   87 A     1  -1  -1  -2  -2  -1  -1  -2  -2   0   0   0   0   3   2   1   0  -1   0  -1   13   0   0   0   0   0   0   0   0   5  11   7   0  27  10  23   4   0   0   0  0.16 0.03
   88 A     2  -2  -2  -3   3  -2  -2   0  -2   1   1  -2   1   2  -2   0   0  -2   0   1   31   0   0   0   9   0   0   7   0   7  16   0   5  15   0   0   5   0   0   6  0.13 0.02
   89 L    -1  -2  -2  -3  -2  -2  -3   1  -2   1   2  -2   1   2  -3   0  -1  -1   1   1    0   0   0   0   0   0   0  14   0   4  39   0   0  15   0   9   0   0   5  14  0.17 0.03
   90 L     0  -2  -3  -3  -1  -2  -3  -3  -3   2   3  -2   1   1  -3  -1   1  -2  -1   2    7   0   0   0   0   0   0   0   0  13  44   0   0   6   0   0  14   0   0  17  0.25 0.04
   91 I    -1  -3  -3  -3  -2  -3  -3  -3  -3   3   1  -3   1   4  -3  -1  -1  -1   0   2    4   0   0   0   0   0   0   0   0  30  13   0   0  27   0   5   0   0   0  22  0.29 0.04
   92 F     0  -2  -3  -3  -2  -2  -2  -3  -1   0   1   0   0   5  -3  -1  -1   0   3   0    8   0   0   0   0   0   0   0   0   0  15   9   0  45   0   3   0   0   9  11  0.33 0.05
   93 L    -1  -3  -3  -3  -2  -3  -3   1  -3   4   1  -3   0  -1  -3  -2   0  -3  -2   3    0   0   0   0   0   0   0  16   0  49   9   0   0   0   0   0   5   0   0  22  0.31 0.06
   94 T     0  -2  -2  -3  -2  -2  -2  -2   1   0   2  -2   1   2  -3   1   0   6   0  -1    5   0   0   0   0   0   0   0   6   0  34   0   3  13   0  23   3  14   0   0  0.29 0.06
   95 T     1  -1  -1  -2   1  -1  -1   0  -2   1   0   1   0  -2  -2   0   2  -3  -2   0   16   0   0   0   5   0   0   6   0  11  13  18   0   0   0   0  28   0   0   4  0.12 0.04
   96 L    -1  -1  -3  -4  -2  -2  -3  -4  -2   3   2  -2   1   2  -3  -2  -1  -2   1   2    3   5   0   0   0   0   0   0   0  32  23   0   0  11   0   0   0   0   6  20  0.27 0.05
   97 Y    -2  -3  -3  -3  -3  -2  -3   1   0   1  -1  -3  -1   2  -3  -2  -2   1   7   0    0   0   0   0   0   0   0  16   0  11   0   0   0   3   0   0   0   0  63   7  0.68 0.11
   98 F    -1  -2  -1   1  -2   0  -1  -3   2   0   0  -2   0   4  -3   0   1  -1   1   0    0   0   0  11   0   6   0   0   7   7   4   0   3  36   0   4  16   0   0   7  0.19 0.05
   99 T     0   0  -1  -2  -2  -1  -1  -2  -2  -1   0   0   3   0  -2   1   3  -2   1   0    9   5   0   0   0   0   0   0   0   0   3   6  22   5   0   9  33   0   5   3  0.19 0.08
  100 T     1   0   0  -1  -2  -1  -1  -1  -2  -1  -1   1  -1  -3  -2   3   3  -3  -2  -1    6   5   3   0   0   0   0   0   0   4   5  13   0   0   0  38  26   0   0   0  0.29 0.09
  101 R    -2   5   1  -2  -4   1  -1   0  -1  -3  -3   2  -2  -4   2  -1   1  -3  -3  -3    0  50   5   0   0   4   0   8   0   0   0  13   0   0   9   0  10   0   0   0  0.53 0.11
  102 P    -2  -1   2   2  -3  -1  -1  -2  -2  -3  -4  -1  -3  -4   6   0   1  -4  -3  -3    0   4  12  14   0   0   0   0   0   0   0   0   0   0  55   5  10   0   0   0  1.10 0.16
  103 R    -1   4   1   0   1   1   0  -2  -1  -1  -3   3  -2  -3  -2   1   0  -3  -2  -2    0  34   6   4   4   7   0   0   0   6   0  23   0   0   0  13   4   0   0   0  0.37 0.11
  104 R     0   0   3   0  -2  -1   0  -2  -1  -2  -3   0  -2  -3   4   2   1  -4  -3  -2    9   3  25   3   0   0   6   0   0   4   0   4   0   0  21  18   8   0   0   0  0.41 0.10
  105 I     0  -3  -3  -4   5  -3  -3  -4  -4   3   0  -3   0  -2  -3  -1  -1  -4  -2   4    5   0   0   0  18   0   0   0   0  17   0   0   0   0   0   5   0   0   0  55  0.56 0.16
  106 F    -1   1  -3  -4  -3  -2  -3   1   0  -2  -1  -2  -2   3  -4  -2  -2   0   7  -2    5  10   0   0   0   0   0  11   0   0   5   0   0   9   0   0   0   0  59   0  0.81 0.20
  107 L    -1  -2  -3  -3  -2   1  -2  -4  -3   2   4  -2   3  -1  -3  -2  -2  -3  -2   1    3   0   0   0   0  12   0   0   0  15  53   0  11   0   0   0   0   0   0   4  0.42 0.13
  108 L     0   0  -3  -4  -2  -2  -3  -4  -3   2   3  -2   1  -1  -3  -2  -1  -3  -2   2   10   8   0   0   0   0   0   0   0   8  48   0   0   0   0   0   3   0   0  24  0.36 0.12
  109 D    -1  -2   1   6  -3  -1   0   1   1  -4  -4  -2  -4  -4  -2   2  -1  -5  -3  -4    2   0   2  56   0   0   0  12   4   0   0   0   0   0   0  24   0   0   0   0  0.78 0.20
  110 F    -2  -3  -3  -4  -3   0  -3  -4  -1   0   0  -3  -1   6  -4  -3  -1   0   5   0    0   0   0   0   0   6   0   0   0   4   3   0   0  42   0   0   4   0  30   9  0.73 0.18
  111 A     0  -2  -1  -1  -2   0   0   4  -2  -3  -3  -1  -2  -3  -2   3   2  -3  -3  -2    5   1   0   1   0   6   4  35   0   1   1   1   0   0   1  31  13   0   0   1  0.44 0.13
  112 C     3  -3  -3  -3   8  -2  -3  -2  -3  -2  -2  -1  -2  -3  -3   0   0  -3  -3  -2   27   0   0   1  51   0   1   1   0   0   1   4   0   0   0   6   5   0   0   1  1.00 0.23
  113 Y    -4  -3  -2  -4  -4  -3  -4  -3   4  -3  -3  -4  -3   1  -4  -3  -3   0   9  -3    1   0   1   0   0   0   0   2  11   0   1   0   0   1   0   0   0   0  78   0  1.90 0.48
  114 K    -1   2  -2  -3  -2   0  -2  -3  -2   0   3   1   1  -2   1  -1  -1  -3  -2   0    3  11   0   0   0   4   1   1   0   0  45  13   2   0   6   2   4   0   0   6  0.28 0.16
  115 P    -2  -5  -5  -4  -6  -4  -4  -3  -5  -6  -6  -4  -5  -7   9  -4  -4  -7  -6  -5    3   0   0   0   0   0   0   2   0   0   0   0   0   0  95   0   0   0   0   0  2.87 0.69
  116 D    -2  -2   2   2  -4  -1   2  -2   1  -3  -3  -1  -1  -4   5  -1   1  -4  -3  -2    1   1  11  11   0   0  16   1   3   1   1   2   2   0  36   4   8   0   0   2  0.73 0.25
  117 S    -1   0   1   2   0  -1   0  -2  -1   0  -1  -1  -1  -2   3   0   0  -2   1   0    4   5   7  18   3   1   5   2   1   5   5   2   1   1  16   8   3   0   6   7  0.19 0.09
  118 S    -1   1  -1   0  -2   0   1  -2   3  -1  -2   0  -1   1   0   1   0  -1   2  -1    3  11   1   4   1   3  10   2   9   5   2   6   1   7   3  14   6   0  10   4  0.12 0.08
  119 L    -2   4  -1  -2   1   0  -1  -3   3   0   1   0  -1   1  -1  -2  -2  -3   0  -2    1  33   2   1   3   4   3   1   9   5  20   3   1   6   2   1   1   0   3   1  0.33 0.20
  120 I    -2   3  -3  -3  -3   4  -2  -4  -2   1  -1   2   0  -3  -3  -2  -1  -4  -2   3    0  16   0   0   0  25   0   0   0   9   5  13   3   0   1   1   2   0   1  24  0.45 0.28
  121 C     0  -3  -2  -2   0  -3  -2  -3  -4   2   1  -3  -1  -2  -3   1   0  -4  -1   4    9   0   1   2   2   0   2   1   0  14  13   1   0   1   0  12   4   0   2  37  0.35 0.23
  122 T    -2  -4  -1   1  -4  -3  -2  -2  -4  -3  -4  -3  -4  -5   3   2   6  -5  -4  -3    2   0   3   8   0   0   1   2   0   1   1   1   0   0  15  17  51   0   0   0  0.95 0.46
  123 R    -3  -2   5  -1  -4   1  -2   0  -1  -3  -3   0   1   0  -3  -2   0  -3   5  -1    1   1  35   2   0   7   1   7   1   1   1   5   5   4   1   1   4   0  21   4  0.58 0.34
  124 E     1  -2  -2   2  -4   3   2  -2   1  -4  -4  -1  -3  -3   4   2  -2  -5  -3  -4   10   1   0  13   0  14  12   2   4   0   0   3   0   1  18  21   1   0   0   0  0.53 0.30
  125 T    -2  -1   0   6  -5   0   2  -4  -3  -1  -4  -1  -4  -1  -3   0   1  -5   0  -2    2   2   3  45   0   3  13   0   0   4   0   3   0   2   0   6   9   0   4   3  0.69 0.34
  126 F    -2  -4  -5  -5  -1  -4  -5  -5   0   1   4  -4  -1   5  -5  -2  -1  -2   3   0    3   0   0   0   1   0   0   0   2   7  40   0   0  27   0   2   3   0   9   6  0.72 0.33
  127 M     1  -3  -3  -3   0  -2   0  -2  -2   0   0  -2   2   0   1   0   0  -2   4   1   11   0   0   0   3   0   7   3   0   5   7   1   8   1   9   7   7   0  21  10  0.24 0.20
  128 D     0  -2   2   2  -4   0   3  -2  -2  -4  -3   1  -2   4  -3  -1   0  -3  -2  -3    7   0  10  11   0   3  25   3   0   0   0  10   0  23   0   2   5   0   0   0  0.47 0.29
  129 R    -3   5   0  -3  -5   1   0  -3   4  -1   0   0   2  -1  -4  -2  -1  -4  -2  -2    0  41   4   1   0   5   6   1  11   4   8   3   6   3   0   1   4   0   1   1  0.59 0.32
  130 S     0  -4  -3  -1  -3  -3  -2  -4  -4   4   1  -3   0  -2  -4   0   0  -4  -3   4    8   0   1   5   0   0   2   0   0  29  12   0   1   1   0   7   4   0   0  29  0.47 0.27
  131 Q     1   1  -1   1  -3   0   1  -2  -2  -1   0   0   0  -3  -2   0   3  -3  -1   0   11  11   2   8   0   2  10   1   0   2   8   4   3   0   0   4  24   0   2   7  0.17 0.16
  132 R    -2   1   3  -1  -3   0   2  -2  -2  -2  -1   1  -2  -3  -1   1   3  -4  -1  -2    0   8  19   2   0   2  13   2   0   1   6  11   0   1   2   8  21   0   2   1  0.31 0.22
  133 V    -1  -1   4   0  -3   0  -1  -2  -2  -1  -2   0  -3  -4  -3   4   1  -4  -3  -2    2   3  23   4   0   3   2   1   0   3   4   5   0   0   0  37  10   0   0   3  0.52 0.30
  134 G    -1  -1   0   3  -1   2   2   2  -2  -3  -2   1   0  -1  -3  -1  -1  -4  -3  -3    5   3   3  23   2  11  17  15   0   0   3   7   3   3   0   2   2   0   0   1  0.35 0.20
  135 I    -1  -1   1   1   0   0   0  -2   6   1   0   0  -1  -1  -2  -1  -2  -2  -1   0    3   1   6   9   3   5   5   1  26   8   8   7   1   2   1   4   1   1   1   8  0.29 0.17
  136 F    -1  -1  -1   2  -1  -1   2  -3  -2  -1   2   1   2   3  -2  -1  -1   0   0  -1    3   2   1  11   1   1  15   1   0   2  21   9   7  15   1   2   2   1   1   1  0.19 0.15
  137 T    -1  -1   1   1  -2   0   1  -1  -1  -2  -1   0  -2  -3  -1   0   4  -3  -2   0    5   2   5  10   0   2  11   5   1   2   4   4   0   1   2   5  33   0   1   6  0.27 0.17
  138 E     0  -1   0   2  -3   1   3  -1   0  -2  -1   0  -2  -3   0   2   0  -3  -2  -2    6   1   3  12   0   6  23   4   3   1   7   5   0   1   5  17   3   0   1   2  0.24 0.14
  139 D    -1  -1  -1   3  -2  -1   1  -2   0  -1   1  -1   2  -2   0   0   0  -3  -2  -1    4   3   2  23   0   1  10   3   3   2  20   3   7   1   3   6   5   0   1   2  0.19 0.14
  140 N     0   0   0   0  -2   1   0  -1  -1   0  -1   2   0  -1  -1   1   0  -2  -1   0    7   3   4   3   1   5   5   2   1   5   7  23   3   2   2  11   6   0   1   8  0.09 0.07
  141 L    -1   0   0   1  -2   1   2  -1  -1   0   0   1   0  -1  -1   0   0  -1   0  -1    4   6   4  10   1   4  19   3   1   6  11   8   1   3   2   5   4   0   4   5  0.09 0.05
  142 A     0   0  -1   1  -2   1   2  -1  -1  -2  -2   3  -2  -2   0  -1   2  -2  -2  -2    7   3   2   9   1   4  13   5   1   2   3  25   1   1   3   3  14   0   1   2  0.23 0.12
  143 F    -1  -1  -1  -2  -2  -2  -2  -2  -2  -1   0   0  -1   6  -2   1  -1  -1   0  -1    3   3   2   2   1   2   2   3   1   3  10   7   1  39   2  13   2   0   1   2  0.43 0.18
  144 Q    -1   0   0   2  -1   2   0  -1  -1   0   0   1   0   0  -1  -1   0  -1  -1   0    5   3   3  13   1  15   4   3   1   7  11  11   2   4   2   3   4   1   1   5  0.08 0.06
  145 Q    -2   1  -3   1  -5   1   6  -4   0  -5  -2   0  -2  -5  -3  -3  -2  -5  -4  -4    3   8   1   7   0   5  57   1   2   1   5   4   1   0   1   1   2   0   0   1  1.05 0.48
  146 K    -7   4  -4  -7  -7  -5  -6  -7  -1  -7  -6   1  -6  -5  -7  -6  -5  12  -3  -6    0  24   1   0   0   0   0   0   1   0   0   8   0   0   0   0   1  64   0   1  3.23 1.07
  147 I    -3  -7  -7  -7  -6  -7  -7  -8  -7   8  -1  -7   4  -4  -7  -6  -4  -7  -6   0    3   0   0   0   0   0   0   0   0  82   4   0   8   0   0   0   1   0   0   2  2.19 0.81
  148 L    -2   2  -4  -4   6   0  -2  -5  -1   0   0  -1   1   0  -4   0   0  -4   0   2    1  14   0   0  18   4   2   0   2   4   8   4   3   4   0   6   7   0   4  18  0.43 0.28
  149 E    -1  -1  -1   1  -3   2   3  -4  -3  -4  -4   1  -4  -5  -4   2   3  -5  -4  -2    5   2   3   7   0  10  20   0   0   0   1   9   0   0   0  18  21   0   0   3  0.54 0.36
  150 R    -4   7  -1  -5  -7  -1  -3  -5  -3  -7  -6   3  -2  -7  -6  -1  -3  -7  -6  -6    1  70   3   0   0   2   1   0   0   0   0  17   1   0   0   4   1   0   0   0  1.89 0.76
  151 S    -3  -5  -4  -5  -5  -5  -5  -5  -6  -3  -6  -5  -3  -6  -5   4   7  -7  -6  -3    2   0   0   0   0   0   0   0   0   1   0   0   1   0   0  32  63   0   0   1  1.81 0.82
  152 G    -2  -3  -4  -6  -6  -2  -6   7  -4  -7  -6  -1   4  -7  -6  -4  -2  -1  -7  -6    3   2   0   0   0   2   0  78   0   0   0   3   9   0   0   0   2   1   0   0  1.91 0.75
  153 L    -6  -7  -8  -8  -6  -7  -8  -8  -8   8   0  -7   0  -4  -7  -7  -3  -7  -6   1    0   0   0   0   0   0   0   0   0  85   5   0   2   0   0   0   1   0   0   7  2.30 0.83
  154 G    -2   5  -2  -4  -4   0   0   1   1  -4  -3   5  -4  -4  -4   0  -2  -6  -4  -4    2  28   1   0   0   3   7  12   3   1   2  32   0   0   0   7   2   0   0   0  0.78 0.42
  155 Q    -1   0   0  -1  -6   4   5  -5  -3  -6  -6   3  -4  -4  -4   0   2  -6  -5  -5    4   5   3   3   0  16  34   0   0   0   0  18   0   1   0   5  11   0   0   0  0.84 0.47
  156 K    -6   8  -5  -3  -8  -1   0  -7  -5  -8  -7  -2  -6  -8  -7  -4  -6  -8  -6  -7    0  90   0   2   0   2   5   0   0   0   0   1   0   0   0   1   0   0   0   0  2.65 0.98
  157 T    -4   5  -2  -5  -6  -3  -4  -5   8  -5  -2  -3   3  -2  -5  -3   1  -5   2  -4    1  33   1   0   0   0   0   0  32   0   3   0   8   1   0   1  10   0   7   1  1.36 0.61
  158 Y    -2  -2  -3  -3   1  -2  -3  -3   3   3   1  -2  -1   3  -3  -2  -2   3   4   1    2   2   1   1   3   1   1   2   9  19  11   2   1  11   1   3   1   3  17  10  0.42 0.21
  159 F     4  -3  -3  -3  -2  -2  -2  -2  -3   0   2  -2   1   0  -2  -1  -1  -3  -1   1   36   1   1   1   0   1   1   2   0   6  21   1   4   3   1   5   2   0   2  11  0.36 0.22
  160 P     2  -1   1   0  -2  -1  -1   0  -2  -2  -2  -1  -2  -3   3   0   3  -3  -2  -1   17   2   7   5   1   3   3   7   1   1   5   3   1   1  14   6  20   0   1   3  0.27 0.16
  161 E    -1   1  -1   2  -3   0   5  -2  -2  -3  -2   0  -2  -3   2  -1  -2  -3  -2  -2    4   9   2  12   1   2  38   3   1   2   3   4   1   1   9   3   2   0   1   3  0.52 0.23
  162 A     0  -1   1   2  -1  -1   3   2  -1  -2  -2  -1  -2  -1  -1   0   0  -2  -2  -2    6   2   6  13   1   2  27  14   1   3   4   3   1   2   3   5   5   0   1   3  0.26 0.14
  163 L    -1  -1  -1  -1  -1  -1   0  -1  -1   2   0  -1   1   0  -1   0   0  -1   0   1    4   3   2   3   1   2   9   6   2  19   9   3   5   5   2   5   7   1   2  11  0.06 0.05
  164 L    -1  -1  -1  -1  -1   0  -1  -1   1   1   2  -1   1   1  -1   0   0   0   0   0    4   3   2   3   1   4   4   4   4   7  30   3   2   7   3   6   5   1   2   5  0.09 0.05
  165 R     0   1   0  -1   0   0   1  -1   0  -1  -1   2  -1  -1   0   1   0  -1   0  -1    7   6   4   3   2   3   8   5   3   3   6  20   1   2   3  10   6   1   4   4  0.09 0.05
  166 V     0   0   0   0  -1   0   1   0   0   0  -1   1  -1  -1   0   0   0  -1  -1   0    8   5   3   5   1   4  13   5   3   8   7   9   1   3   4   9   4   1   2   7  0.04 0.02
  167 P    -1   0   3   0  -1   0   0   0   1  -1  -1  -1  -1  -1   3   0  -1  -1   0  -1    5   5  16   4   1   3   8   7   4   3   5   3   2   2  14   7   3   1   4   4  0.17 0.07
  168 P    -1  -1  -1  -1  -2   1   0  -1   2  -1   0  -1  -1  -2   5  -1  -1  -2  -1  -1    5   3   3   4   1   6   7   6   5   3   9   4   1   2  28   4   4   1   2   3  0.36 0.11
  169 N     0   1   2   1  -1   0   1   1   0  -1  -1   0  -1  -1  -1   0   0   0  -1  -1    4   8  14   6   1   3   8  10   2   3   5   6   1   3   3   8   7   1   2   4  0.08 0.03
  170 P     0  -1  -1   0  -1   0   1  -1  -1   1   0   0   1  -1   1   0   0  -1  -1   0    5   3   3   7   1   5   9   4   1  10  12   5   6   3   8   6   5   1   2   7  0.04 0.02
  171 C     0   0   0  -1   4  -1  -1  -1  -1  -1   0  -1  -1  -1  -1   1   2  -1  -1   0    7   4   6   3  13   2   3   4   1   4   9   3   1   2   3  11  15   1   2   6  0.13 0.06
  172 M     1  -1  -1  -1  -1  -1   0  -1  -1   2   1  -1   1   0   0   0   1  -1  -1   0   11   3   2   3   1   2   6   3   1  16  12   3   6   4   4   8   8   0   1   4  0.04 0.05
  173 S     1   0   0   0  -1   0   0   0   1  -1  -1  -1  -1   0   0   1   0   0   3  -1   14   6   3   4   2   3   5   5   3   3   6   3   1   3   5  11   4   1  16   3  0.09 0.07
  174 E     0   0   0   4  -2   0   1   0  -1  -1  -1   0   0  -2  -1   0  -1  -2  -2  -1    9   4   4  27   1   3   7   5   1   3   6   7   4   1   2   7   3   0   1   4  0.20 0.10
  175 A     3  -1  -1  -1  -1   0   0   1   1  -1  -1  -1  -1  -1   0   0  -1  -2  -1   0   32   2   2   3   1   3   6   9   4   2   7   3   1   2   5   6   2   0   1   8  0.15 0.10
  176 R     0   2   1   1  -2   0   1  -1   1  -1  -2   1  -1  -2   1   0   0  -1   0  -1    8  17   6  10   1   2   7   4   5   3   4   6   1   1   7   7   4   1   3   3  0.13 0.07
  177 K    -2  -1   0   0  -4   3   5  -3  -1  -3  -2   0  -2  -4  -2   0  -1  -4  -3  -2    3   3   3   4   0  14  43   1   1   2   3   5   1   1   2   8   3   0   0   3  0.61 0.30
  178 E     0  -1   1   3  -3   1   3  -2  -1  -3  -2   0  -1  -2  -2   1   2  -3   0  -2    9   1   6  17   0   5  22   2   1   1   3   3   1   2   1   8  13   0   3   1  0.30 0.18
  179 A     2  -2  -2  -2  -1  -2  -2  -3  -3   0  -1  -3   1  -2  -2   0   4  -2  -3   3   17   1   1   1   1   0   3   1   0   5   4   1   3   1   2   7  28   1   0  23  0.38 0.25
  180 E     2  -2  -2  -1  -1  -1   0  -2  -1  -1  -2  -1  -2  -2   2   3   1  -3  -1   1   16   1   1   2   1   2   6   1   2   3   2   3   1   2  12  26   7   0   2  11  0.26 0.20
  181 T    -1   0  -1   3  -3   0   1  -2   0  -2  -3   1  -1  -2  -2   1   3  -4  -1  -1    4   4   1  23   0   3   8   2   2   1   1  11   2   2   1   9  20   0   2   3  0.31 0.20
  182 V    -2  -2  -5  -5  -4  -4  -4  -5  -4   2   4  -4   6   0  -3  -3  -2  -4  -2   1    3   3   0   0   0   0   0   0   0   8  45   0  25   3   1   1   2   0   1   7  0.90 0.40
  183 M     4  -3  -3  -2   2  -3  -3   4  -4  -1  -3  -3   0  -3  -3   0  -2  -4  -2  -1   41   1   0   2   4   0   0  30   0   4   2   1   3   1   0   5   1   0   1   4  0.67 0.34
  184 F     0  -2  -3  -3  -2  -2  -2  -2  -2   1   0   1  -1   2  -1  -1   1   1   2   2   10   0   1   0   1   1   1   2   0  10   9  11   1  11   3   2   9   2   7  19  0.17 0.15
  185 G     0   1   1   1  -4   1   4   0   0  -3  -4   1  -3  -3  -2  -1  -2  -4  -3  -3    8   9   6   5   0   6  38   6   2   1   1   9   0   1   1   2   2   0   1   2  0.49 0.27
  186 A     6  -5  -5  -4  -4  -4  -4  -3  -5  -3  -4  -4  -4  -5  -4  -1  -2  -6  -5   1   83   0   0   1   0   0   0   1   0   1   1   0   0   0   0   3   1   0   0   8  1.54 0.63
  187 I     5  -4  -4  -4  -2  -3  -4   0  -4   0  -1  -4  -2  -4  -4   1  -2  -5  -4   0   64   0   0   1   1   1   0   5   0   4   6   0   1   0   0  11   1   0   0   5  0.92 0.45
  188 D    -1   3  -1   0  -4   2   2  -2  -1  -2   0   3   0  -4  -2  -2  -1  -4  -3  -1    4  22   2   6   0  11  13   2   1   2   9  18   2   0   1   1   4   0   0   3  0.34 0.22
  189 A     0   3   2   1  -3   2   1  -1  -1  -3  -2   4  -2  -4  -2  -1  -1  -4  -3  -3    8  14  12   6   0   9   6   3   1   1   4  28   1   0   1   2   2   0   0   1  0.40 0.24
  190 V     6  -4  -5  -4   1  -4  -4  -3  -5  -2   2  -4  -2  -4  -4  -2  -3  -5  -4  -1   70   0   0   1   3   0   0   0   0   2  20   0   1   0   0   0   0   0   0   2  1.19 0.54
  191 L    -4  -5  -6  -6  -1  -4  -5  -6  -5   5   4  -4   2   1  -5  -5  -3  -4  -3  -1    0   0   0   0   1   1   0   0   0  36  50   1   3   6   0   0   1   0   0   1  1.09 0.44
  192 E     2   0  -1   1  -4   1   4  -3  -1  -2  -4   3  -3  -4  -3   0  -1  -5  -3  -3   16   5   2   7   0   5  29   1   1   2   1  24   0   0   0   4   3   0   0   0  0.53 0.30
  193 K     1   3   2   2  -1   0   2  -2   0  -3  -3   2   2  -4  -3  -1  -2  -4  -3  -3   11  20   9  11   1   3  15   2   2   0   1  11   8   0   0   4   1   0   0   1  0.37 0.23
  194 T     5  -2  -2  -3  -2  -3  -3  -2  -1  -4  -3  -2  -2  -4  -4   1   1   7   0  -3   52   2   2   1   1   0   0   1   2   0   1   2   1   0   0  10   7  16   3   0  0.96 0.45
  195 G    -2  -1   2  -1  -2   0   0   6  -1  -6  -5   1  -2  -5  -2  -2  -4  -5  -5  -5    2   3   9   3   1   3   5  61   1   0   1   9   1   0   1   1   0   0   0   0  1.05 0.42
  196 V    -2   0  -4  -4  -2   2  -2  -3  -3   4   2  -2   1  -2  -4  -3  -1   1  -2   2    3   7   0   0   0  10   1   2   0  34  19   1   3   1   0   1   2   2   1  12  0.45 0.26
  197 N     0  -1   1   4  -3   0   1  -2  -1  -4  -3   0  -3  -5   3   1   1  -5  -4  -3    6   3   7  24   0   3   7   2   1   0   2   5   0   0  15  13  12   0   0   1  0.47 0.25
  198 P     3  -2  -4  -4  -4  -3  -3  -2  -3   0  -2   3  -2  -5   6  -2  -2  -5  -3  -1   23   1   0   0   0   0   0   2   0   5   3  19   1   0  36   1   1   0   1   5  0.86 0.39
  199 K     1   0   1   2  -3   1   2  -2  -2  -4  -4   2  -2  -4  -3   3   0  -5  -4  -3   12   4   6  11   0   4  17   2   0   0   1  13   1   0   0  24   4   0   0   1  0.40 0.24
  200 D    -2  -1  -2   5  -5   2   3  -3  -2  -5  -4   2  -4  -5  -4   0  -2  -6  -5  -4    3   3   0  42   0   7  20   1   1   0   2  12   0   0   0   8   2   0   0   0  0.87 0.39
  201 I    -4  -6  -6  -6  -2  -6  -6  -7  -6   7   1  -6  -2  -3  -6  -5  -4  -6  -4   3    0   0   0   0   1   0   0   0   0  73  10   0   0   0   0   0   0   0   0  16  1.72 0.58
  202 G    -4  -1  -1   6  -6  -3   0   2  -4  -6  -6  -2  -5  -6  -4  -2   3  -6  -6  -5    0   3   1  54   0   0   6  17   0   0   0   1   0   0   0   1  18   0   0   0  1.22 0.50
  203 I     1  -2  -4  -5   1  -3  -4  -3   5   1   3  -4   3  -1  -4  -3  -2  -4  -2   0   13   2   0   0   3   0   0   2  19   6  35   0  10   2   0   0   2   0   0   4  0.58 0.32
  204 L    -3  -5  -6  -6  -4  -5  -6  -6  -6   6   3  -5  -1  -1  -5  -5  -3  -5  -4   4    1   0   0   0   0   0   0   0   0  45  29   0   0   1   0   0   0   0   0  24  1.19 0.45
  205 V    -3  -5  -6  -3  -1  -5  -5  -6  -6   6   1  -5  -2  -1  -5  -5  -3   0  -2   4    2   0   0   1   1   0   0   0   0  48  11   0   0   2   0   0   0   1   1  32  1.15 0.44
  206 V    -2  -5  -3  -5   3  -5  -5  -1  -5   0   1  -5  -1   4  -5  -3  -1  -4   0   5    1   0   1   0   7   0   0   5   0   1  13   0   1  19   0   1   4   0   3  44  0.75 0.36
  207 N     5  -4   1  -4   6  -4  -4   1  -4  -4  -4  -4  -4  -5  -4   1  -1  -5  -5   0   51   0   7   0  16   0   0   8   0   0   0   0   0   0   0   8   2   0   0   6  0.93 0.43
  208 C    -2  -5  -3  -4   4  -4  -1  -5  -5  -4  -5  -4  -4  -6  -5   2   7  -6  -5  -2    1   0   0   0   7   0   4   0   0   0   0   0   0   0   0  12  74   0   0   2  1.62 0.65
  209 S     0  -3  -2  -3   2  -3  -3  -3  -4   0  -3  -3   1  -4  -3   5   3  -5  -4   0    5   0   1   0   4   0   1   1   0   6   2   0   4   0   0  49  22   0   0   6  0.79 0.43
  210 L    -1  -2  -1  -3  -2  -3  -3  -3   1  -3  -2   0  -1  -5  -1   3   6  -5  -4  -2    4   1   2   0   1   0   0   0   3   0   4   6   1   0   2  25  48   0   0   1  0.85 0.44
  211 F    -1  -5  -4  -1  -3  -3  -3   3  -1  -3  -3  -4  -4   2   6  -1  -2  -5  -4  -2    3   0   0   3   0   0   1  22   2   2   3   0   0  10  45   4   2   0   0   2  1.07 0.43
  212 N    -2  -3   2   5  -2  -2  -1  -3   2   0  -2  -3   0   0  -3  -1  -2  -4   3   1    2   0   9  35   1   1   3   1   5   6   3   0   2   4   1   4   1   0  12  12  0.49 0.28
  213 P     2   0   0   3  -2   0  -1  -3   2  -1  -1  -1   2   0   1   0  -1  -4   0  -2   20   5   4  18   0   4   1   0   5   2   6   3   9   4   8   6   2   0   3   0  0.20 0.18
  214 T    -1  -4  -3  -3  -1  -2  -3  -4  -3   0   1  -3   5   2  -2   0   3  -4   0   2    3   0   1   1   1   1   1   0   0   4  10   0  22  10   2   6  22   0   2  14  0.48 0.30
  215 P    -4  -5  -5  -5  -6  -4  -5  -6  -4  -6  -5   2  -2   4   8  -4  -3  -6  -4  -4    0   0   0   0   0   0   0   0   0   0   0  12   1  15  69   0   1   0   0   1  2.11 0.69
  216 S     0  -3  -1  -3  -4  -3  -3   3  -4  -5  -6  -3  -5  -6   4   5  -2  -6  -5  -5    6   1   3   1   0   0   0  21   0   0   0   0   0   0  23  44   1   0   0   0  1.04 0.47
  217 L     3  -4  -2  -4   0  -2  -3  -2  -4   1   1  -3   0  -2  -3   1   3  -4  -3   1   26   0   1   0   2   1   0   2   0   7  11   0   2   1   0  12  26   0   0  11  0.43 0.28
  218 S     5  -4  -2   3  -2  -3  -2  -2  -4  -4  -5  -2  -4  -5  -4   2   2  -6  -5  -3   49   0   1  18   1   0   1   1   0   0   0   1   0   0   0  17  11   0   0   1  0.87 0.43
  219 A     3  -4  -1  -4   6  -3  -4  -3  -3  -3  -3  -4  -3   0   0   1   2  -2   2  -1   29   0   3   0  20   0   0   1   0   0   2   0   0   5   5   9  13   1   9   4  0.64 0.34
  220 M    -1   1  -2  -3   1   3   0  -4  -1   2   0   0   3  -1  -3  -1  -1   0   1   1    4   9   1   0   3  18   4   0   1  16   9   4   9   1   0   3   3   1   5   8  0.22 0.19
  221 I    -2  -4  -5  -5   0  -4  -3  -6  -5   4   3  -4  -1  -2  -5  -4  -2  -5  -4   4    2   0   0   0   2   0   1   0   0  27  35   1   0   0   0   0   1   0   0  30  0.87 0.37
  222 V     2  -3  -3  -4  -2   5  -2  -2   0   2  -2  -2   0  -4  -4   0   1  -5  -4   2   20   0   0   0   1  32   1   2   2  14   1   0   2   0   0   5   8   0   0  13  0.56 0.35
  223 N     1   0   2   1  -4   3   1   1   0  -4  -4   2  -3  -3  -2   0  -2  -3  -3  -3   14   4  12   9   0  16   8   9   2   0   0  17   0   1   1   4   1   0   0   1  0.37 0.23
  224 K     2   2   0  -1  -1   0   1  -2   2  -2   1   2   0  -3  -3  -1  -1  -3   0  -2   19  11   5   2   1   4   7   2   5   1  17  16   3   0   0   2   1   0   3   0  0.17 0.17
  225 Y    -1  -3  -3  -6  -2  -4  -4  -4  -3   2   5  -3   1   0  -5  -4  -3  -4   1  -1    4   1   1   0   1   0   0   1   1  11  64   1   3   4   0   0   0   0   6   2  0.88 0.39
  226 K    -2  -4  -2  -2  -5  -4  -2   6  -3  -2  -1   0  -4  -5  -3  -3  -4  -5  -6  -4    1   0   1   2   0   0   3  72   0   3   7   7   0   0   1   0   0   0   0   1  1.33 0.50
  227 L     2  -4  -4  -4   0  -3  -3   1  -4   3   3  -4   2  -1  -4  -3  -2  -2  -1   0   18   0   0   0   2   0   1  11   0  16  35   0   7   2   0   0   1   0   1   5  0.42 0.25
  228 R     0   3   2   1   0   0  -1  -1   0  -1  -3   1  -1  -3  -1   1   1  -3  -2  -1    8  20   9   7   2   4   2   2   2   3   1   9   2   1   3  14   7   0   1   3  0.20 0.13
  229 G    -1   0   1   0  -3   0   0   2   0  -2  -2   1  -2  -2   4   0   1  -3  -2  -2    4   4   6   4   0   2   5  14   2   2   2  11   1   2  21   7  10   0   1   2  0.31 0.15
  230 N    -1   0   4   3  -1  -1   0   0   3  -3  -3  -1  -3  -2  -2   2  -1  -3   0  -3    5   4  25  16   1   1   3   7   7   1   1   3   0   2   1  14   3   0   4   2  0.38 0.20
  231 V     3  -4  -4  -4   4  -3  -4   0  -4   2  -1  -2  -2  -1  -2  -1   1  -4  -2   3   25   0   0   0   8   0   0   7   0  12   3   1   0   2   2   2   8   0   1  29  0.44 0.27
  232 L     1   1   0  -2  -3  -1  -1  -1  -1  -1  -1   2   1   2   2  -1   0   1  -1  -1   16   8   4   1   0   1   3   3   1   3   6  15   4  12   9   3   4   2   1   4  0.13 0.12
  233 S     5   3  -3  -4   0  -2  -3  -1  -1  -4  -3  -1  -3  -2  -4   1   0  -5  -4  -2   51  20   0   0   2   1   0   4   1   0   1   1   0   1   0  11   4   0   0   2  0.74 0.39
  234 Y     0  -5  -5  -3  -4  -5  -5  -5  -4  -1   1  -5   2   7  -5  -3  -2  -2   3   1    8   0   0   1   0   0   0   0   0   2  11   0   5  50   0   2   2   0  10   9  1.07 0.43
  235 N    -4  -4   2   7  -1  -3  -1  -4  -4  -5  -3  -4   5  -5   0  -2  -4  -6  -5  -4    0   0   8  64   1   0   2   1   0   0   2   0  14   0   6   1   0   0   0   1  1.45 0.51
  236 L    -2  -4  -4  -4  -1  -4  -4  -5  -4   4   4  -3   4  -1  -4  -4  -2  -4  -3   3    2   0   0   1   1   0   0   0   0  22  37   2  14   1   0   0   1   0   0  17  0.73 0.29
  237 G     0  -2   2  -2  -3   2   0   0  -1  -3  -3  -1  -2   0  -3   2   1   0   4  -2    7   1  13   1   0  14   7   5   0   0   1   2   0   4   0  18   7   1  16   2  0.32 0.22
  238 G     4  -3  -2  -3  -3   3  -1   1  -2  -3  -2  -2  -1   2  -3  -1  -2  -4  -3  -2   50   0   1   0   0  13   3  12   1   0   3   2   1   9   0   2   1   0   0   1  0.59 0.31
  239 M     0  -1   0  -1   0   2  -1  -2  -1   0   1  -1   3   0  -1  -1   0  -1  -1   2    8   2   4   2   2  14   3   3   2   2  10   2  12   5   2   3   4   1   1  19  0.11 0.08
  240 G     5  -3  -3  -3   1  -3  -2   4  -3  -3  -3  -3  -3  -4  -3  -1  -2  -4  -3  -3   51   1   1   1   3   1   2  32   0   1   1   1   0   1   1   1   1   0   0   1  0.88 0.33
  241 C    -4  -7  -6  -7  11  -6  -7  -6  -6  -5  -5  -6  -5  -6  -6  -5  -5  -6  -6  -4    0   0   0   0  97   0   0   0   0   0   0   0   0   0   0   0   0   0   0   0  3.88 0.89
  242 S     2  -1  -1  -3  -2  -2  -3  -2   0  -2  -3   0  -3   1  -2   4   1  -4   1  -2   19   3   3   0   1   0   0   1   2   1   1   5   0   8   2  39   7   0   6   2  0.44 0.28
  243 A     4  -5  -3  -4  -4  -4  -4   6  -5  -5  -5  -4  -2  -6  -3  -1  -3  -5  -5  -4   35   0   0   0   0   0   0  59   0   0   0   0   1   0   1   4   1   0   0   0  1.38 0.48
  244 G     0  -5  -4  -5  -5  -5  -5   4  -4  -4  -3  -5  -3   7  -5  -2  -3   0   1  -4    7   0   0   0   0   0   0  35   0   0   1   0   0  50   0   2   1   1   3   0  1.35 0.47
  245 L     0  -4  -3  -4   0  -3  -3   1  -4   2   1  -3   1  -2  -3   0   2  -4  -3   3    8   0   0   0   2   0   0  13   0  12  17   0   4   0   0   5  13   0   0  24  0.32 0.20
  246 I     1  -4  -1  -3  -4  -2  -2  -4   0   0  -1  -3  -3   3  -4  -2   1  -2   7  -2   12   0   4   1   0   2   3   0   1   6   4   0   0  10   0   2  11   0  43   2  0.81 0.36
  247 S     4  -4  -2  -4  -3  -3  -4   4  -4  -3  -3  -3   0  -4  -4   1  -2  -5  -4   1   42   0   1   0   0   0   0  32   0   0   2   0   3   0   0   9   0   0   0  10  0.76 0.35
  248 I    -3  -5  -6  -6  -4  -5  -5  -6  -5   2   5  -5   4  -1  -5  -5  -3  -4  -4   1    2   0   0   0   0   0   0   0   0   9  69   0  10   1   0   0   0   0   0   9  1.18 0.42
  249 D     1   3   1   1  -3   2   0  -1   0  -1  -3  -1  -2  -3  -3   2   0  -4  -3  -1   10  21   6   9   0  10   6   3   2   4   1   0   0   1   0  16   5   0   0   6  0.26 0.18
  250 L     0  -1  -1  -2  -3  -2  -3  -4  -3   2   2  -3   2  -2  -4  -1   2  -4  -2   2    7   4   4   1   0   1   0   0   0  13  21   0   7   0   0   3  19   0   1  20  0.33 0.21
  251 A     6  -4  -4  -5   0  -4  -4   0  -5  -3  -2  -4  -3  -5  -4  -1  -2  -5  -5   1   78   0   0   0   2   0   0   7   0   1   3   0   0   0   0   1   1   0   0   8  1.25 0.50
  252 K     1   0   0   3  -2   0   0  -2   1  -1  -3   3  -1  -3  -3   0   0  -4  -1  -2   13   3   4  17   1   3   3   2   5   3   0  28   1   1   0   5   7   0   2   2  0.31 0.20
  253 Q     1   0   2   4  -1   3  -1   1   0  -4  -3   0  -2  -5  -3   1  -1  -5  -4  -3   11   3   9  23   2  16   1  13   2   0   1   5   0   0   0  12   1   0   0   0  0.42 0.23
  254 L    -2  -4  -5  -5  -4  -3  -5  -5   0   1   3  -4   5   4  -5  -3  -3   3   4  -2    2   0   0   0   0   1   0   0   2   5  32   0  16  21   0   1   1   3  15   0  0.81 0.34
  255 L     2  -4  -5  -5   0  -4  -4  -4  -5   5   2  -4   0  -1  -4  -2  -2  -4  -3   3   17   0   0   0   2   0   0   0   0  36  17   0   2   2   0   1   0   0   0  23  0.71 0.31
  256 Q     0   3  -2  -1  -4   2   3  -2  -1  -3  -2   3  -1  -4  -3  -1  -1  -4  -3  -2   10  19   1   1   0  10  25   1   1   1   3  19   1   0   0   3   2   0   0   2  0.49 0.25
  257 V     2  -2   3  -2  -2  -1  -2   0  -2  -3  -3  -2  -3  -4  -3   4   1  -5  -4  -1   18   1  19   0   0   2   1   7   1   1   2   0   0   0   0  34  10   0   0   3  0.53 0.30
  258 Q    -2  -2   4  -2  -5  -2  -3   5   3  -4  -5  -3  -3  -4  -4  -1  -3  -5   0  -5    2   2  21   1   0   1   1  54   7   1   1   1   0   0   0   4   0   0   4   0  1.06 0.39
  259 P     0   2  -1  -1  -2   1  -1  -1  -1  -2  -1   2   2  -2   3   0  -1  -4  -3  -1   10  13   3   2   0   7   3   4   1   0   6  13   8   1  16   7   3   0   0   3  0.25 0.16
  260 N     2  -2   1   0  -1  -2  -1   3   1   0  -3  -2  -1   0  -3  -1  -2  -2   3   0   20   1   6   6   1   1   2  22   4   6   0   1   1   3   0   3   0   0  14   7  0.25 0.18
  261 S     2   2   0   0  -4   1   1   0  -1  -4  -4   4  -1  -4  -3   1   0  -5  -3  -3   17  11   4   5   0   4   6   5   1   0   0  31   1   0   0  10   4   0   0   0  0.42 0.23
  262 Y    -2   4   2  -3   0  -1  -2  -4   2  -3  -2   2  -2  -1  -4  -2   0  -3   4  -2    3  28  13   0   2   0   0   0   5   0   4  14   0   2   0   1   5   0  17   2  0.55 0.29
  263 A     4  -4  -4  -5  -3  -4  -4   0  -5   2  -2  -4  -2  -4  -4  -2  -2  -5  -4   4   39   0   0   0   0   0   0   8   0  11   0   0   1   0   0   1   1   0   0  39  0.82 0.38
  264 L    -3  -5  -6  -6  -4  -5  -6  -6  -6   1   6  -5   3  -2  -6  -5  -4  -5  -4   0    1   0   0   0   0   0   0   0   0   4  83   0   6   1   0   0   0   0   0   6  1.45 0.49
  265 V    -1  -5  -6  -6  -2  -5  -5  -6  -6   2   1  -5   0  -2  -5  -4  -2  -5  -4   6    5   0   0   0   1   0   0   0   0   9  10   0   2   1   0   0   2   0   0  71  1.23 0.46
  266 V    -2  -6  -6  -6  -4  -5  -6  -6  -6   6   0  -5  -2  -3  -5  -5  -2  -6  -4   5    1   0   0   0   0   0   0   0   0  47   3   0   0   0   0   0   1   0   0  47  1.41 0.48
  267 S     1  -5  -1  -3   6  -4  -4   6  -5  -5  -5  -4  -5  -5  -4   1  -1  -5  -5  -5   11   0   2   1  18   0   0  55   0   0   0   0   0   0   0  10   3   0   0   0  1.25 0.43
  268 T     4  -4  -3  -4   1  -3  -3   0  -4  -2  -4  -3  -1  -4  -2   3   2  -5  -4   0   42   0   0   0   3   0   0   5   0   1   0   0   1   0   1  25  14   0   0   6  0.68 0.35
  269 E    -4  -4  -3   5  -7  -2   6  -5  -4  -7  -6  -3  -6  -7  -4  -3  -4  -7  -6  -6    0   0   0  34   0   0  66   0   0   0   0   0   0   0   0   0   0   0   0   0  1.86 0.62
  270 N     0  -1   0  -3  -1  -1  -1  -3  -2   2   0   1  -1  -2  -3   0   3  -3  -1   1    5   3   5   0   1   2   2   0   0  13   9  11   1   1   0   3  27   0   2  13  0.22 0.17
  271 I     0  -3  -2  -4   4  -3  -3  -4  -3   1   3  -3   3   2  -3  -2   2  -3   0   0    6   0   2   0   9   0   0   1   0   7  32   0  11   9   0   2  15   0   2   3  0.41 0.22
  272 T     1  -2  -1  -3  -2   0  -3  -2  -3  -2  -3  -2  -3  -4  -3   5   3  -5  -4  -1    8   1   2   0   1   3   0   1   0   3   1   1   0   0   1  57  17   0   0   3  0.85 0.41
  273 L     0   0  -2  -2   0  -1  -1  -1  -1   1   1  -1   1   0   1   0   0  -2  -1   1    7   6   1   1   2   3   2   4   1   8  21   3   3   3   6   7   4   0   2  16  0.07 0.05
  274 N    -1   1   3   3  -1   0  -1  -1   1  -2  -2   0   0  -3  -3   1   2  -4  -3  -1    5   9  15  18   1   2   1   4   4   1   2   4   3   1   0  11  15   0   0   4  0.26 0.17
  275 W    -4  -5  -6  -6   0  -4  -6  -2  -5   2   1  -4   0   4  -6  -5  -3   9   3  -1    1   0   0   0   2   1   0   3   0  12  11   1   2  19   0   0   1  32   8   5  1.46 0.59
  276 Y     0   2  -1  -1  -2   1  -1  -2   0   1   0  -1  -1   0  -2  -1   0  -2   2   1    9  12   2   4   1   7   4   3   2   7   8   2   1   3   2   4   7   0  11  11  0.09 0.09
  277 L    -1   0   1   4  -1   0   0   1  -1  -2  -2  -1   0  -1   1   0  -2  -3  -2  -2    4   4   7  27   1   5   6  13   2   2   4   3   3   3   6   5   2   0   1   3  0.30 0.17
  278 G    -2  -1  -2  -1  -3  -2  -1   2  -2  -3  -2  -2  -2   1   4  -2  -1   5   2  -2    3   3   2   3   0   2   3  18   1   1   4   2   1   7  24   3   4   9   8   2  0.54 0.25
  279 N    -2  -1   3   2  -3   0   1   0  -1  -4  -3   0  -4  -4   0   2   2  -2  -3  -4    2   3  16  10   0   3  10   8   1   0   3   6   0   0   4  15  16   1   1   0  0.36 0.27
  280 D    -2  -4   0   7  -3  -3   1  -4  -3  -7  -7  -1  -7  -7  -2  -2  -3  -8  -7  -7    3   1   3  69   1   1   9   1   1   0   0   4   0   0   3   3   1   0   0   0  1.79 0.77
  281 R    -3   7  -4  -5  -7  -4  -2  -2  -3  -4  -2   0   0  -4  -1  -3   0  -7  -6  -1    2  64   1   0   0   0   2   3   1   1   5   4   2   1   3   2   6   0   0   4  1.44 0.69
  282 S     0   1   1   1  -4  -3  -1   1   4  -5  -3  -2  -4  -5  -2   3   2  -5  -4  -4    7   7   7   8   0   0   4   9   9   0   3   2   0   0   2  27  15   0   0   0  0.48 0.36
  283 M    -3  -4   0  -2  -5  -2  -2  -4   0  -2   0  -4   3  -4  -2   0   6  -5   1  -3    1   0   5   2   0   2   3   1   2   2  11   1   7   0   2   5  50   0   4   1  0.89 0.53
  284 L     2  -5  -5  -3   8  -5  -5  -4  -5   0   3  -5   0  -2  -5  -2  -2  -5  -4  -1   17   0   0   2  34   0   1   1   0   4  28   1   2   1   0   2   2   0   0   3  1.18 0.51
  285 L    -2  -5  -5  -5  -4  -4  -1  -5  -5   4   0  -4  -2  -1  -1  -3  -3  -5  -4   6    3   1   0   1   0   0   4   1   0  20   7   1   0   3   3   2   1   0   0  52  1.03 0.47
  286 S     1  -1  -1  -1   0  -1  -1   2  -1  -1  -1  -1  -1  -1   1   1   0  -1   0   0   10   3   3   3   2   3   4  20   1   4   5   3   1   3   7  11   6   1   3   6  0.10 0.04
  287 N     0   0   2   0  -1   3   0  -1   1  -1  -1   0  -1  -1  -1   1   0  -1  -1  -1    7   3  12   3   1  16   7   5   3   3   6   3   1   2   3  11   6   1   2   4  0.14 0.07
  288 C     3  -1  -1  -1   4  -1   0   0  -1  -1  -1  -1  -1   0   0   1   0  -1  -1  -1   25   3   3   3   9   3   5   6   1   4   5   3   1   4   4   8   5   1   2   4  0.14 0.06
  289 I    -4  -5  -5  -5  -4  -4  -3  -4  -5   2   6  -5  -1  -1  -5  -5  -2  -4  -4  -2    1   1   1   1   0   0   2   2   0   9  75   1   1   2   1   1   2   0   0   1  1.41 0.58
  290 F    -5  -5  -5  -6  -5  -2  -5  -5  -5  -4  -2  -5  -4   9  -5  -5  -5  -2  -2  -4    1   1   1   1   0   2   1   1   0   1   3   1   0  85   1   1   1   0   0   1  2.71 0.91
  291 R    -1   1  -4  -5  -6  -5  -5   7  -5  -6  -6  -5  -6  -6  -5  -2  -4  -6  -6  -6    6   9   0   0   0   0   0  77   0   0   1   0   0   0   0   2   1   0   0   0  1.90 0.75
  292 M     0  -6  -2   8  -7  -5  -3  -3  -5  -5  -6  -5   1  -7  -6  -2  -5  -7  -6  -3    7   0   2  78   0   0   0   2   0   1   0   0   4   0   0   2   0   0   0   2  2.16 0.87
  293 G     0  -7  -5  -6  -7  -6  -4   7  -7  -8  -8  -6  -7  -8  -7  -4  -6  -7  -8  -8    6   0   0   0   0   0   1  90   0   0   0   0   0   0   0   1   0   0   0   0  2.52 0.97
  294 G     7  -6  -6  -6   2  -5  -6   1  -6  -4  -4  -5  -5  -7  -5  -1  -5  -7  -6  -3   76   0   0   0   4   0   0  12   0   1   2   0   0   0   0   4   0   0   0   1  1.71 0.80
  295 A     4  -6  -5  -6  -2  -5  -6   6  -6  -6  -6  -5  -6  -7  -6   0  -2  -7  -6   0   31   0   0   0   1   0   0  53   0   0   0   0   0   0   0   5   2   0   0   7  1.41 0.67
  296 A     7  -6  -6  -6  -1  -6  -6   0  -6  -6  -6  -6  -6  -7  -6  -1  -5  -7  -7  -3   85   0   0   0   1   0   0   8   0   0   0   0   0   0   0   3   0   0   0   1  2.05 0.91
  297 V     2  -6  -6  -6   0  -5  -6  -5  -6   2   1  -5   2   0  -6  -4  -2  -5  -1   5   15   0   0   0   2   0   0   0   0   9  12   0   6   4   0   0   2   0   2  47  0.96 0.50
  298 L    -1  -6  -6  -7  -5  -6  -6  -7  -4   5   3  -6   0  -3  -6  -4  -3  -6  -5   5    5   0   0   0   0   0   0   0   0  29  25   0   2   0   0   1   1   0   0  35  1.17 0.54
  299 L    -4  -6  -7  -7  -4  -6  -6  -5  -7   4   4  -6   2  -3  -6  -6  -4  -6  -5   4    1   0   0   0   0   0   0   1   0  21  42   0   4   0   0   0   0   0   0  30  1.29 0.58
  300 S    -2   0  -3  -1  -3   1   2   5  -4  -4  -3  -1  -4  -5  -4   2   1  -5  -4  -3    2   4   0   3   1   6  15  38   0   1   3   2   0   0   0  13   7   0   0   2  0.64 0.37
  301 N     3   1   1  -2   1  -2   1  -1  -2  -2  -3  -1  -2  -3   0   2  -1  -4  -1  -3   31   7   8   1   3   1   8   5   1   2   2   3   1   1   5  15   2   0   2   1  0.35 0.25
  302 R    -1   1   0   3   0   0   0   1  -2  -2  -3   0  -3  -3  -2   2   1  -3  -3  -1    5   7   4  20   2   5   6  10   1   2   2   5   0   1   1  15   9   0   1   5  0.25 0.17
  303 S     0   0   0   2  -3  -1   2  -2  -3  -3  -3   0  -3  -4   5   1  -1  -4  -3  -3    7   5   4  12   0   2  14   3   0   1   2   5   0   1  26   9   4   0   1   2  0.52 0.27
  304 S     0   1   0   2  -3   1   2   0  -1   0  -1   0  -2  -2  -1   0   0  -1  -2  -1    6   8   4  13   0   6  15   8   1   7   4   4   1   1   2   8   5   1   1   5  0.12 0.10
  305 D     0  -2  -1   3  -3   0   2   0  -3  -2  -1   0  -3  -2   4  -1   0  -3  -3  -3    7   1   3  21   1   4  12   6   0   2   6   4   0   2  19   3   5   0   1   1  0.39 0.23
  306 R     0   1   0   0  -2   0   1   3   1  -1  -2  -1  -1  -2  -1   1   0  -3  -2  -1    5   9   4   5   1   3  12  21   3   4   2   3   2   2   3   9   4   0   1   6  0.15 0.12
  307 C    -1   0   1   0   1  -1   3   1  -1   0  -1   0  -1  -1  -2   0   0   0  -2   0    3   6   6   4   3   1  23  10   1   7   4   5   1   2   2   6   5   1   1   8  0.12 0.11
  308 R     0   2   0  -1  -2   0   1   0   0   0   0   1   0  -1  -1   0   0  -2  -1   0   10  13   3   3   1   3   8   8   2   5   8   9   3   3   3   4   6   0   2   6  0.05 0.04
  309 S     3  -2  -2  -1  -2  -1  -1  -1  -1  -1   0  -1  -1  -1   4   1  -1  -2  -1  -2   23   1   2   3   0   2   3   5   2   4   8   4   1   3  20  12   2   1   2   2  0.32 0.19
  310 K    -1   0  -1   0  -1   0   1   1  -1   0   1   1   0   0   0   0   0  -1  -1   0    3   4   1   6   1   3  13  11   1   5  15  10   3   4   4   5   5   1   2   5  0.04 0.06
  311 Y    -1   0  -2  -2  -2  -2   0   0  -1  -1  -1  -2   0   5  -1   0  -1   0   4  -2    6   4   1   3   1   2   7   6   1   4   6   2   3  23   3   7   3   1  14   3  0.30 0.17
  312 Q    -1   0  -1   1  -1   1   4   1  -1  -3  -2   1  -2  -1   1  -1  -1  -1  -1  -1    4   4   3   6   1   5  30   9   1   1   4   9   1   2   7   4   2   1   2   4  0.28 0.17
  313 L    -1  -2  -2  -1  -2  -2  -2   1  -1   2   3  -2   2  -1  -2  -1  -2  -2  -1   1    6   2   2   4   0   2   2  12   2  15  28   2   5   2   1   3   2   0   2   7  0.20 0.14
  314 I     0  -1  -2  -2  -1  -1  -1  -2   0   2   1  -1   1  -1  -1   0   0  -2  -2   3    6   4   1   1   1   2   4   3   3  11  17   3   4   2   2   7   4   0   1  22  0.15 0.11
  315 H     0  -1  -1   1   2  -1   0   0   3  -1   0  -1  -1  -1  -1   2   0   2   1  -2    9   2   2   8   5   2   4   5   9   3   9   3   1   3   3  18   4   3   5   2  0.13 0.11
  316 T     2  -2  -2   0  -1  -2  -2  -1  -2   2  -1  -2  -1   0  -2   2   2  -3  -2   0   21   1   1   5   1   1   2   5   1  13   6   2   1   5   1  16  12   0   1   6  0.20 0.17
  317 V     1  -1  -1  -1   0  -1  -1  -1   0   1   1  -1   0  -1  -2   0   0  -2   1   1   15   3   2   4   2   2   4   4   3  10  12   3   2   2   1   8   7   0   5  13  0.05 0.07
  318 R     0   3  -1   1  -2   3   0  -2   1  -2  -1   0   1  -3  -1   1  -1  -1  -2  -1    7  15   2   8   1  18   3   2   3   2   6   4   4   1   3  11   4   1   1   5  0.23 0.18
  319 T    -1  -1  -2  -2  -2   0  -2   0  -1  -1   0  -1  -1  -2  -1   1   5  -2   0  -1    5   4   2   1   1   3   3   8   1   3   9   3   1   2   2   9  35   1   4   4  0.33 0.24
  320 H    -1  -2   0   1  -2  -1  -1  -2   6   2   0  -1  -2   0  -2   0  -1  -3   0  -1    4   2   5   8   1   3   2   2  24  12   7   3   1   3   2   9   4   0   3   5  0.38 0.22
  321 K     0  -2  -1   1  -2  -2  -2  -2  -1   1   2   0   0   0  -2  -1   1   0  -2   1    8   2   2  10   0   1   2   3   2   8  25   6   2   4   1   4  10   1   1   9  0.12 0.12
  322 G    -1   0  -1  -1  -2  -2  -3   4   3  -2  -2  -3  -4  -1   4  -1  -3  -4   1  -2    4   5   2   3   1   1   1  29   6   2   5   1   0   2  23   4   1   0   5   2  0.57 0.32
  323 S     2  -3   1   3  -1  -2   0   1  -3  -3  -3  -1   0  -4  -2   3   1  -2  -4  -3   20   1   6  17   1   1   5   8   0   1   3   3   3   0   2  20   8   1   0   1  0.38 0.28
  324 D    -3  -1   0   5  -3   0   0  -2  -3  -3  -3  -1  -3  -1  -3   3   0  -5  -2  -3    1   3   5  38   1   4   6   3   0   1   2   3   1   3   1  21   5   0   2   2  0.70 0.40
  325 D    -2  -2  -1   3  -4  -1   1   4   0  -3  -3  -1  -4  -3  -3  -1  -2   2  -1  -3    3   2   2  17   0   2  11  38   2   1   2   4   0   1   1   3   2   3   2   2  0.60 0.33
  326 N     0   2   1   1  -2   0   1   2   1  -3  -3   1  -2  -3  -1   1   1  -4  -2  -2    6  12   8   8   1   3   8  15   3   1   2   9   1   1   3   9   9   0   1   2  0.22 0.17
  327 A     2   1   0   0   0   0  -1   1   3  -2  -2   0  -2   0  -1   1  -1  -3   2  -1   17   8   4   5   2   4   2  13   8   2   3   5   0   3   2   9   2   0   8   3  0.15 0.14
  328 F    -1  -1  -2  -1  -1  -2  -1   1  -1   2   1  -1   0   2  -3  -1  -2  -1   1   0    5   3   2   4   1   1   3  12   2  18  14   4   2  10   1   5   1   1   6   6  0.11 0.11
  329 N    -1  -1   1   3  -2  -1   1   0  -1  -1   1   0  -1  -2  -1  -1   0   0  -1  -1    5   4   9  20   1   2   9   9   1   3  14   5   1   1   3   4   4   1   2   3  0.15 0.13
  330 C     0  -1  -2  -2   4  -1  -2   2   0   0   1   0   0   0  -3   1  -1  -3  -1  -1    8   2   1   2  11   1   2  15   3   6  16   7   2   3   1  11   2   0   3   3  0.15 0.14
  331 V     0  -2  -3  -2   1  -2  -1  -1  -1   1   3  -3   0   1   1  -1  -1  -3  -2   1    7   2   1   2   3   1   3   4   1   6  36   1   2   6   7   5   3   0   1   9  0.23 0.16
  332 Y    -1  -1   1  -2   0  -1  -2  -2   4   0  -1  -2   1   1   0  -1   0   1   5  -1    4   3   7   2   2   2   2   2  13   5   5   2   4   5   5   4   6   2  21   3  0.34 0.24
  333 Q    -1  -1  -2  -2  -1   2  -1  -1  -2   0   2  -2   0  -1   1  -1   1   2  -1   0    5   2   2   2   1  13   2   5   1   6  25   1   2   2   7   3   9   3   2   7  0.16 0.17
  334 R    -1   3   0   1  -2   1   1   0  -1  -4  -3   0   1  -4   3  -1  -1  -2  -2  -2    4  18   4   8   1   5   8   9   1   0   2   5   4   0  17   5   4   1   1   3  0.31 0.22
  335 E     0   0   0  -1  -2   1   3   2   1  -2  -3  -1  -3  -2  -1   1   0  -1  -2  -1    9   6   3   2   1   5  23  14   3   3   2   2   0   1   3   9   6   1   1   5  0.22 0.19
  336 D    -1   0   0   4  -1   0   0   2  -1  -2  -2   0  -1  -2  -1   0  -1   0  -1  -2    5   4   4  23   1   4   4  18   1   2   4   5   1   2   3   7   4   1   3   3  0.24 0.15
  337 N     0   0   1   0  -2   0   0   2   0   0  -1  -1  -1  -2   0   0   0   1  -2   0    6   6   7   4   1   3   8  21   3   6   7   3   1   2   6   6   4   2   1   7  0.10 0.08
  338 D     0   0   1   2  -2   0   1   0  -1  -1  -2   0  -1  -2   0   1   0  -2  -1  -1    7   6   6  12   1   5   7   8   1   4   4   4   2   2   5  15   5   0   3   4  0.10 0.08
  339 D     0   0   0   0   0   0   0   2   0  -1  -1  -1  -1   0   0   0   1   0   0  -1    5   4   5   6   2   5   8  17   3   2   8   2   2   6   4   8   8   1   2   4  0.07 0.06
  340 N     0   0   1   0   1   0   0   1   2  -1  -1   0   0   0  -1   0   1  -1   1  -1    4   3  10   4   3   4   4  10   6   4   6   7   2   4   3   8  10   1   5   4  0.05 0.05
  341 K    -1   0   0   0  -2   2   0   2   0  -2  -2   1  -2  -1   4   0  -2   0  -1  -2    4   6   4   4   1   9   7  15   2   2   5   7   1   3  18   5   2   2   2   2  0.25 0.15
  342 Q     0   1   0  -1  -1   0   1   1   1   0  -1   0  -1  -1   0   0   1  -1   0  -1    7   8   3   3   1   4   8  12   4   6   5   7   1   2   3   7  10   1   3   5  0.05 0.04
  343 I     0  -1  -1   0   0   0  -1  -1   0   1   1  -1   0   0   0   0   1  -2  -1   1    8   3   3   6   2   3   3   5   4   8  14   3   2   5   4   7   8   0   1  10  0.01 0.03
  344 G    -1  -1   0   0  -2   0   0   3  -1  -2  -2  -1  -2   0   1   0   0  -2   2  -2    4   4   4   5   1   5   6  27   1   2   4   4   1   4   7   5   7   0   7   3  0.20 0.12
  345 V     0  -1  -1  -1  -1   0   0  -2  -2   1   1  -1   1   1  -2  -1   0  -2   0   2    7   3   3   4   1   4   6   3   1   7  13   2   5   6   2   3   4   0   2  22  0.09 0.08
  346 S     0   0  -1   0  -1   0   0   2   1  -1  -2   0  -1   0   1   0   1   0   1  -1    6   4   2   5   1   3   8  17   3   3   3   4   1   5   6   8   9   2   5   5  0.08 0.07
  347 L     0  -1  -1  -2  -1  -1  -1   0  -1   0   3  -1   1   1  -2  -1  -1   0   0   0    7   3   3   2   1   3   4   8   1   5  32   4   4   5   2   3   3   1   3   7  0.12 0.11
  348 S     0  -1   1   2   0  -1  -1   2  -1  -3  -3  -1  -1  -2  -2   2   3  -3  -3  -2    6   3   5  10   2   3   2  14   1   1   2   4   2   2   1  18  20   0   1   2  0.28 0.21
  349 K    -1   2   0  -1  -3   0  -1   2  -1  -2  -2   2  -2   2   1   0  -1  -3  -1  -2    5  11   5   3   0   3   4  16   1   2   3  15   1  12   7   5   2   0   2   2  0.21 0.16
  350 N    -2  -1   2   2  -2   0   0  -2   5  -4  -3   0  -3   1  -1   0   0   0   3  -3    2   3   8  13   1   4   5   2  17   1   2   7   0   7   3   7   6   1  10   1  0.39 0.25
  351 L    -2  -2  -4  -3   0  -3  -4  -3  -4   3   4  -3   0   2  -1  -3  -2  -3   0   2    2   2   1   1   2   1   1   2   0  15  38   1   2  10   3   2   2   0   3  12  0.52 0.27
  352 M    -2   1   0  -2  -1   0   0  -3   2   0   0   0   2   0   3   0   1  -2   1   0    2   8   4   1   1   4   5   1   5   5  10   6   6   4  13   5   8   0   4   7  0.13 0.12
  353 A    -1   0   0  -2  -4   2  -2  -1  -2  -2  -2   2   7  -1   1  -1  -2  -4  -1  -3    5   4   4   2   0  10   2   4   1   2   2  15  29   2   6   5   2   0   2   1  0.56 0.36
  354 I     1  -1   2   3  -2   1   1  -2  -2   0  -1   0   2  -2  -2   0  -1  -4  -2   1   11   2  10  16   1   7   8   1   0   6   4   6   6   1   2   5   2   0   1  10  0.18 0.16
  355 A     1  -3   0  -1  -4  -2  -1   5  -2   0  -3  -2  -2  -4  -4   0  -2  -3  -3   2   12   1   3   3   0   1   4  39   1   5   2   2   1   0   1   6   2   0   1  15  0.53 0.30
  356 G    -1   3   2  -1  -4   1   0   2  -1  -3  -4  -1  -4  -3   3  -1   0  -4  -2  -3    3  18   8   2   0   6   6  18   2   2   1   3   0   1  15   4   7   0   2   1  0.40 0.27
  357 E     1   1  -2   1  -4   1   4   1  -1  -4  -4   1  -2  -3  -2   1  -2  -4  -4  -3   10   9   1   7   0   4  32  10   1   1   1   8   1   1   1   9   2   0   0   2  0.46 0.30
  358 A     0  -2   0  -2  -3  -3  -1  -2  -3   1   0  -3  -1   0  -1  -2   1   2   0   4    9   3   4   2   0   1   4   3   0   9   9   1   1   3   3   2   9   3   4  30  0.25 0.21
  359 L    -3  -4  -2  -4  -4  -3  -4  -5  -4   2   1  -4  -1   6  -2  -3  -2   0   1   1    2   1   2   1   0   1   1   1   0  14  13   1   1  40   2   2   2   1   5  10  0.90 0.40
  360 K     0   2  -2  -1  -1  -1   0  -2   1  -3  -3   5  -3   0  -1   1  -1  -3  -2  -3    6  10   1   4   1   2   6   2   3   1   2  36   0   4   3  12   4   0   1   2  0.47 0.31
  361 T    -1   0   0   0  -3   0   0  -1   4   0   0   1  -1   2   0  -1   0   2   0  -1    4   5   5   4   0   5   4   4  11   7   7   9   1  10   5   2   6   3   2   5  0.09 0.10
  362 N     4  -3   5   0   0  -1  -3  -3  -1  -3  -4  -3  -4   1  -3  -2  -2  -4   0  -3   39   1  26   5   2   2   1   1   1   1   1   1   0   7   1   2   2   0   3   2  0.76 0.42
  363 I    -1  -2  -4  -4  -2  -2  -4  -3  -1   4   1  -3   1  -2  -3  -2  -2  -4  -2   5    4   2   1   1   1   2   1   2   2  21  12   1   3   1   1   2   2   0   2  41  0.70 0.34
  364 T     0   2   1   0  -2   1   1   0   0  -2  -2   1  -2  -1  -1   0   2  -3  -1  -1    6  11   6   4   1   6  11   8   2   2   2   8   0   3   2   5  18   0   2   3  0.18 0.15
  365 T     0  -1   0   0  -2   1   1  -1  -2  -1  -2   2   2  -2   0   0   2  -3  -1   0    6   3   5   4   0   7   9   5   0   2   3  12   8   1   5   6  14   0   2   7  0.13 0.13
  366 L    -1  -2  -1  -1   0  -1  -1  -3   0   1   3  -1   4   0  -2  -2  -1   0   1   1    4   2   3   3   2   2   4   2   2   7  29   4  12   4   1   2   2   1   5   8  0.23 0.14
  367 G     1  -1   0   0  -1   0   0   2  -2  -1  -1  -1  -1  -2   1   1   1  -2  -2  -1   12   2   3   5   1   4   7  20   1   3   7   3   2   1   6  11   8   0   1   3  0.14 0.09
  368 P     0   1   0   1  -2   1   1  -1   1  -2  -2   1   0  -2   3   0  -1  -2  -2  -1    7   7   5   8   1   5   8   3   3   2   3  10   3   1  16   6   3   0   1   5  0.20 0.11
  369 L     0   0   0   0  -1   0   0  -1   0   1   0  -1   0   1  -1   0   0  -1   0   0    8   4   4   6   1   3   7   3   2   8  12   3   3   7   2  10   4   0   4   9  0.01 0.03
  370 V     1  -1  -2  -2   1  -2  -2   0   0   2   0  -1   0  -1  -2  -1  -1  -2  -1   3   10   3   1   2   3   1   2   8   2  13   6   4   2   2   2   5   3   0   2  29  0.20 0.13
  371 L    -1   0   0   0  -1   1   0  -1   1   0   0   0   0   1  -1  -1   0  -1   0   0    4   4   3   7   1   7   8   5   3   5  13   6   3   9   3   4   7   1   3   5  0.02 0.03
  372 P     0   0   1   1  -2   0   2  -2  -1  -2  -2   1   1  -2   2   0  -1  -2  -2  -1    8   5   6   7   1   4  18   3   1   2   4  10   4   2  12   6   3   1   1   4  0.20 0.10
  373 M     0  -1  -1  -1   0  -1  -1   0  -1   1   0  -1   0   1  -1   0   1   1   0   1   10   3   3   3   1   2   3   6   1   8   8   4   3   8   2   6  11   2   3  13  0.03 0.03
  374 S     1   0  -1  -1   0   0  -1   0  -1   0   1   0   1   1   0   0   0  -1   0   0   12   7   2   3   2   4   3   6   1   5  15   6   4   6   4   8   5   1   3   3  0.02 0.02
  375 E    -1   0  -1   1   0   1   4   0  -1  -2  -1   0  -1  -2   0  -1  -1  -2  -2   0    5   5   2   6   2   6  28   7   1   2   7   6   1   2   4   4   4   1   1   6  0.20 0.10
  376 Q     1   1   0   0  -1   1   0  -1   0  -1   0   1   0  -1   0   0   0   0  -1   0   11   7   3   7   1   8   6   4   2   3   8  11   3   3   3   4   4   1   2  10  0.05 0.04
  377 L     1  -1  -1  -1   2  -1  -1  -1   0   0   0  -1   0   0   1   0   0   1   1   1   13   3   3   3   5   3   3   4   2   5  12   3   1   4   8   5   5   2   6  10  0.05 0.03
  378 L     0   0  -1   0  -1   0   0   0  -1   0   1   0   0   1   0   0   0  -1   0   0    8   8   3   4   1   5   4   6   1   8  14   5   3   6   4   4   3   1   4   7  0.00 0.01
  379 F     0   0  -1   0  -1   0   0  -1   0   0   0   0   1   2  -1   0   0   2   2  -1    6   5   3   4   1   3   6   5   2   4   8   8   4  14   3   5   4   3   8   5  0.05 0.04
  380 F     0  -1   0   0  -1   0   0   0   2   0   0   0   1   2  -1   0   0  -1   0   0   10   3   4   5   1   5   8   5   6   6   6   5   4  10   3   6   4   1   3   5  0.03 0.03
  381 A     2   0  -1   0  -1   0   0  -1  -1   1   0   0   1  -1  -1   0   0  -1  -1   1   20   5   2   6   1   3   6   4   2  10   7   5   5   2   3   5   5   1   1  10  0.05 0.05
  382 T     0   1   0   0   0   0   1   0   1   0  -1   0  -1   0   0   0   1   0  -1   0    7   7   4   4   2   4   9   6   4   6   5   7   1   4   4   7  11   1   1   6  0.03 0.02
  383 L     0   0  -1   0  -1   0   0  -1  -1   1   1   0   0   0  -1   0   0  -1  -1   0    6   4   2   5   1   2   5   5   2   9  21   8   2   5   2   5   5   1   1   7  0.02 0.03
  384 V     1  -1  -2  -2  -1  -1  -2  -1  -2   1   2  -1   0  -1  -2   0   0  -2  -2   2   12   3   2   3   1   3   2   5   1   9  20   3   2   2   2   6   4   0   1  20  0.13 0.10
  385 A     2  -1   0   0  -1   0   0   0   0   0   0   0   0  -1   0   0   0  -1  -1   0   23   3   3   4   1   4   8   7   2   4  10   4   2   3   4   6   5   1   1   5  0.06 0.06
  386 R     1   3   0  -1  -1   0   1  -1   0  -2  -1   3  -2  -3   0   0  -1  -3  -2  -1   10  15   3   4   1   4   8   5   2   2   5  24   1   1   4   5   2   0   1   3  0.25 0.16
  387 K     1   0   3   1  -1   1   2  -1   2  -3  -3   2  -2  -2  -2   0   0  -3  -2  -1   14   5  14   6   1   4  12   4   5   1   2  12   1   1   1   6   6   0   1   4  0.20 0.14
  388 V     1  -2   1  -2   0  -1  -2   2   0   0   1  -1   1   0  -2   0  -1  -1  -2  -1   13   1   9   2   2   2   1  20   2   6  14   3   5   4   1   7   2   1   1   4  0.13 0.11
  389 F    -1  -1  -3  -3  -3  -2  -2  -2  -3   1   3  -1   2   4  -3  -2  -1   0  -1   0    4   3   1   2   0   1   2   3   1   7  34   3   5  18   1   2   5   1   2   6  0.39 0.21
  390 N     0   0   1   2  -3   1   1  -1  -1  -2  -1   2  -1  -3  -2   2   2  -3  -3  -2    7   4   8  11   0   5   8   5   1   1   5  11   2   1   2  14  12   0   1   2  0.19 0.14
  391 V     1  -1  -1   0  -2  -1   0  -1  -1   0  -1   0   0  -1   3   0   0  -3  -1   0   15   3   3   4   1   2   7   3   2   5   7   8   2   3  14   8   4   0   2   7  0.12 0.09
  392 K     1  -1  -1   1  -1  -1   2  -2   0  -1   0   1  -1  -2  -2   0   1  -3  -1  -1   16   2   2  10   1   2  13   2   2   4  13   8   1   1   1   5   8   0   1   4  0.11 0.11
  393 K     0  -2   2   4  -3   1   1   2  -1  -2  -2   2  -3  -2  -3  -1  -2  -4  -3  -3    7   1   9  25   1   5   8  16   1   2   5  11   0   2   1   2   1   0   1   1  0.39 0.24
  394 I    -1  -2  -2  -3  -1  -1  -2  -2  -3   4   1  -1   1  -1  -2  -2   0   0   0   2    4   2   2   1   1   3   3   3   0  29  13   4   4   2   1   3   5   1   3  15  0.30 0.18
  395 K     0  -1   0   3  -2   0   1   0   0  -3  -2   1  -2  -2   0   1   0  -3  -2  -2    6   3   4  21   1   3   9   6   2   1   5   9   1   2   4  14   6   0   1   3  0.23 0.16
  396 P     0  -2  -2   1  -3  -2  -2   0  -1  -2   0  -1  -1  -1   3  -1  -2   7   1  -2    8   1   2   8   0   2   3   7   2   2  10   5   2   3  17   5   2  15   5   3  0.42 0.21
  397 Y    -1  -1  -1   0  -1  -1   0   0  -1   0   1   0   0   1  -2  -1  -1   3   2   0    4   3   2   4   1   2   7   8   2   5  20   6   1   5   2   4   3   5   9   8  0.08 0.07
  398 I     0  -1   1  -1  -2   0   1  -1  -2   2   0  -1  -1  -2  -1   0   1  -2  -2   2    7   1   9   3   1   3  10   4   1  19   4   2   1   1   2   5  10   0   1  17  0.09 0.09
  399 P    -1  -1   0   0  -2  -1   1   0  -2  -1  -2   0  -1  -2   4   1   0  -2  -2   0    2   2   5   6   1   1   8   6   1   5   4   5   1   2  25  13   6   0   1   6  0.30 0.11
  400 D    -1  -1   0   4  -2  -1   1  -1  -1   0  -1  -1   0  -1  -1  -1  -1  -2   2  -1    4   4   4  33   1   2   9   4   1   6   7   3   2   1   2   3   2   0   9   4  0.25 0.12
  401 F    -1  -1  -1  -1  -2  -1   0  -1   0  -1  -1  -1  -1   4  -1   0   0   6   1  -1    4   2   2   4   1   3   5   3   2   3   6   5   1  21   2   9   7  15   3   3  0.30 0.11
  402 K    -1   0   2   0  -1   0   1  -1  -1  -1  -1   2  -1  -1  -1   1   0   1  -1  -1    4   5  14   5   1   3  11   4   1   2   5  16   1   2   3  11   4   2   2   4  0.12 0.05
  403 L     0  -1   0   1  -1   0   0  -1  -1   0   0  -1   1  -1   0   2   1  -2  -1  -1    6   2   3  10   1   4   5   4   1   4  14   3   4   2   4  19  11   1   1   3  0.07 0.05
  404 A     0  -1  -1   3  -1   0   1   0  -1  -1   0  -1  -1  -2  -1   0   0   3  -1  -1   10   2   1  22   1   3  11   7   1   4   9   2   2   1   2   6   7   5   1   4  0.14 0.08
  405 F    -2  -2  -2   0  -2  -2  -2  -2  -2   2   2  -1   0   4  -2  -2  -1  -1   1   0    2   1   1   6   1   1   2   2   1  16  20   5   1  26   2   2   2   0   3   6  0.25 0.13
  406 E    -1  -1   0   5  -2   0   1  -1   1  -2  -2   0  -2  -2  -1  -1  -1  -2  -2  -2    4   2   3  42   1   3   9   5   3   2   4   7   1   1   3   4   3   1   1   3  0.43 0.14
  407 H     0  -1  -1  -2   0   0   0  -2   4  -1  -1  -1  -1   1  -2  -1  -1   5   4  -1    7   3   2   2   2   4   7   3  12   2   7   2   1   4   2   3   3  10  22   4  0.33 0.13
  408 F    -1  -3  -3  -3  -1  -3  -1  -3  -3   0   1  -3  -1   5  -3  -1  -2   7   1   0    5   1   1   1   1   1   6   1   0   5  15   1   0  33   1   6   1  17   2   5  0.67 0.27
  409 C    -1  -3  -3  -3   3  -2  -1  -3  -3   3   1  -3   0  -1  -3  -2  -1  -2   1   3    4   1   1   1   9   1   6   1   0  22  13   1   1   1   1   2   1   0   5  29  0.34 0.18
  410 I     1  -2  -3  -3   0   0  -2  -1  -2   1   1  -2  -1   2   4  -1  -1  -2  -1   1   17   1   1   1   2   5   1   3   0  11  13   1   1  10  21   2   2   0   0   9  0.29 0.16
  411 H    -4  -3  -2  -4  -5  -3  -3  -5  10  -1  -3  -4  -4  -4  -5  -1  -4  -5  -1  -5    0   0   0   0   0   0   0   0  83   5   3   0   0   0   0   5   0   0   0   0  2.49 0.74
  412 A     0   2  -3  -3  -4   7  -1  -4  -2  -4  -4  -1  -1  -5   4  -1  -1  -4  -4  -4    8  10   0   0   0  54   0   0   0   0   0   0   1   0  18   3   3   0   0   0  1.10 0.48
  413 G     4  -3  -2   0  -3  -3  -3   4  -3  -3  -4  -3  -3  -4   2   0  -2  -4  -4  -2   44   0   0   5   0   0   0  31   0   0   0   0   0   0   9   5   0   0   0   3  0.72 0.34
  414 G    -2  -3   6  -2  -4  -2  -3   3  -2  -4  -2  -3  -4  -4  -4   0  -2  -4   1  -4    2   0  54   0   0   0   0  24   0   0   5   0   0   0   0   7   0   0   5   0  1.03 0.44
  415 R     0   2  -1  -1  -3   1   0   0  -1   0   0   1   1  -1   2  -1  -1   0   0  -1    6  14   1   1   0   6   6   6   1   9  10   9   5   1  11   4   2   1   3   3  0.11 0.09
  416 A     2   5  -1   0  -4  -1  -1  -2  -2  -4  -4   3  -3  -2  -1  -2  -2  -4  -1  -3   19  44   2   5   0   0   1   1   0   0   0  18   0   1   3   1   1   0   2   1  0.70 0.35
  417 V    -3  -4  -2  -4  -3  -4  -1  -5   0   6   0  -4   1   2  -4  -4  -3  -4  -2   2    0   0   2   0   0   0   5   0   3  61   5   0   2   7   0   0   0   0   0  13  0.92 0.40
  418 L    -3  -4  -3  -4  -3  -4  -4  -5  -4   4   3  -4   2  -2   1   0  -1  -4  -2   1    0   0   1   0   0   0   0   0   0  33  36   0   5   0   6   8   3   0   1   7  0.57 0.30
  419 D    -1  -2   1   5  -4   2   2  -3  -1  -2  -2   1  -2  -4  -3  -1   0  -5  -4  -1    5   1   5  40   0   9  13   0   1   2   3   9   1   0   0   4   5   0   0   4  0.57 0.28
  420 E     3   1  -1  -1   0   3   0   0  -2  -2  -2   1  -2  -3  -1   1   0  -4  -2  -2   28   9   1   3   2  19   5   5   0   2   2   7   0   1   2   9   5   0   1   1  0.29 0.23
  421 I     0  -4  -4  -4  -3  -4  -4  -3  -4   3   1  -4   2  -1  -4  -1   2   1  -2   4    7   0   0   0   0   0   0   1   0  16  11   0   5   2   0   3  17   2   0  35  0.53 0.31
  422 E     4  -1  -3  -2   2  -1   3   0   0  -3  -4   0  -3  -3  -3  -1  -1  -5  -4   0   43   3   0   1   4   2  24   6   2   1   0   4   0   1   0   1   2   0   0   6  0.55 0.36
  423 K     0   2   0   1  -4   1   2  -2   0  -3  -3   4  -2  -4  -1   0  -1  -4  -3  -3    9   9   3   6   0   5  17   1   2   1   2  33   1   0   2   4   4   0   1   1  0.45 0.27
  424 N    -1   3   1  -1  -4   0   0  -1  -1  -2  -2   4   0  -2  -1   0  -1  -4   0  -3    2  17   6   2   0   2   5   5   1   2   3  34   3   2   3   6   3   0   3   1  0.38 0.25
  425 L    -3  -1  -5  -5  -2  -2  -4  -5  -4   1   5  -4   1   0  -4  -4  -3  -4  -3  -1    2   3   0   0   0   2   0   0   0   7  73   0   3   4   0   1   1   0   0   2  1.01 0.43
  426 D    -1  -1   2   2  -4   0   1   4   0  -5  -5   2  -4  -5  -3  -1  -3  -4  -4  -4    3   1  11  11   0   4   8  40   2   0   0  14   0   0   0   3   0   0   0   0  0.65 0.31
  427 L    -2  -1  -4  -5  -2  -4  -4  -5  -4   3   4  -3   2   2  -4  -4  -2   2   0   1    3   4   0   0   0   0   0   0   0  19  41   1   6   8   1   0   2   3   2   9  0.56 0.28
  428 S    -1   1   0   1  -3  -1   0  -2  -2  -2  -3   1  -3  -3   4   2   0  -3   1  -3    3   7   3  10   0   0   7   1   0   2   2  10   0   0  23  16   6   0   6   1  0.40 0.22
  429 E    -1   1  -1   1  -3   1   2   0  -2  -3  -1   1   0  -3   4  -1  -1  -3  -2  -2    5   8   2   8   0   5  15   6   1   1   5   8   3   1  24   3   2   0   1   1  0.37 0.17
  430 W     1   0  -1   1  -2   0   4  -1   1  -1  -2   0  -2  -1  -1   0  -1   0  -1  -2   11   5   2   9   1   3  32   5   4   4   4   3   1   3   2   4   2   1   2   3  0.24 0.13
  431 H     0   1   0   1  -3   1  -1  -1   1  -2  -2   4  -1  -3   0  -1  -1  -3  -2   0    8   7   4   7   1   5   2   3   4   1   3  36   1   1   5   2   2   0   1   7  0.30 0.17
  432 M    -1  -2  -3  -3  -2  -2  -3  -3  -1   2   2  -2   5   1  -3  -2  -1  -2   1   2    4   2   1   1   0   2   1   1   2  11  21   1  18   6   1   2   3   0   4  19  0.36 0.19
  433 E    -1   2  -1   2  -4   1   4  -3   0  -2  -2   1  -2  -3   0   0  -1  -4  -3  -2    5  11   2  11   0   4  34   1   2   3   3   8   0   1   4   6   2   0   0   2  0.39 0.22
  434 P     2   1   0  -1  -1   2   0  -2  -1  -3  -3   3  -2  -3   3   0  -1  -3  -2  -2   22   6   3   3   1  10   4   1   1   1   2  22   0   1  13   4   2   0   1   3  0.34 0.21
  435 S     0  -2  -1  -2   0  -2  -2   0  -2  -1  -2  -2  -1   1  -1   2   3  -3   0   2    7   1   2   1   2   1   1   8   0   1   2   1   1   8   2  19  23   0   3  18  0.25 0.20
  436 R    -2   4  -3  -3  -3   0  -2  -3  -2   2   1  -1   0   0  -1  -2  -1   2   0   2    1  27   1   1   0   3   1   1   0  12  14   2   2   3   2   1   4   3   3  20  0.31 0.20
  437 M    -1   0  -1   1  -2  -1   0  -2   3   2   1  -1   3  -2  -3   0   0  -3  -1   2    3   6   2   8   0   2   4   2   9  13  11   2  11   0   0   7   5   0   1  15  0.14 0.14
  438 T    -1  -3   3  -1  -3  -3  -3  -3  -3   1  -2  -3  -2  -3  -3   0   4  -4  -1   3    3   0  19   3   0   0   0   0   0   8   1   0   1   0   0   7  33   0   2  20  0.55 0.33
  439 L    -2  -3  -4  -4   0  -3  -4  -4  -4   2   4  -3   3  -1   0  -1  -2  -3  -2   3    0   1   0   0   2   0   0   0   0  12  41   0   7   1   5   6   0   0   1  21  0.55 0.28
  440 N     0   0   0   3  -2   1   1   0   3  -3  -3   0   0  -3  -1   2   0  -1  -1  -2    7   4   2  17   1   6  10   8   8   0   0   5   3   0   2  19   4   1   2   2  0.26 0.18
  441 R    -2   4   0   2  -5   1   3  -3   2  -3  -3   2  -3  -3  -2  -1  -2  -3  -1  -4    2  23   5  10   0   5  26   1   5   1   2  13   0   1   1   2   1   0   2   0  0.55 0.29
  442 F    -3  -3  -4  -5  -3  -3  -4  -5   5   1  -3  -4  -1   2  -5  -3  -1  -2   7   1    1   1   0   0   1   1   0   0  16   7   1   0   1   8   0   1   4   0  46  12  1.24 0.51
  443 G     0  -6  -4  -5  -6  -5  -5   7  -5  -7  -7  -5  -6  -7  -5  -4  -5  -6  -6  -6    8   0   0   0   0   0   0  92   0   0   0   0   0   0   0   0   0   0   0   0  2.25 0.74
  444 N    -5  -4   9  -3  -7  -4  -4  -4  -3  -7  -7  -4  -6  -7  -6  -3  -4  -8  -6  -3    0   0  98   0   0   0   0   0   0   0   0   0   0   0   0   0   0   0   0   2  2.82 0.94
  445 T    -3  -4  -3  -5  -1  -2  -4  -5  -5   0   0  -4   6  -4  -2  -2   6   2  -4  -2    1   0   1   0   1   1   0   0   0   5   7   0  22   0   2   0  56   3   0   1  1.23 0.59
  446 S     0  -4  -3  -4  -4  -2  -3  -1  -3  -2  -4  -3  -1  -4  -4   6  -1  -4   4  -3    6   0   0   0   0   1   0   4   0   3   0   0   2   0   0  65   3   0  14   1  1.10 0.57
  447 S     4  -4   0  -4   0  -3  -3   0  -4  -4  -5  -3  -4  -5  -2   4   1  -5  -4  -3   42   0   3   0   2   0   0   5   0   0   0   0   0   0   2  39   8   0   0   0  0.93 0.49
  448 S     6  -4  -2  -4   0  -4  -4   1  -4  -4  -4  -4  -4  -3  -3   1  -3  -5  -5  -1   71   0   2   0   1   0   0  11   0   0   0   0   0   1   1   8   0   0   0   4  1.15 0.54
  449 S    -1  -4  -3  -4   5  -4  -4  -1  -4  -5  -5  -4  -4  -6  -4   6   2  -6  -5  -3    3   0   0   0  11   0   0   3   0   0   0   0   0   0   0  69  13   0   0   2  1.37 0.63
  450 L    -1  -5  -5  -5  -2  -4  -3  -5  -5   5   1  -5  -1  -2  -5  -2  -1  -5  -4   4    3   0   0   0   0   0   2   0   0  40  12   0   1   1   0   2   3   0   0  35  0.91 0.41
  451 W    -2  -5  -5  -5  -3  -4  -4  -3   1  -2   2  -4  -1   0   6  -2  -3   4   2  -2    2   0   0   0   0   0   0   1   4   2  20   0   2   4  48   2   0   6   6   2  1.17 0.48
  452 Y    -2  -3  -4  -3  -2  -4  -4  -5  -2   3   3  -4   2   4  -5  -3  -1  -2   3   0    4   1   0   2   1   0   0   0   1  18  34   0   5  17   0   0   3   0  12   3  0.61 0.31
  453 E     4  -4  -4  -4   0  -3  -1   1  -3   2   0  -3  -1  -4  -3  -1  -1  -5  -4   1   46   0   0   0   2   0   5   8   0  12   8   0   1   0   0   3   3   0   0  11  0.50 0.33
  454 L    -4  -5  -6  -7  -4  -5  -6  -7  -5   0   6  -5   4   1  -6  -5  -2  -4  -1  -2    0   0   0   0   0   0   0   0   0   4  77   0   9   5   0   0   2   0   2   1  1.39 0.57
  455 A     2  -1   0   5   2  -2   0  -2   0  -4  -4  -1  -1  -5  -3   1  -2  -1  -3  -3   19   2   3  38   4   1   5   2   3   0   0   3   2   0   0  13   1   1   1   1  0.61 0.35
  456 Y     0   0  -2   0  -4   0   4  -4   1  -2  -2   1  -2  -2  -3   0   0  -4   2  -2    6   6   0   5   0   3  39   0   3   1   4   7   1   1   0   6   6   0   9   3  0.44 0.29
  457 S     3  -4  -3  -4  -1  -3  -3  -1  -1   0   2  -3   4  -2  -3  -1   0  -1  -3   1   30   0   0   0   1   0   1   5   2   5  21   0  15   1   0   2   5   1   0  10  0.39 0.29
  458 E     0   2  -2  -1  -2  -1   1  -4  -2   2   1   0  -1   0  -3  -2  -2   0   0   2    7  17   1   3   1   2  10   0   1  11  16   4   0   4   0   0   0   1   2  21  0.21 0.19
  459 A     1   3   0   3  -3   1   2  -2   1  -4  -4   2  -3  -5  -2  -1  -1  -5  -4  -4   14  21   3  16   0   4  17   1   4   0   0  14   0   0   1   2   4   0   0   0  0.49 0.28
  460 K    -1   0   1   3  -4   2   3  -2  -1  -3  -2   3  -2  -4  -1   0  -1  -4  -3  -2    5   3   6  16   0   8  19   2   1   0   3  22   0   0   2   7   3   0   0   3  0.39 0.23
  461 G    -1  -2   0  -2  -1  -3  -2   6   0  -4  -4   0  -4  -4  -3   0  -1  -4  -4  -4    3   2   5   1   1   1   2  62   2   0   2   7   0   0   1   5   3   0   0   1  1.00 0.39
  462 R    -1   4  -2  -2  -3   1   0  -2   2   0   0   3  -1  -3  -1  -1  -1  -4  -3  -2    3  28   1   1   1   4   4   3   5   5  10  23   1   0   2   4   4   0   0   2  0.38 0.25
  463 I     1  -2  -1  -1  -3  -2  -1  -3  -3   3   2  -1   1   0  -1  -1  -1  -3  -2   1   12   1   2   3   0   0   3   1   0  27  19   4   4   4   3   4   4   0   0   8  0.23 0.18
  464 K    -2   2   0   1  -5   2   0  -3  -1  -4  -3   5   0  -5  -1  -2   2  -5  -4  -4    2   8   3   7   0   7   3   0   1   0   1  42   2   0   3   1  16   0   0   0  0.65 0.38
  465 R     0   2  -1  -1  -4  -1   0  -1  -1  -4  -3   2  -3  -4   4   0   2  -5  -2  -3    8  11   1   3   0   1   7   4   1   0   2  15   0   0  20   8  17   0   1   0  0.44 0.27
  466 G    -2  -5  -1  -2  -5  -3  -2   7  -2  -7  -6  -4  -6  -6  -2  -1  -3  -6  -3  -6    2   0   2   2   0   1   2  81   1   0   0   0   0   0   2   4   1   0   1   0  1.71 0.63
  467 D    -1  -2   0   6  -5   3   2  -2  -1  -5  -5   1  -3  -5  -4   0  -2  -5  -4  -5    4   0   4  44   0  13  15   3   2   0   0   7   0   0   0   5   1   0   0   0  0.89 0.42
  468 R    -2   3   0  -3  -3   1  -2   0   0   0   2   1  -1  -2  -1  -2   0   0  -1  -1    1  21   6   0   0   5   0   8   2   7  26   7   0   0   3   0   6   1   2   3  0.21 0.21
  469 T    -1  -4  -4  -3  -2  -3   0   1  -4   4   2  -3   1  -2  -4  -2  -2  -4  -3   3    4   0   0   1   0   0   8  12   0  28  18   0   3   0   0   2   1   0   0  23  0.45 0.29
  470 W     0  -5  -5  -6  -2  -4  -5  -2  -5   1   4  -5   1  -1  -5  -4  -3   7  -2   2    7   0   0   0   0   0   0   3   0   5  44   0   3   1   0   0   1  17   1  18  0.91 0.42
  471 Q    -1  -4  -4  -5   0   0  -4   1  -4   0   4  -4   4   0  -4  -3  -1   0  -3   1    3   0   0   0   2   6   0  13   0   3  45   0  11   4   0   1   3   1   0   7  0.52 0.32
  472 I     1  -3  -3  -1  -1  -2   1  -2  -3   2   0  -3   0   2  -3   1   0  -3  -2   3   10   0   0   2   1   1  12   3   0  11   6   0   3   9   0  11   4   0   1  25  0.21 0.20
  473 A     3  -4  -3  -4  -4  -4  -4   5  -4  -5  -5  -4  -4  -5  -1   2  -1  -5  -5  -4   31   0   0   0   0   0   0  47   0   0   0   0   0   0   3  17   3   0   0   0  1.08 0.48
  474 F    -3  -6  -6  -7  -5  -6  -6  -6  -4   0  -1  -6   3   8  -7  -5  -5  -2   4  -1    2   0   0   0   0   0   0   0   0   6   2   0   6  68   0   0   0   0  10   5  1.83 0.64
  475 G    -2  -6  -4  -5  -6  -5  -6   7  -6  -7  -7  -5  -6  -7  -6  -3  -5  -6  -7  -7    2   0   0   0   0   0   0  97   0   0   0   0   0   0   0   1   0   0   0   0  2.44 0.78
  476 S     2  -4  -3  -4  -4  -4  -4   4  -4  -5  -5  -3  -4  -4   4   3  -1  -5  -5  -4   20   0   0   0   0   0   0  32   0   0   0   0   0   0  24  21   2   0   0   0  0.98 0.45
  477 G    -3  -6  -2  -5  -6  -5  -6   7  -6  -8  -7  -5  -6  -7  -6  -4  -5  -6  -7  -7    0   0   1   0   0   0   0  99   0   0   0   0   0   0   0   0   0   0   0   0  2.54 0.81
  478 F    -2  -5  -5  -6  -4  -5  -5  -5  -4   1   4  -5   1   5  -5  -2  -4   2   0  -1    3   0   0   0   0   0   0   0   0   5  51   0   2  28   0   4   0   3   3   1  0.96 0.41
  479 K     0  -3  -1  -4   0  -3  -3  -1  -4  -4  -4   0  -3  -1  -4   2   6  -5  -4  -2    6   0   1   0   2   0   1   4   0   0   0   6   0   3   0  15  61   0   0   2  1.02 0.50
  480 C    -1  -5  -5  -6   3  -5  -5  -5  -3   1  -3  -5  -3   1  -6  -2  -1  10   2   2    6   0   0   0   7   0   0   0   1   9   0   0   0   5   0   4   3  41   7  16  1.55 0.54
  481 N     1  -4   1  -1  -5  -2   3   5  -3  -5  -5  -3  -4  -5  -4  -1   0  -5  -5  -5   10   0   7   2   0   0  25  48   0   0   0   0   0   0   0   2   5   0   0   0  0.92 0.41
  482 S     3  -3  -2  -2  -3  -2   0   0  -3  -3  -3  -3   1  -2  -3   3   3  -5  -4  -2   30   0   1   2   0   0   4   7   0   1   2   0   4   1   0  26  20   0   0   2  0.52 0.33
  483 A     2  -2  -3  -4   2   1  -3  -3  -3   1   1  -3   0   0  -3  -1  -1  -4  -3   3   24   1   1   0   5   7   0   1   0   8  10   0   2   5   0   4   3   0   0  30  0.33 0.24
  484 V    -1  -4  -5  -5  -3  -4  -5  -5  -3   3   3  -4  -1  -1  -5  -2  -2  -4   0   4    3   0   0   0   0   0   0   0   0  13  34   0   0   1   0   2   1   0   3  41  0.78 0.36
  485 W    -1  -4  -5  -5  -3  -3  -3  -5  -4   2   4  -4   1   1  -5  -4  -2   6   0   2    4   0   0   0   0   1   1   0   0  14  42   0   2   6   0   0   1  11   2  16  0.71 0.31
  486 R    -3   6  -2  -2  -5   2   1  -2   4  -5  -4   3  -4  -5  -4  -2  -2  -5  -3  -3    0  45   0   1   0   7   7   3  12   0   0  22   0   0   0   0   1   0   0   2  1.01 0.41
  487 A     1  -1   0  -2   2   0  -2  -1  -2  -1  -1  -1   0  -2  -3   3  -1   4   0   0   13   3   5   0   6   5   0   2   0   2   7   2   2   0   0  34   0   6   4   8  0.23 0.17
  488 L    -1  -3   0  -1  -1   1  -2   0  -3   2   2  -2   1  -2  -1  -2   0  -3  -2   3    2   0   6   2   1   8   0   7   0  10  20   0   3   0   3   0   4   0   0  34  0.21 0.15
  489 R     0   4   1   1  -3   0   2  -2  -1  -4  -3   2  -2  -4   1   1  -1  -4  -3  -3   10  30   7  10   0   0  12   0   0   0   0  12   0   0   8  11   1   0   0   0  0.41 0.14
  490 T    -1   1   3   2  -3  -1   1  -2   3  -2  -3   0  -2  -3   0   0   3  -4  -2  -1    1  10  18  12   0   0   6   0   9   0   0   4   0   0   4   4  25   0   0   7  0.29 0.14
  491 I    -1   0  -3  -3  -2   0  -2  -1  -3   3   1   0   0  -1  -3  -2   0  -3  -2   3    0   5   0   0   0   5   0   6   0  21  14   6   0   0   0   0   5   0   0  39  0.26 0.13
  492 D     0  -1   2   3  -3   2   1  -2  -1  -2  -2   1  -2  -3   1   0   2  -3  -2  -1    5   0  13  21   0  11   4   1   0   0   1  11   0   0   6   1  19   0   0   6  0.27 0.10
  493 P     0   0  -2   2  -3  -1  -1  -1  -2  -3  -3   1  -2  -3   6  -1  -1  -3  -3  -2    7   6   1  13   0   1   1   4   0   1   1   8   0   0  52   1   1   0   0   4  0.93 0.15
  494 S    -1   0   0  -1  -2   1   1   0  -1   1  -1   0   0  -2   3   1   1  -3  -2   0    1   4   4   1   0   7   9   7   0  14   1   6   2   0  14  11  15   0   0   3  0.15 0.04
  495 K     0   1   0   0  -2   1   1   0  -1   0  -1   0  -1  -2  -1   0   1  -2  -1   0    5  13   3   3   0   5  16   9   1   8   2   5   1   1   1   4  14   0   1  10  0.08 0.02
  496 E     0   0   2   0  -2   1   3  -1   3  -2  -2   1  -1  -2  -1   1   0  -2  -1  -2    5   1  11   1   0   1  26   2  14   1   2  12   1   1   1  13   4   0   1   2  0.24 0.05
  497 K    -1   0   0   2  -2   0   1  -1  -1  -1   0   2  -1  -1  -1   1  -1  -1   1  -1    2   1   1  13   1   1   7   2   1   2  13  28   1   1   2  11   2   0   9   2  0.11 0.04
  498 K     1  -1  -1   1  -1   0   0  -1  -1  -1  -1   0   3  -1   2   1   1  -2  -1  -1   15   2   1  11   1   1   4   2   1   2   3   4  20   1  13   9   8   0   1   2  0.15 0.04
  499 K     0   1  -1  -1  -1  -1  -1  -1  -1   0   2   0   1  -1   1   0   0  -1  -1   0   12  14   1   2   1   1   2   2   1   2  35   4   3   1   6   5   5   0   1   2  0.08 0.03
  500 K     1   2  -1  -1  -2   0   1   0  -1  -1   0   0   0  -2  -1   0   0  -2  -1   0   15  15   1   1   0   1  17   6   0   1  12   5   0   1   1   2   8   0   1  11  0.08 0.03
  501 T    -1   0   4   4  -3  -1   0   2  -1  -3  -3  -1  -2  -3   2   0   0  -3  -3  -3    1   5  28  29   0   1   1  15   0   1   1   1   0   0  10   3   3   0   0   1  0.42 0.07
  502 N    -1   0   5   0  -3   0  -1   0  -1  -3  -3   2  -2  -3  -2   1  -1  -4  -3  -1    0   0  56   0   0   0   0   5   0   0   0  22   0   0   0   9   0   0   0   9  0.54 0.13
  503 P     0   1  -2  -2  -2  -1  -1  -3  -2   1  -1   1  -1  -2   5  -1  -1  -4  -2   2   10  12   0   0   0   0   0   0   0  13   0  13   0   0  32   0   0   0   0  22  0.47 0.08
  504 W    -3  -4  -4  -5  -3  -3  -4  -4  -2  -3  -3  -4  -2   0  -4  -3   1  11   4  -3    0   0   0   0   0   0   0   0   0   0   0   0   0   0   0   0  12  76  13   0  2.35 0.26
  505 I    -1  -1   2   0  -2   1   3  -1  -1   1  -1  -1   0  -2  -2   0  -1  -3  -2   1    3   0  12   0   0   3  36   3   0  10   4   0   2   0   0   9   0   0   0  18  0.19 0.07
  506 D    -2  -2   0   6  -4   0   0  -1   4  -3   0  -1  -2  -3  -2  -1  -2  -4  -2  -3    0   0   0  65   0   3   0   3  16   0  13   0   0   0   0   0   0   0   0   0  0.69 0.12
  507 E     0   0  -1  -2   7  -1   0  -2  -2  -2  -2  -1  -2   0  -2   3   0  -3  -2  -2    0   6   0   0  42   0   9   0   0   0   0   0   0   6   0  36   0   0   0   0  0.56 0.08
  508 I    -2  -3  -4  -4  -2  -3  -4  -4  -4   5   1  -3   1  -1  -3  -3  -1  -3  -2   3    0   0   0   0   0   0   0   0   0  81   4   0   3   0   0   0   0   0   0  12  0.58 0.09
  509 H     1  -1   2   4  -3   0   1  -1   5  -3  -3  -1  -2  -3  -2   0  -1  -4  -1  -3   21   0  11  41   0   0   4   0  24   0   0   0   0   0   0   0   0   0   0   0  0.50 0.07
  510 E    -1   4   0   1  -3   2   3  -2  -1  -3  -1   2  -1  -3  -2   0  -1  -3  -2  -2    0  32   0   8   0   9  27   0   0   0   6  11   0   0   0   6   0   0   0   0  0.40 0.05
  511 F    -3  -3  -3  -4  -3  -2  -3  -4   1  -2  -2  -3  -2   3  -4  -3  -2   2   8  -2    0   0   0   0   0   0   0   0   0   0   0   0   0   9   0   0   0   0  91   0  1.29 0.14
  512 P    -2  -3  -3  -2  -4  -2  -2  -3  -3  -4  -4  -2  -3  -5   8  -2  -2  -5  -4  -3    0   0   0   0   0   0   0   0   0   0   0   0   0   0 100   0   0   0   0   0  2.33 0.13
  513 V    -1  -3  -4  -4  -1  -3  -3  -4  -4   3   1  -3   0  -1  -3  -2  -1  -3  -2   5    0   0   0   0   0   0   0   0   0  12   0   0   0   0   0   0   0   0   0  88  0.54 0.07
  514 P    -1   0  -1   1  -3   1   2  -2   2  -3  -3   2  -2   1   4  -1  -1  -3  -1  -3    0   0   0  10   0   5  17   0   7   0   0  23   0  11  27   0   0   0   0   0  0.45 0.03
  515 V    -1  -3   1  -2  -1  -2  -3  -3  -3   3   1  -2   1  -1  -3  -2  -1  -3  -2   3    0   0  14   0   0   0   0   0   0  34  13   0   0   0   0   0   0   0   0  39  0.27 0.03
  516 P    -1  -2  -2  -2  -3  -2  -1  -2  -2  -3  -3  -1  -3  -4   8  -1  -1  -4  -3  -3    0   0   0   0   0   0   0   0   0   0   0   0   0   0 100   0   0   0   0   0  2.11 0.03
  517 R    -1   3   0   3  -4   1   3  -2  -1  -3  -3   2  -2  -3  -2   0  -1  -3  -2  -3    0  28   0  24   0   0  31   0   0   0   0  17   0   0   0   0   0   0   0   0  0.47 0.01
  518 T     0  -2  -1  -2  -1  -2  -2  -2  -2   2   0  -2   0  -1  -2   1   2  -3  -2   3    0   0   0   0   0   0   0   0   0  14   0   0   0   0   0  24  14   0   0  48  0.18 0.01
  519 S     1  -1   0  -1  -1   0  -1  -1  -1  -1  -2  -1  -1  -2  -1   3   4  -3  -2  -1    0   0   0   0   0   0   0   0   0   0   0   0   0   0   0  45  55   0   0   0  0.40 0.01
  520 P    -1  -1   3   0  -2  -1  -1  -1  -1  -2  -3  -1  -2  -3   5   0   2  -4  -2  -2    0   0  33   0   0   0   0   0   0   0   0   0   0   0  42   0  24   0   0   0  0.76 0.01
  521 V    -1  -3  -3  -3  -1  -3  -3  -4  -3   4   1  -3   1   0  -3  -2  -1  -3  -1   3    0   0   0   0   0   0   0   0   0  79   0   0   0   0   0   0   0   0   0  21  0.38 0.01
  522 T     0  -1   0  -1  -1  -1  -1  -2  -2  -1  -1  -1  -1  -2  -1   1   5  -3  -2   0    0   0   0   0   0   0   0   0   0   0   0   0   0   0   0   0 100   0   0   0  0.46 0.00
  523 S     1  -1   1   0  -1   0   0   0  -1  -3  -3   0  -2  -3  -1   4   1  -3  -2  -2    0   0   0   0   0   0   0   0   0   0   0   0   0   0   0 100   0   0   0   0  0.45 0.00
  524 S     1  -1   1   0  -1   0   0   0  -1  -3  -3   0  -2  -3  -1   4   1  -3  -2  -2    0   0   0   0   0   0   0   0   0   0   0   0   0   0   0 100   0   0   0   0  0.45 0.00
  525 S     1  -1   1   0  -1   0   0   0  -1  -2  -2   0  -1  -2  -1   4   1  -3  -2  -2    0   0   0   0   0   0   0   0   0   0   0   0   0   0   0   0   0   0   0   0  0.00     0.00
  526 E    -1   0   0   1  -4   2   5  -2   0  -3  -3   1  -2  -3  -1   0  -1  -3  -2  -2    0   0   0   0   0   0   0   0   0   0   0   0   0   0   0   0   0   0   0   0  0.00     0.00
  527 S     1  -1   1   0  -1   0   0   0  -1  -2  -2   0  -1  -2  -1   4   1  -3  -2  -2    0   0   0   0   0   0   0   0   0   0   0   0   0   0   0   0   0   0   0   0  0.00     0.00
  528 R    -1   5   0  -2  -3   1   0  -2   0  -3  -2   2  -1  -3  -2  -1  -1  -3  -2  -2    0   0   0   0   0   0   0   0   0   0   0   0   0   0   0   0   0   0   0   0  0.00     0.00

                      K         Lambda
Standard Ungapped    0.1354     0.3211
Standard Gapped      0.0377     0.2670
PSI Ungapped         0.1233     0.3177
PSI Gapped           0.0377     0.2670
