
Last position-specific scoring matrix computed, weighted observed percentages rounded down, information per position, and relative weight of gapless real matches to pseudocounts
            A   R   N   D   C   Q   E   G   H   I   L   K   M   F   P   S   T   W   Y   V   A   R   N   D   C   Q   E   G   H   I   L   K   M   F   P   S   T   W   Y   V
    1 M    -1  -1  -2  -3  -1   0  -2  -3  -2   1   2  -1   5   0  -2  -1  -1  -1  -1   1    0   0   0   0   0   0   0   0   0   0   0   0   0   0   0   0   0   0   0   0  0.00     0.00
    2 R    -1   5   0  -2  -3   1   0  -2   0  -3  -2   2  -1  -3  -2  -1  -1  -3  -2  -2    0   0   0   0   0   0   0   0   0   0   0   0   0   0   0   0   0   0   0   0  0.00     0.00
    3 R    -1   5   0  -2  -3   1   0  -2   0  -3  -2   2  -1  -3  -2  -1  -1  -3  -2  -2    0   0   0   0   0   0   0   0   0   0   0   0   0   0   0   0   0   0   0   0  0.00     0.00
    4 L    -1  -2  -3  -4  -1  -2  -3  -4  -3   1   4  -2   2   0  -3  -2  -1  -2  -1   1    0   0   0   0   0   0   0   0   0   0   0   0   0   0   0   0   0   0   0   0  0.00     0.00
    5 G     0  -2   0  -1  -2  -2  -2   5  -2  -4  -4  -2  -3  -3  -2   0  -2  -2  -3  -3    0   0   0   0   0   0   0   0   0   0   0   0   0   0   0   0   0   0   0   0  0.00     0.00
    6 L    -1  -2  -3  -4  -1  -2  -3  -4  -3   1   4  -2   2   0  -3  -2  -1  -2  -1   1    0   0   0   0   0   0   0   0   0   0   0   0   0   0   0   0   0   0   0   0  0.00     0.00
    7 S     1  -1   1   0  -1   0   0   0  -1  -2  -2   0  -1  -2  -1   4   1  -3  -2  -2    0   0   0   0   0   0   0   0   0   0   0   0   0   0   0   0   0   0   0   0  0.00     0.00
    8 L    -1  -2  -3  -4  -1  -2  -3  -4  -3   1   4  -2   2   0  -3  -2  -1  -2  -1   1    0   0   0   0   0   0   0   0   0   0   0   0   0   0   0   0   0   0   0   0  0.00     0.00
    9 H    -2   0   1  -1  -3   0   0  -2   7  -3  -3  -1  -2  -1  -2  -1  -2  -2   2  -3    0   0   0   0   0   0   0   0   0   0   0   0   0   0   0   0   0   0   0   0  0.00     0.00
   10 H    -2   0   1  -1  -3   0   0  -2   7  -3  -3  -1  -2  -1  -2  -1  -2  -2   2  -3    0   0   0   0   0   0   0   0   0   0   0   0   0   0   0   0   0   0   0   0  0.00     0.00
   11 D    -2  -2   1   6  -3   0   1  -1  -1  -3  -4  -1  -3  -3  -1   0  -1  -4  -3  -3    0   0   0   0   0   0   0   0   0   0   0   0   0   0   0   0   0   0   0   0  0.00     0.00
   12 T     0  -1   0  -1  -1  -1  -1  -2  -2  -1  -1  -1  -1  -2  -1   1   4  -2  -2   0    0   0   0   0   0   0   0   0   0   0   0   0   0   0   0   0   0   0   0   0  0.00     0.00
   13 S     1  -1   1   0  -1   0   0   0  -1  -2  -2   0  -1  -2  -1   4   1  -3  -2  -2    0   0   0   0   0   0   0   0   0   0   0   0   0   0   0   0   0   0   0   0  0.00     0.00
   14 P    -1  -2  -2  -1  -3  -1  -1  -2  -2  -3  -3  -1  -2  -4   7  -1  -1  -4  -3  -2    0   0   0   0   0   0   0   0   0   0   0   0   0   0   0   0   0   0   0   0  0.00     0.00
   15 S     1  -1   1   0  -1   0   0   0  -1  -2  -2   0  -1  -2  -1   4   1  -3  -2  -2    0   0   0   0   0   0   0   0   0   0   0   0   0   0   0   0   0   0   0   0  0.00     0.00
   16 F    -2  -3  -3  -3  -2  -3  -3  -3  -1   0   0  -3   0   6  -4  -2  -2   1   3  -1    0   0   0   0   0   0   0   0   0   0   0   0   0   0   0   0   0   0   0   0  0.00     0.00
   17 A     4  -1  -2  -2   0  -1  -1   0  -2  -1  -1  -1  -1  -2  -1   1   0  -2  -2   0    0   0   0   0   0   0   0   0   0   0   0   0   0   0   0   0   0   0   0   0  0.00     0.00
   18 A     4  -1  -2  -2   0  -1  -1   0  -2  -1  -1  -1  -1  -2  -1   1   0  -2  -2   0    0   0   0   0   0   0   0   0   0   0   0   0   0   0   0   0   0   0   0   0  0.00     0.00
   19 L    -1  -2  -3  -4  -1  -2  -3  -4  -3   1   4  -2   2   0  -3  -2  -1  -2  -1   1    0   0   0   0   0   0   0   0   0   0   0   0   0   0   0   0   0   0   0   0  0.00     0.00
   20 A     4  -1  -2  -2   0  -1  -1   0  -2  -1  -1  -1  -1  -2  -1   1   0  -2  -2   0    0   0   0   0   0   0   0   0   0   0   0   0   0   0   0   0   0   0   0   0  0.00     0.00
   21 C     0  -3  -3  -3   8  -3  -4  -2  -3  -1  -1  -3  -1  -2  -3  -1  -1  -2  -2  -1    0   0   0   0   0   0   0   0   0   0   0   0   0   0   0   0   0   0   0   0  0.00     0.00
   22 N    -2   0   6   1  -3   0   0   0   1  -3  -3   0  -2  -3  -2   1   0  -4  -2  -3    0   0   0   0   0   0   0   0   0   0   0   0   0   0   0   0   0   0   0   0  0.00     0.00
   23 Q    -1   1   0   0  -3   5   2  -2   0  -3  -2   1   0  -3  -1   0  -1  -2  -1  -2    0   0   0   0   0   0   0   0   0   0   0   0   0   0   0   0   0   0   0   0  0.00     0.00
   24 R    -1   5   0  -2  -3   1   0  -2   0  -3  -2   2  -1  -3  -2  -1  -1  -3  -2  -2    0   0   0   0   0   0   0   0   0   0   0   0   0   0   0   0   0   0   0   0  0.00     0.00
   25 P    -1  -2  -2  -1  -3  -1  -1  -2  -2  -3  -3  -1  -2  -4   7  -1  -1  -4  -3  -2    0   0   0   0   0   0   0   0   0   0   0   0   0   0   0   0   0   0   0   0  0.00     0.00
   26 P    -1  -2  -2  -1  -3  -1  -1  -2  -2  -3  -3  -1  -2  -4   7  -1  -1  -4  -3  -2    0   0   0   0   0   0   0   0   0   0   0   0   0   0   0   0   0   0   0   0  0.00     0.00
   27 P    -1  -2  -2  -1  -3  -1  -1  -2  -2  -3  -3  -1  -2  -4   7  -1  -1  -4  -3  -2    0   0   0   0   0   0   0   0   0   0   0   0   0   0   0   0   0   0   0   0  0.00     0.00
   28 N    -2   0   6   1  -3   0   0   0   1  -3  -3   0  -2  -3  -2   1   0  -4  -2  -3    0   0   0   0   0   0   0   0   0   0   0   0   0   0   0   0   0   0   0   0  0.00     0.00
   29 G     0  -2   0  -1  -2  -2  -2   5  -2  -4  -4  -2  -3  -3  -2   0  -2  -2  -3  -3    0   0   0   0   0   0   0   0   0   0   0   0   0   0   0   0   0   0   0   0  0.00     0.00
   30 T     0  -1   0  -1  -1  -1  -1  -2  -2  -1  -1  -1  -1  -2  -1   1   4  -2  -2   0    0   0   0   0   0   0   0   0   0   0   0   0   0   0   0   0   0   0   0   0  0.00     0.00
   31 V     0  -2  -3  -3  -1  -2  -2  -3  -3   3   1  -2   1  -1  -2  -2   0  -3  -1   4    0   0   0   0   0   0   0   0   0   0   0   0   0   0   0   0   0   0   0   0  0.00     0.00
   32 H    -2   0   1  -1  -3   0   0  -2   7  -3  -3  -1  -2  -1  -2  -1  -2  -2   2  -3    0   0   0   0   0   0   0   0   0   0   0   0   0   0   0   0   0   0   0   0  0.00     0.00
   33 A     4  -1  -2  -2   0  -1  -1   0  -2  -1  -1  -1  -1  -2  -1   1   0  -2  -2   0    0   0   0   0   0   0   0   0   0   0   0   0   0   0   0   0   0   0   0   0  0.00     0.00
   34 C     0  -3  -3  -3   8  -3  -4  -2  -3  -1  -1  -3  -1  -2  -3  -1  -1  -2  -2  -1    0   0   0   0   0   0   0   0   0   0   0   0   0   0   0   0   0   0   0   0  0.00     0.00
   35 S     3  -1   0  -1  -1   0  -1   0  -1  -2  -2   0  -1  -2  -1   3   1  -3  -2  -1   50   0   0   0   0   0   0   0   0   0   0   0   0   0   0  50   0   0   0   0  0.35 0.00
   36 K     3   1  -1  -1  -2   0   0  -1  -1  -2  -2   3  -1  -3  -1   1   0  -3  -2  -1   50   0   0   0   0   0   0   0   0   0   0  50   0   0   0   0   0   0   0   0  0.29 0.00
   37 S     1  -1   1   0  -1   0   0   0  -1  -3  -3   0  -2  -3  -1   4   1  -3  -2  -2    0   0   0   0   0   0   0   0   0   0   0   0   0   0   0 100   0   0   0   0  0.46 0.00
   38 R    -2   4  -2  -3  -3   0  -1  -3  -1  -1  -1   1  -1   5  -3  -2  -2   0   2  -2    0  50   0   0   0   0   0   0   0   0   0   0   0  50   0   0   0   0   0   0  0.40 0.00
   39 P    -1  -2  -2  -2  -3  -1  -1  -2  -2  -3  -3  -1  -3  -4   8  -1  -1  -4  -3  -3    0   0   0   0   0   0   0   0   0   0   0   0   0   0 100   0   0   0   0   0  2.05 0.01
   40 P    -1  -2   0   4  -3  -1   1  -2  -2  -3  -3  -1  -3  -4   6  -1  -1  -4  -3  -3    0   0   0  50   0   0   0   0   0   0   0   0   0   0  50   0   0   0   0   0  1.07 0.00
   41 Q    -1   0  -1  -2  -2   4   0  -3  -1   2   0   0   0  -1  -2  -1  -1  -2  -1   1    0   0   0   0   0  50   0   0   0  50   0   0   0   0   0   0   0   0   0   0  0.22 0.00
   42 L    -1  -2  -3  -4  -2  -1  -3  -3  -2   1   3  -2   5   0  -3  -2  -1  -2  -1   1    0   0   0   0   0   0   0   0   0   0  35   0  65   0   0   0   0   0   0   0  0.37 0.02
   43 E    -1  -1   0   4  -4   1   5  -2   0  -3  -3   0  -3  -4  -1   0  -1  -4  -3  -3    0   0   0  32   0   0  68   0   0   0   0   0   0   0   0   0   0   0   0   0  0.69 0.01
   44 P    -1   0  -1  -1  -2   0   0  -2  -2  -2  -2   2  -2  -3   5   0   2  -3  -2  -2    0   0   0   0   0   0   0   0   0   0   0  32   0   0  35   0  33   0   0   0  0.60 0.01
   45 G     0  -3  -1  -2  -2  -2  -3   5  -2  -2   0  -2  -1  -2  -3  -1  -2  -3  -3  -2    0   0   0   0   0   0   0  78   0   0  22   0   0   0   0   0   0   0   0   0  0.68 0.02
   46 K    -1   1  -1  -1  -3   4   1  -2  -1  -2   0   3   0  -2  -2   0   1  -3  -2  -1    0   0   0   0   0  36   0   0   0   0  14  33   0   0   0   0  16   0   0   0  0.30 0.03
   47 V     3  -1  -2  -2  -1   2  -1  -1  -2   1  -1  -1   0  -2  -2   0   0  -3  -2   2   44   0   0   0   0  23   0   0   0  13   0   0   0   0   0   0   0   0   0  20  0.19 0.03
   48 G     0  -3  -1  -2  -3  -2  -3   6  -2  -4  -4  -2  -3  -4  -3  -1  -2  -3  -4  -4    0   0   0   0   0   0   0 100   0   0   0   0   0   0   0   0   0   0   0   0  1.19 0.06
   49 K    -1   2  -1  -2  -3   0   0  -2  -1   0  -1   3  -1   2  -2  -1  -1  -2  -1   1    0  13   0   0   0   0   0   0   0   0   0  49   0  14   0   0   0   0   0  23  0.22 0.03
   50 K     1   1  -1  -1  -2   3   0  -2  -1   0  -1   3  -1  -2  -2   0   1  -3  -2   0   13   0   0   0   0  23   0   0   0  16   0  34   0   0   0   0  13   0   0   0  0.20 0.03
   51 P    -1  -2   2  -1  -2  -1  -1  -2  -2  -1   1  -1   0  -2   3   1   2  -3  -2  -1    0   0  13   0   0   0   0   0   0   0  23   0   0   0  20  14  30   0   0   0  0.30 0.02
   52 I    -1  -3  -3  -4  -2  -3  -3  -4  -3   3   1  -3   1   3  -3  -2  -1  -1   0   3    0   0   0   0   0   0   0   0   0  43   0   0   0  27   0   0   0   0   0  31  0.36 0.03
   53 K    -1   0   2  -1  -2   3   0   1  -1  -1  -1   2   2  -2  -2  -1  -1  -3  -2   0    0   0  13   0   0  23   0  13   0   0   0  20  14   0   0   0   0   0   0  16  0.15 0.02
   54 K    -1   1   0   2  -3   1   2  -2  -1  -3  -2   4  -2   2  -2  -1  -1  -2  -1  -2    0   0   0  13   0   0  13   0   0   0   0  57   0  16   0   0   0   0   0   0  0.34 0.04
   55 T     0  -2  -1  -2  -1  -1  -1  -2  -2   0  -1  -1  -1  -2  -2   2   4  -3  -2   2    0   0   0   0   0   0   0   0   0   0   0   0   0   0   0  16  57   0   0  27  0.33 0.04
   56 M    -1  -2  -2  -3  -2  -2  -2  -3  -2   1   0  -2   3   4  -3   0  -1  -1   1   1    0   0   0   0   0   0   0   0   0   0   0   0  20  41   0  16   0   0   0  23  0.27 0.03
   57 R    -1   3  -1  -2  -2   2  -1  -3  -1   0   1   2   5  -1  -2  -1  -1  -2  -2  -1    0  20   0   0   0  13   0   0   0   0   0  13  54   0   0   0   0   0   0   0  0.31 0.05
   58 I    -1  -3  -4  -4  -1  -3  -3  -4  -4   4   1  -3   1  -1  -3  -2  -1  -3  -2   4    0   0   0   0   0   0   0   0   0  59   0   0   0   0   0   0   0   0   0  41  0.45 0.04
   59 A     3  -2  -2  -3  -1  -2  -2  -1  -2  -1   1  -2   0   3  -2   0  -1  -1   0   0   59   0   0   0   0   0   0   0   0   0  14   0   0  27   0   0   0   0   0   0  0.26 0.03
   60 R    -1   2  -1  -2  -2   0  -1  -2   4   1   1   0   0   2  -2  -1  -1  -1   1   0    1  21   1   1   0   1   1   1  23  15  15   1   0  14   1   1   1   0   1   1  0.14 0.02
   61 I     2  -2  -2  -2  -1  -2  -2  -2  -2   2   2  -2   1  -1  -2  -1   0  -2  -1   2   28   1   1   1   0   1   1   1   0  21  24   1   0   1   1   1   1   0   1  15  0.13 0.01
   62 P    -1  -2  -2  -2  -1  -1  -2  -2  -2   1   2  -1   0  -1   3  -1   1  -2  -1   2    1   1   1   1   0   1   1   1   0   1  28   1   0   1  21   1  15   0   1  24  0.25 0.02
   63 T     1  -2  -1  -2  -1  -1  -1  -2  -2   1  -1  -1   0  -2  -1   1   4  -2  -2   0   13   1   0   1   0   0   1   1   0  19   1   1   0   0   1   1  60   0   0   1  0.30 0.04
   64 S     1  -1   2  -1  -1  -1  -1  -1  -1   0   0  -1   1  -2  -2   2   3  -3  -2  -1    8   0  14   0   0   0   0   0   0   7   6   0   6   0   0  31  25   0   0   0  0.22 0.05
   65 I    -1  -3  -3  -4   1  -3  -3  -1  -3   3   3  -3   3  -1  -3  -2   0  -3  -2   2    0   0   0   0   3   0   0   8   0  24  36   0  12   0   0   0   4   0   0  14  0.33 0.08
   66 P     2  -2   1   1  -2   0  -1   1  -2  -1  -1  -1   0  -3   4   0  -1  -3  -3  -1   30   0   9   8   0   3   0  14   0   6   3   0   3   0  21   4   0   0   0   0  0.33 0.08
   67 P    -2   4  -2  -2  -4   0   0  -3  -2  -2  -1   3  -2  -4   4  -1  -2  -4  -3  -2    0  26   0   0   0   0   3   0   0   3   5  31   0   0  26   3   0   0   0   3  0.64 0.15
   68 H    -2  -3  -1  -3  -4  -2  -3   0   4  -4  -4  -3  -4  -4   7   0  -1  -4   1  -4    1   0   2   0   0   0   0   6  14   0   0   0   0   0  62   6   2   0   6   0  1.43 0.27
   69 L    -2  -3  -4  -4  -2   0  -3  -5  -4   3   4  -3   0  -1  -4  -3  -2  -3  -2   3    0   0   0   0   0   6   0   0   0  23  48   0   0   1   0   0   0   0   0  21  0.60 0.17
   70 R    -1   4  -2  -2  -4   1   0  -1  -2  -4  -4   5  -3  -4  -3   0  -2  -4  -3  -4    4  29   0   0   0   4   4   4   0   0   0  50   0   0   0   5   0   0   0   0  0.81 0.23
   71 L     1   3   0  -2  -3   3   1  -1   2  -3  -1   0  -2  -2  -1   1  -1  -3  -2  -2   16  18   3   0   0  24   5   3   7   0   7   0   0   2   2  12   1   0   0   0  0.29 0.13
   72 P    -1  -3  -3  -4  -3  -3  -3  -4  -4   1   4  -1   3   0   0  -3  -1  -3  -2   0    5   0   1   0   0   0   0   0   0   3  63   4   9   4   5   0   2   0   0   3  0.56 0.19
   73 L     1  -2  -2  -2  -2  -2  -2  -3  -3   1   0  -1   0  -3   0   2   4  -4  -3   0    9   0   0   0   0   0   0   0   0   9   9   4   2   0   3  19  40   0   0   4  0.38 0.17
   74 D    -1  -1   4   3  -3   0   1  -1  -1  -2  -3   0  -1  -3  -2   1   0   2  -3  -2    6   0  27  24   0   3  10   3   0   2   1   6   1   0   0   8   3   4   0   2  0.41 0.13
   75 L     0  -3  -4  -4  -2  -1  -2  -4  -3   1   2  -3   3   1  -3  -2  -1  -3  -2   4    8   0   0   0   0   2   1   0   0   5  19   0   8   5   0   2   0   0   0  48  0.46 0.17
   76 S     1  -2   5  -1  -3   1  -1  -2  -1  -1  -3   0  -2  -1  -3   2   1  -4  -1  -2   10   0  36   0   0   5   2   0   0   3   2   5   0   2   0  22   8   0   2   1  0.43 0.18
   77 A     1  -2   0  -2  -2   1  -1  -1  -2  -1  -1  -1   2   1  -1   2   1  -3   0  -1   17   0   4   1   0   9   2   2   0   2   3   1  10   8   2  24   9   0   2   4  0.17 0.12
   78 V     0  -1  -1   0  -2   1   0  -2  -2   0  -1   0   2  -1   2   0   2  -3  -1   1    6   0   3   5   0  11   3   1   0   3   3   7   9   2  12   3  19   0   1  12  0.17 0.10
   79 S     0  -2   1  -2  -2  -2  -2  -1  -2   1   1  -1   2   2  -3   2   0  -3  -1   0    7   0   9   0   0   0   0   4   0  13  11   4   6  13   0  21   6   0   0   6  0.13 0.11
   80 P     0   0  -1  -2  -4   6   0  -2  -2  -3  -1   0   0  -4   2  -1  -1  -4  -3  -3   10   2   1   0   0  50   4   3   0   1   5   4   2   0  11   3   3   0   0   0  0.69 0.26
   81 M    -1   4  -2  -1  -4   1  -1  -1  -2  -2  -2   2   1  -3  -3   0   2   1  -3  -1    3  32   0   3   0   6   1   5   0   1   1  17   4   0   0   4  15   2   0   5  0.38 0.17
   82 G     1  -2  -2  -1  -3  -1  -1   5  -3  -3  -4  -1   1  -4  -3   2  -2  -4  -4  -1   12   1   0   2   0   3   3  49   0   0   0   2   4   0   0  18   0   0   0   5  0.65 0.21
   83 S     1  -1   0  -2  -2  -1  -2   0  -2   1   1  -2   3  -1  -2   0   0  -3  -2   1   18   2   6   0   0   3   1   6   0  12  13   1  13   1   1   8   4   0   0  12  0.12 0.09
   84 A     5  -3  -3  -2  -2  -1   0   0  -3  -3  -2  -2  -1  -1  -3   1   1  -4  -2  -1   59   0   0   1   0   1   6   4   0   0   1   0   1   3   0   7  11   0   1   3  0.59 0.24
   85 S     4   0   0  -2  -2  -1  -2   1   0  -2  -3  -1  -2  -3   0   2   0  -4  -1  -2   42   6   5   1   0   2   1   8   3   1   2   1   0   0   3  19   4   0   2   1  0.37 0.18
   86 E     3  -2  -2  -1   3   0   0  -1  -3   2  -1  -1  -1  -3  -2   0   0  -4  -3   1   30   1   1   3   9   5   6   3   0  15   4   1   1   0   1   6   6   0   0   8  0.19 0.12
   87 H    -2  -1   0  -1  -4   3   2  -1   2  -1  -2  -1  -1   3  -2   1   0  -3   0  -2    1   1   5   1   0  22  15   5   5   3   1   0   2  19   1  10   5   0   2   2  0.28 0.17
   88 D     0   0   0   4  -3  -1   2  -2  -2  -3  -3   0  -1  -2  -3   2   2  -4  -3  -3    5   5   1  24   0   1  18   1   0   1   2   4   1   2   0  21  13   0   0   0  0.40 0.18
   89 V     0  -2  -3  -3  -2  -3  -3  -2  -1   3   2  -3   2   1  -1  -1   0  -3  -2   2    8   2   0   1   0   0   0   2   2  28  19   0   5   6   2   4   6   0   0  15  0.26 0.13
   90 R    -1   1  -1  -2  -3   0  -2  -1  -1   2   0  -1   0   5  -3  -1  -2  -2   0  -1    5  11   2   2   0   6   2   4   1  14   6   2   1  37   1   4   0   0   0   2  0.34 0.18
   91 E    -1   0   0   3  -1   2   3  -1  -1  -2  -2   0   1  -2  -1   0   1  -3  -2  -2    2   4   3  19   1  11  21   3   0   1   4   3   6   2   2   6   8   0   1   1  0.25 0.10
   92 H     0   3   1  -2  -3   2   0   0   3  -2  -2   1  -2  -2  -2   1  -1  -3  -1  -1    8  18   5   0   0  11   4   5  11   1   3   7   0   1   1  15   1   0   1   6  0.22 0.12
   93 L    -1  -1  -2  -3  -3   0  -1   0  -2   1   2   1   1   0   1  -1  -2  -3  -2   1    5   1   1   0   0   3   3  10   1   9  31  13   2   3   7   3   0   0   1   9  0.14 0.10
   94 L    -1  -1  -2  -2  -3  -2  -2  -3  -2   2   2  -2   2  -2   3  -1   0  -3  -1   1    5   3   1   1   0   1   1   1   1  15  27   1   6   0  19   5   6   0   1   7  0.31 0.14
   95 D    -1  -1   2   5  -4   0   0   0  -2  -3  -4   1  -4  -5  -2   1  -1   0  -4  -3    5   3   8  45   0   4   3   5   0   1   1  10   0   0   1   9   2   1   0   2  0.61 0.22
   96 V    -1  -3  -2  -2  -2  -1   1  -3  -3   3   1  -2   2  -1  -2   0   2  -3  -2   2    3   0   2   0   0   3  11   1   0  20  12   1   6   2   2   6  16   0   1  15  0.20 0.13
   97 D    -2  -2   1   4  -4   1   2  -3   0  -2  -3   0  -3  -4   3   0   1  -5  -4  -1    2   0   5  29   0   5  17   0   2   2   1   4   0   0  13   6  12   0   0   4  0.50 0.20
   98 G     1  -1   1   0  -1   0   0   0   0  -1  -2  -1  -2  -3   4   1   0  -4  -2   0   16   3   7   4   1   4   4   8   2   2   1   3   1   0  20   9   6   0   1   8  0.26 0.11
   99 V     0  -1  -1   0  -3   0   3  -1  -2  -1   0   0   0   0  -3   1   1  -3  -1  -1    8   3   2   4   0   3  30   3   0   2  10   2   3   5   0  10   8   0   2   5  0.17 0.12
  100 G     0   0   0   0  -3   0   0   2   0  -1  -2   1  -1  -3   1   1   1  -4  -2  -1    6   4   2   4   0   2   4  20   3   2   1  13   1   0   8  13  11   0   1   6  0.19 0.10
  101 E     0   0   1   5  -4   1   2  -1  -2  -3  -3  -1  -1  -4   0   1  -1  -3  -4  -3    6   6   5  36   0   6  13   5   0   2   2   2   2   0   4   9   3   0   0   0  0.47 0.20
  102 E     0   1   0   1  -3   1   3  -1   0  -3  -2   1  -2  -4   2   1   1  -4  -3  -2    6   9   4   9   0   5  22   3   2   0   3   8   1   0   9   8   9   0   0   2  0.28 0.13
  103 G     1  -1  -1  -2  -2   0  -1   4  -1  -3  -2   2  -1  -2   0   0  -1  -4  -3  -2   10   2   2   1   1   5   2  40   2   1   4  13   1   2   4   6   2   0   0   3  0.39 0.17
  104 A     1  -1   0   0  -2   1   0  -1  -1  -1  -2   0  -1  -2   1   1   2  -3  -1   0   17   2   5   4   0   8   3   3   2   4   2   7   1   1   5  11  17   0   2   8  0.13 0.10
  105 A     2   0  -1  -1  -2   1   0  -2  -2   0   0   0  -1  -1   2   1   1  -3  -1   1   20   5   1   3   0   9   4   1   1   4   7   4   0   2   9  10   7   0   1  13  0.12 0.10
  106 A     2  -1   1   1  -3   0   2  -1  -1  -2  -2   0  -2  -2   3   1   0  -4  -2  -1   18   3   8   6   0   2  13   2   1   1   2   6   1   1  16   8   7   0   1   5  0.25 0.13
  107 A     1   2   0   0  -3   1   1  -2  -2  -2  -1   0   3  -3  -1   1   1  -3  -2   0   14  12   5   5   0   5   9   2   0   0   3   5  13   0   3   9   9   0   0   7  0.15 0.13
  108 A     1  -1   0   0  -2  -1   0  -1  -1   1  -1   0  -1  -2  -1   1   2  -3  -2   1   16   2   5   4   0   1   7   2   2   8   6   5   0   1   2  13  13   0   0  13  0.10 0.09
  109 G    -1   1   2   1  -4   3   3   0  -1  -4  -4   3  -3  -4  -2   0   0  -4  -3  -2    3   5  10   5   0  13  21   9   1   0   0  20   0   0   1   5   4   0   0   2  0.40 0.20
  110 P     0  -2   0  -1  -2  -2  -1   3  -3  -1  -3  -2  -3  -4   5  -1   1  -4  -3  -1    6   1   6   2   1   1   3  25   0   4   1   1   0   0  33   2   8   0   1   4  0.66 0.25
  111 K     0   0  -1   0  -2  -2   0  -3  -1   2   0   2   5  -3  -3  -2  -2  -4  -2   0   10   6   2   5   1   1   7   2   1  15   5  15  22   0   0   1   1   0   1   6  0.32 0.23
  112 I    -4  -6  -6  -7  -4  -6  -6  -7  -6   7   3  -6   1  -2  -6  -5  -4  -6  -3   2    1   0   0   0   0   0   0   0   0  60  23   0   2   1   0   0   0   0   0  12  1.46 0.51
  113 R    -1   1  -1   1  -4   2   5  -4  -1  -4  -4   2  -4  -5  -4   1   1  -5  -4  -2    5   9   2   6   0   7  38   0   1   1   1  10   0   0   0  10   8   0   0   3  0.59 0.32
  114 V    -1  -5  -5  -5  -2  -5  -5  -5  -5   3   3  -5   0   4  -5  -3   0  -4  -1   3    5   0   0   0   1   0   0   0   0  18  24   0   1  21   0   1   5   0   1  23  0.72 0.32
  115 R    -2   4   1   1  -3   1   3  -4   0  -3  -5   4  -4  -5  -3  -1  -2  -5  -4  -2    2  23   6   6   0   6  18   0   2   2   0  26   0   0   0   4   2   0   0   2  0.64 0.32
  116 G    -2  -2   6   4  -6   0  -2   2   3  -6  -6  -1  -5  -6  -5  -1  -4  -6  -5  -6    2   2  42  22   0   4   1  13   6   0   0   3   0   0   0   3   0   0   0   0  1.10 0.45
  117 L    -3  -5  -6  -6  -3  -5  -5  -6  -6   3   4  -5  -1  -2  -6  -5  -4  -4  -4   5    1   0   0   0   0   0   0   0   0  13  36   0   1   1   0   0   0   0   0  46  1.17 0.45
  118 T    -2   0   3   0   0  -1  -1  -1   3  -4  -5   0  -4  -4  -4   3   3  -2  -2  -2    1   5  17   6   2   1   3   4   7   0   0   4   0   1   0  28  18   1   1   3  0.48 0.29
  119 R    -3  -1  -4  -5  -5  -2  -3  -5   1  -1   0   5  -3   5  -5  -4  -4  -3   2   0    1   2   0   0   0   1   0   0   4   4   8  38   0  27   0   0   0   0   7   8  0.86 0.40
  120 R    -1   2  -1  -2  -2   0  -1  -2   1   0  -2   0  -2   1  -4   1   1   3   3   0    4  16   2   1   1   4   2   2   4   6   1   4   0   6   0  11  12   5  13   6  0.24 0.18
  121 S    -5  -6  -6  -7  -7  -4  -6  -6  -3  -5  -4  -6  -5   5  -7  -5  -6  -2   9  -4    0   0   0   0   0   1   0   0   0   0   0   0   0  24   0   0   0   0  72   1  2.68 0.81
  122 E    -2  -1   0   1  -5   1   0   5  -2  -5  -5  -1  -2  -4   3  -1  -3  -3  -2  -4    2   3   4   9   0   6   5  41   1   0   1   4   1   1  17   3   1   0   1   1  0.69 0.30
  123 A     1   0   0   0  -2   1   1   0   0  -2  -2   1  -1  -2   1   1   1  -2  -1  -2   10   4   4   5   1   7  11   7   2   2   2  10   1   1   5  15   7   0   2   3  0.14 0.08
  124 R     0   2   2   1  -2   0   0   1  -1  -2  -2   1  -2   1  -1   0   0  -1   0  -2    7  11  11  10   1   3   3  14   1   2   4   9   1   9   2   5   4   1   2   2  0.12 0.07
  125 G     0  -1   1   3  -2   0   0   2  -1  -2  -3   0  -2  -3   1   0   0  -3  -2  -2    9   2   5  17   1   3   6  21   1   2   2   6   1   1   8   6   7   0   1   2  0.24 0.11
  126 E    -1   1   0   0  -3   1   1  -1   2  -1  -2   2  -1   1   0   0   1  -3  -1   0    4   6   4   5   0   5   7   3   6   3   3  17   0   8   4   5  11   0   1   7  0.11 0.09
  127 E    -1   1  -1  -1  -2   3   2  -4   4  -2  -2   1  -1  -3   2  -2   1  -2  -1   0    3   6   2   2   1  15  12   0  12   2   3  11   1   1  11   0   9   0   2   7  0.34 0.22
  128 I     5  -5  -5  -5  -4  -4  -5  -3  -5   2  -3  -4  -3  -5  -5  -2  -1  -6  -4   3   58   0   0   0   0   0   0   1   0  11   0   0   0   0   0   1   3   0   0  24  1.14 0.49
  129 L    -4  -6  -7  -7  -4  -6  -6  -7  -6   2   6  -6  -1  -1  -6  -5  -4  -5  -4   2    0   0   0   0   0   0   0   0   0   9  73   0   0   2   0   0   0   0   0  16  1.42 0.51
  130 R    -2   1   2   3  -5   0   1  -3   3  -5  -4   4  -4  -1  -3   0  -2  -5  -2  -4    3   8   9  17   0   4   6   1   7   0   0  33   0   4   1   5   1   0   1   0  0.58 0.30
  131 G    -3  -2   5   5  -5  -1  -1   3   1  -6  -6  -1  -5  -6  -3  -1  -3  -6  -5  -6    1   2  26  35   0   3   2  21   4   0   0   2   0   0   1   3   0   0   0   0  1.03 0.42
  132 V    -3  -6  -6  -6  -2  -6  -6  -6  -6   6   1  -6  -1   0  -6  -5  -3  -6  -4   5    2   0   0   0   1   0   0   0   0  41   9   0   0   4   0   0   1   0   0  42  1.28 0.47
  133 D    -3  -4   6   3  -3  -3  -3  -3  -2  -6  -6  -3  -5  -5  -5   4   1  -5  -3  -5    0   0  34  16   0   0   0   0   0   0   0   0   0   0   0  38   7   0   1   0  1.20 0.51
  134 L    -4  -5  -6  -7  -2  -5  -6  -6  -6   1   5  -6   4   4  -6  -5  -3  -4  -3  -1    1   0   0   0   1   0   0   0   0   6  65   0   8  15   0   0   1   0   0   3  1.28 0.47
  135 D    -1   0   1   3  -3   1   2  -3   2  -3  -4   1  -3  -4  -2   2   2  -5  -3  -2    5   3   7  17   0   5  16   0   5   1   1   9   0   0   2  14  13   0   0   2  0.36 0.22
  136 V    -1  -6  -6  -6  -4  -6  -6  -7  -6   7   0  -6  -1   1  -6  -5  -4  -6  -4   4    5   0   0   0   0   0   0   0   0  57   4   0   1   7   0   0   0   0   0  27  1.43 0.50
  137 P     0   1   0   0  -5   1   3  -2   0  -4  -3   2  -3  -3   4  -1  -3  -5   1  -4    7   7   5   4   0   6  18   3   2   0   2  15   0   0  22   2   0   0   5   0  0.51 0.26
  138 R     1   2  -1   1  -5   2   2  -3  -1  -5  -5   3  -4  -5   2   1  -1  -5  -4  -4   11  10   2   7   0   8  15   1   1   0   0  21   0   0  12   8   3   0   0   0  0.48 0.26
  139 G    -3   0   3  -4  -6  -4  -4   7  -1  -7  -7   0  -6  -7  -6  -3  -5  -6  -4  -7    0   6  12   0   0   0   0  74   1   0   0   5   0   0   0   1   0   0   1   0  1.68 0.57
  140 V    -2  -1  -2   1  -4   2   5  -3  -1  -5  -5   2  -3  -6  -4   1   0  -5  -3  -4    2   3   1   5   0  10  44   1   1   0   0  13   1   0   0  13   5   0   1   0  0.83 0.39
  141 V    -3  -1  -4  -5  -3  -4  -5  -5  -4   4   0  -3   1   4  -5  -3   1   2   1   4    0   3   0   0   0   0   0   0   0  22   5   1   4  18   0   1   9   3   3  29  0.68 0.32
  142 V    -3  -4  -3  -5  -1  -4  -4  -5  -3   2   1  -4  -1   3  -4  -2   4  -3   2   3    1   0   0   0   1   0   0   0   0   9  11   0   1  12   0   1  30   0   8  24  0.66 0.33
  143 G     5  -4  -4  -4  -1  -4  -4   3  -5  -4  -4  -4  -4  -5  -4   0   1  -5  -5   1   55   0   0   0   1   0   0  19   0   0   0   0   0   0   0   6  10   0   0   8  0.96 0.43
  144 V    -4  -5  -6  -6  -4  -5  -6  -6  -5   5   4  -5   0   3  -5  -5  -4  -4  -3   2    0   0   0   0   0   0   0   0   0  32  40   0   1  13   0   0   0   0   0  12  1.07 0.40
  145 I    -3  -5  -6  -6  -2  -5  -6  -6  -6   6   2  -5   1  -3  -5  -5  -3  -5  -4   4    1   0   0   0   0   0   0   0   0  47  20   0   3   0   0   0   0   0   0  27  1.24 0.44
  146 G    -4  -6  -4  -5  -6  -6  -6   8  -6  -8  -7  -6  -7  -7  -6  -4  -6  -6  -7  -7    0   0   0   0   0   0   0  98   0   0   0   0   0   0   0   0   0   0   0   0  2.66 0.77
  147 P    -2   2  -3  -5  -6  -1  -3  -4   4  -5  -3  -2  -2  -3   7  -2  -3  -6   1  -5    4  11   1   0   0   3   1   1  10   0   3   2   1   1  56   2   1   0   4   0  1.47 0.52
  148 S    -3  -5   2  -4  -5  -4  -4  -4  -5  -6  -6  -4  -5  -6  -5   7   1  -7  -6  -5    0   0   8   0   0   0   0   0   0   0   0   0   0   0   0  85   6   0   0   0  1.91 0.72
  149 G    -4  -6  -4  -5  -6  -6  -6   8  -6  -8  -7  -6  -7  -7  -6  -4  -6  -6  -7  -7    0   0   0   0   0   0   0  98   0   0   0   0   0   0   0   0   0   0   0   0  2.66 0.77
  150 S     3  -5  -4  -5   9  -5  -5  -2  -5  -5  -5  -5  -5  -6  -5   4  -2  -6  -5  -4   21   0   0   0  38   0   0   2   0   0   0   0   0   0   0  36   1   0   0   1  1.67 0.59
  151 G    -4  -6  -4  -5  -6  -6  -6   8  -6  -8  -7  -6  -7  -7  -6  -4  -6  -6  -7  -7    0   0   0   0   0   0   0  98   0   0   0   0   0   0   0   0   0   0   0   0  2.66 0.77
  152 K    -5  -2  -5  -5  -8  -3  -4  -6  -5  -7  -7   8  -6  -8  -5  -5  -5  -8  -6  -7    0   0   0   0   0   0   0   0   0   0   0 100   0   0   0   0   0   0   0   0  2.76 0.87
  153 S    -3  -5  -3  -4  -5  -4  -4  -5  -5  -6  -6  -4  -5  -6  -5   7   4  -7  -6  -5    0   0   0   0   0   0   0   0   0   0   0   0   0   0   0  77  23   0   0   0  1.92 0.73
  154 T    -4  -6  -4  -5  -5  -5  -5  -6  -6  -5  -6  -5  -5  -7  -6   0   8  -7  -6  -4    0   0   0   0   0   0   0   0   0   0   0   0   0   0   0   4  96   0   0   0  2.57 0.86
  155 L    -4  -5  -6  -6  -4  -5  -6  -6  -5   2   5  -5   1   3  -6  -4   0  -4  -1   1    0   0   0   0   0   0   0   0   0  10  58   0   2  13   0   0   6   0   2   7  1.03 0.40
  156 L     0  -5  -6  -6  -1  -5  -5  -6  -5   3   5  -5   0   0  -5  -3  -2  -5  -4   2    7   0   0   0   1   0   0   0   0  17  55   0   1   3   0   2   2   0   0  12  0.91 0.37
  157 R    -4   7   1  -5  -7   2  -3  -4  -4  -6  -3   2  -5  -6  -5  -1  -4  -6  -5  -6    1  66   8   0   0   8   0   1   0   0   2  11   0   0   0   4   0   0   0   0  1.61 0.58
  158 A    -1  -4  -3  -5   6  -3  -4  -5   3   1   3  -4   4  -3  -5   0   1  -4  -4  -1    4   0   1   0  19   1   0   0   7   7  29   0  10   0   0   7  11   0   0   3  0.70 0.33
  159 L    -4  -6  -6  -6  -4  -5  -6  -7  -6   5   4  -6   1   3  -6  -5  -4  -5  -3   1    0   0   0   0   0   0   0   0   0  40  38   0   3  10   0   0   0   0   0   8  1.18 0.43
  160 N     2  -4   7  -2  -6   0  -2  -3  -3  -5  -5  -4  -4  -6   0  -2  -2  -7  -6  -5   19   0  61   1   0   4   2   1   0   0   1   0   0   0   6   1   2   0   0   0  1.43 0.56
  161 R    -2   6  -4  -5  -4  -3  -4   4  -3  -5  -1  -1  -1  -1  -5  -4  -4  -6  -5  -5    3  46   0   0   0   0   0  36   1   0   8   1   1   2   0   0   0   0   0   0  1.22 0.49
  162 L    -5  -5  -6  -7  -5  -5  -6  -7  -5   0   5  -6   6   5  -6  -5  -4  -4  -2  -3    0   0   0   0   0   0   0   0   0   4  51   0  21  23   0   0   0   0   0   0  1.43 0.52
  163 W    -3  -3   3  -1  -5   0   4  -4   2   0   0  -3  -3  -1  -4  -2  -2  -1   4  -2    0   0  15   3   0   3  31   0   5   7  12   0   0   2   0   1   2   1  16   2  0.58 0.33
  164 E    -2   2  -1   4  -5   1   3  -3   0  -2  -3   2  -2  -2  -2  -1   0  -4  -3  -3    3   9   1  30   0   5  18   1   2   3   3  12   1   1   1   3   5   0   1   1  0.49 0.26
  165 P     0  -3  -5  -5  -5  -3  -4  -5   0   0   1  -3  -3  -4   7  -4  -1  -6  -2   0    6   1   0   0   0   1   0   0   3   6  17   1   0   0  53   0   3   0   1   7  1.26 0.47
  166 A    -2  -3   0   3  -2  -1   1  -4  -2   1  -2  -2  -3  -4  -3   2   4  -5   0   0    1   1   4  16   1   2   7   0   0  11   2   1   0   0   0  16  29   0   3   5  0.43 0.28
  167 P     1  -1  -1   0  -4   1   3  -1  -2  -5  -5   0  -3  -5   2   4   0  -5  -4  -4   10   2   2   4   0   6  19   4   1   0   0   5   0   0  10  31   6   0   0   0  0.50 0.29
  168 G    -4  -7  -5  -5  -7  -6  -6   8  -6  -8  -8  -6  -7  -7  -6  -4  -6  -7  -7  -7    0   0   0   0   0   0   0  99   0   0   0   0   0   0   0   1   0   0   0   0  2.69 0.78
  169 A    -1   2   0   1  -3   3   3  -3   0  -3  -4   1  -2  -5  -3   2   1  -5  -4  -2    4  12   4   7   0  13  21   0   2   1   1   9   0   0   0  14   9   0   0   2  0.43 0.25
  170 V    -4  -6  -7  -7  -4  -6  -6  -7  -7   6   0  -6  -2  -3  -6  -5  -4  -6  -5   5    0   0   0   0   0   0   0   0   0  52   7   0   0   1   0   0   0   0   0  40  1.61 0.54
  171 L    -2   0  -2  -3  -2  -2  -1  -4  -1   1   3  -1   1   2  -4  -1   1   2   1   0    1   6   2   0   1   1   4   1   1  10  32   5   4   8   0   5   9   3   5   5  0.22 0.16
  172 L    -4  -5  -6  -6  -4  -5  -6  -6  -4   5   3  -5   0   3  -5  -5  -4  -4   1   3    0   0   0   0   0   0   0   0   0  30  29   0   1  12   0   0   0   0   5  22  0.96 0.37
  173 D    -2  -2   2   6  -6  -1   1   1   0  -6  -5  -2  -4  -1  -5  -2  -3  -6  -2  -6    4   2  11  52   0   1   7  10   3   0   1   2   0   3   0   2   0   0   2   0  1.03 0.41
  174 G    -4  -5   1   2  -6  -3  -2   7  -3  -7  -7  -4  -6  -7  -6  -3  -5  -6  -7  -7    0   0   6  12   0   1   3  76   1   0   0   1   0   0   0   1   0   0   0   0  1.79 0.59
  175 V    -2   1  -1  -1  -4   3   2  -4   2   0  -1   2  -1  -2  -4  -2   0  -4  -3   1    1   8   2   2   0  18  17   0   6   6   4  14   2   1   0   1   7   0   0  11  0.34 0.23
  176 D    -2  -1   4   6  -5  -2   1  -4  -3  -4  -4  -1  -4  -5   0  -1  -1  -6  -5  -1    2   2  20  44   0   1   9   0   0   1   1   4   0   0   5   3   3   0   0   5  0.92 0.39
  177 I    -2  -5  -6  -6  -4  -5  -6  -6  -6   6   3  -5   1  -2  -5  -4  -1  -5  -2   3    3   0   0   0   0   0   0   0   0  47  22   0   3   1   0   0   4   0   1  18  1.07 0.40
  178 C    -1   1   2  -2  -3   0  -2  -2  -2  -3  -2   1  -1  -1  -2   1   3   0   3  -2    5   8  11   1   0   3   1   3   0   0   4   9   1   2   1  11  23   1  14   1  0.31 0.23
  179 G     0   0   2   3  -4   1   1   1   0  -3  -3   1  -2  -4  -2   1   0  -4  -3  -3    6   5   9  22   0   4  10  12   2   1   2  11   1   0   1   8   5   0   1   1  0.33 0.17
  180 I    -1  -1  -1  -2  -3   0  -1  -3  -1   1   2   1   1   0  -3  -1   0  -3   1   1    5   3   2   2   0   4   4   1   2  10  21  13   4   4   0   2   4   0   7  13  0.13 0.11
  181 D    -2  -1   3   5  -5   1   1  -2   1  -4  -4   0  -4  -5   1   2  -1  -6  -4  -5    2   4  14  32   0   5   7   2   3   1   1   4   0   0   7  14   4   0   0   0  0.63 0.30
  182 V    -1  -3  -4  -3  -4  -3  -2  -4  -4   2   3  -2   0  -3   3  -3  -1  -5  -3   3    6   1   1   1   0   0   2   0   0   9  34   2   1   0  15   1   3   0   0  23  0.53 0.27
  183 L     0   3   1  -2  -4   1  -1  -2  -1   0  -1   1  -1  -3   1   0  -1   3  -1   1    8  21   7   1   0   6   3   1   1   5   3   8   1   0   7   5   2   4   2  14  0.20 0.16
  184 A     1  -1   1   1  -2   1   3  -2  -1  -3  -1   1  -1  -2   1   0  -1   3  -2  -2   13   3   6   8   1   7  23   2   1   1   6   7   1   1   6   7   2   4   1   2  0.23 0.16
  185 L    -1  -3  -1  -4  -2  -2  -2  -4  -1   2   4  -2   0  -1  -4  -3  -2  -2  -1   1    5   1   3   1   1   1   2   1   2  11  51   2   2   2   1   1   1   0   2  10  0.54 0.24
  186 R    -4   8  -3  -4  -6  -1  -3  -5  -3  -5  -4   2  -4  -5  -5  -2  -4  -5  -5  -5    1  80   1   0   0   2   1   1   0   0   1   8   0   0   0   2   0   0   0   1  2.04 0.62
  187 R    -1   6  -1  -3  -5   2  -1  -3  -1  -5  -4   3  -2  -6  -5   0   0  -6  -4  -5    6  47   3   1   0   9   4   1   1   0   1  16   1   0   0   5   5   0   0   0  0.97 0.41
  188 K    -3   3   1   1  -5   3   1  -2   2  -3  -4   3  -3  -4  -1  -1  -1  -5  -2  -4    1  20   7   8   0  17   7   3   6   2   0  20   0   0   3   3   2   0   1   0  0.55 0.28
  189 V    -3  -6  -6  -6  -1  -6  -6  -7  -6   6  -1  -6   1  -1  -6  -4  -2  -6  -3   5    1   0   0   0   1   0   0   0   0  44   3   0   3   2   0   0   1   0   0  43  1.40 0.50
  190 G     1  -5   1  -4  -2  -4  -5   7  -1  -7  -7  -5  -6  -7  -5  -1  -3  -6  -6  -6   12   0   8   0   1   0   0  73   1   0   0   0   0   0   0   4   1   0   0   0  1.65 0.56
  191 M    -5  -5  -6  -7  -5  -3  -6  -7  -5   1   1  -5   9   1  -6  -5   1  -5   0   0    0   0   0   0   0   1   0   0   0   7  11   0  58   6   0   0   9   0   3   5  1.75 0.62
  192 L    -3  -6  -7  -7  -5  -6  -6  -7  -7   4  -2  -6  -2  -4  -6  -6  -4  -7  -5   7    1   0   0   0   0   0   0   0   0  18   1   0   0   0   0   0   0   0   0  80  1.96 0.65
  193 F    -5  -5  -4  -7  -6  -4  -7  -4  -3  -3  -2  -6  -4   9  -4   1  -3  -3  -1  -4    0   0   1   0   0   1   0   1   1   1   2   0   0  80   1   9   1   0   0   0  2.25 0.71
  194 Q    -6  -4  -5  -5  -8   9  -3  -7  -4  -8  -7  -3  -5  -8  -5  -5  -5  -7  -6  -7    0   0   0   0   0  99   0   0   0   0   0   0   0   0   1   0   0   0   0   0  3.19 1.01
  195 L    -3   1   3   1  -5   2   1  -3   6  -5  -4   2  -4   0  -4   1  -2  -5  -1  -5    1   6  14   8   0  11   8   1  20   0   1  15   0   4   0   9   1   0   1   0  0.62 0.31
  196 P    -3  -4  -2  -6  -6  -5  -5  -4  -4  -2  -4  -5  -4   4   6  -4  -3  -4   5   0    2   0   2   0   0   0   0   1   0   1   0   0   0  20  42   1   1   0  22   7  1.42 0.53
  197 A     2  -4   6  -3  -4   2  -3  -2   1  -2  -4  -3  -2  -3  -5  -2   0  -6  -4   0   22   0  43   0   0  10   0   2   3   2   1   0   1   1   0   1   5   0   0   8  0.87 0.42
  198 M    -4  -5  -6  -6  -5  -1  -6  -7  -6  -1   6  -5  -1  -3   4  -5  -5  -6  -5  -2    1   0   0   0   0   3   0   0   0   2  69   0   1   1  23   0   0   0   0   1  1.45 0.55
  199 F    -6  -5  -5  -7  -6  -7  -7  -7  -5  -2   1  -7   1   9  -7  -5  -6   1   1  -2    0   0   0   0   0   0   0   0   0   2  12   0   3  75   0   0   0   2   3   3  2.16 0.66
  200 D     0  -3   3  -1  -5  -2   0  -3   5  -5  -5  -2  -5  -6   5   2  -3  -6  -4  -2    7   0  12   3   0   1   7   1  17   0   0   1   0   0  32  16   0   0   0   3  0.93 0.41
  201 G    -2   2  -2   1  -2  -2   0  -1   3  -3  -2   2   6  -2  -1  -2   0  -3  -4  -3    1  13   1   8   1   0   5   6   9   1   2  16  26   1   2   1   5   0   0   0  0.55 0.33
  202 T    -3  -4   1  -3  -5  -4  -4  -5  -5  -4  -5  -4  -5  -6  -5   4   6  -6  -5  -4    0   0   6   1   0   0   0   0   0   0   0   0   0   0   0  36  56   0   0   0  1.57 0.63
  203 V    -2  -6  -7  -7  -4  -6  -6  -7  -7   6  -2  -6  -3  -4  -6  -5  -4  -6  -5   6    3   0   0   0   0   0   0   0   0  41   1   0   0   0   0   0   0   0   0  54  1.66 0.57
  204 A     2   1  -4  -3  -4  -2   1  -3  -2  -2   0  -2   0   4  -4  -3  -3   1   5  -2   17   9   0   1   0   2   9   2   0   2  11   2   2  16   0   0   0   1  24   1  0.52 0.29
  205 D    -2  -1   1   5  -6   1   5  -2  -2  -6  -6   1  -5  -6  -4  -2  -4  -6  -5  -6    3   2   6  31   0   6  39   3   1   0   0   7   0   0   0   1   0   0   0   0  1.08 0.44
  206 N    -6  -5   9   3  -7  -4  -2  -5  -4  -8  -8  -4  -7  -8  -6  -4  -4  -8  -7  -7    0   0  86  12   0   0   2   0   0   0   0   0   0   0   0   0   0   0   0   0  2.60 0.81
  207 V    -4  -6  -7  -7  -3  -6  -6  -7  -7   6  -2  -6   0  -4  -6  -6  -3  -6  -5   6    0   0   0   0   0   0   0   0   0  43   2   0   1   0   0   0   1   0   0  53  1.71 0.58
  208 R     6  -1  -4  -4  -1  -4  -1  -1  -5  -3  -2  -3   0  -5  -4   0   0  -6  -5   0   64   3   0   0   1   0   4   4   0   1   4   1   3   0   0   4   5   0   0   7  0.93 0.44
  209 Y    -2  -5  -6  -6  -5  -5  -2  -6  -2  -2   1  -5  -1   7  -6  -3  -4  -1   7  -3    3   0   0   0   0   0   3   0   0   1  11   0   1  40   0   1   1   0  36   1  1.56 0.54
  210 G     1  -6  -4  -5  -3  -5  -5   6  -5  -6  -6  -5  -6  -6   3  -2  -5  -6  -4  -4   12   0   0   0   1   0   0  69   0   0   0   0   0   0  14   2   0   0   1   1  1.62 0.55
  211 P    -2  -1  -4  -4  -4  -3  -4  -5  -3  -1   4  -3   1  -3   4  -3  -3  -1  -2  -1    4   3   1   1   0   0   1   0   1   2  51   2   2   0  25   1   1   1   1   4  0.86 0.37
  212 Q    -3   4  -2  -1  -5   2   3  -3  -3  -2  -3   4  -1  -5  -2  -2  -1  -5  -4  -2    1  27   1   2   0   7  20   1   0   2   2  24   2   0   1   2   3   0   0   3  0.67 0.31
  213 L    -1  -1   3  -2  -2  -2  -3  -3  -1   3   2  -2   2  -2  -3  -1  -1  -1  -2   1    4   3  18   1   1   1   1   1   1  18  23   2   6   1   0   4   2   1   1  11  0.30 0.19
  214 Q     1   2   0  -2  -2   2  -1  -2   3  -2   0   1   1   1  -2  -1  -1   0  -1  -1   17  10   5   1   0  10   2   1  11   1   9   9   4   7   1   4   2   1   1   3  0.17 0.15
  215 G    -2  -1   0  -1  -4  -2  -2   6  -1  -5  -5   1  -3  -3  -1   0  -1  -3  -5  -4    2   2   4   2   0   1   2  55   1   0   1  10   0   1   4   8   4   0   0   1  0.89 0.36
  216 K    -1   3  -2  -2  -4  -1   1  -3  -3  -1  -1   5   0  -4  -2  -2  -1  -2  -2   0    5  16   0   2   0   2   9   2   0   4   5  37   3   0   1   2   2   0   2   8  0.47 0.27
  217 K     2   1   0   1  -4   1   2  -2  -2  -4  -4   3  -3  -5   1   2  -1  -5  -4  -3   18   6   4   8   0   4  15   2   0   0   1  21   0   0   6  13   1   0   0   1  0.40 0.24
  218 L    -1   1  -1   1  -5   1   5  -3  -2  -1  -2   2  -1  -3  -2  -2  -2  -5  -2   0    5   7   2   7   0   6  37   1   0   5   3  13   1   1   1   1   1   0   2   7  0.47 0.27
  219 T     0   1  -2   0  -2  -2   0  -4  -2   4   1  -1   2  -2  -1   0  -1  -4  -3   1   10   7   1   5   0   1   5   0   1  28  15   3   6   0   2   6   3   0   0   5  0.22 0.17
  220 D    -1   2   0   4  -5   1   4  -4  -1  -3  -4   2  -1  -5  -2  -2  -3  -6  -4  -3    5  10   3  27   0   6  25   0   1   1   1  14   2   0   1   2   1   0   0   1  0.66 0.31
  221 A     2   1  -2   0  -5   2   4  -2  -1  -2  -4   2  -2  -5  -3   0  -2  -5  -3  -3   19   8   1   5   0   9  31   2   1   3   0  13   1   0   1   4   1   0   0   1  0.52 0.29
  222 E     0   6  -3  -3  -5  -1   1  -5  -3   1  -2   3  -3  -5  -4  -3  -1  -5  -4  -1   10  42   0   1   0   1   9   0   0  11   4  15   0   0   0   1   3   0   0   4  0.76 0.36
  223 V     3  -5  -6  -6  -2  -5  -3  -5  -6   2  -2  -3   0  -3  -5  -4  -3  -6  -5   6   21   0   0   0   1   0   1   0   0   9   2   1   2   1   0   0   1   0   0  62  1.21 0.49
  224 Q    -1   2   0   1  -5   1   4  -3   0  -2  -1   2   0  -2  -3  -1  -1  -5  -2  -3    6  12   4   7   0   4  34   1   2   3   5  11   2   2   0   2   3   0   1   1  0.41 0.24
  225 S     0   1   0   1  -5   1   5  -3   0  -4  -4   1  -4   0  -2  -1  -1   3  -1  -4    6   6   3   6   0   5  39   1   3   0   1   9   0   5   1   4   4   5   1   0  0.55 0.29
  226 L     4  -3  -3  -4  -1  -3  -4  -3  -4   0   2  -3   1  -2  -4   2  -2  -5  -1  -1   37   1   0   0   1   0   0   1   0   6  26   1   4   1   0  16   1   0   2   3  0.54 0.32
  227 L     0  -4  -5  -4  -2  -5  -3  -6  -6   0   6  -5   2  -3  -6  -4  -4  -5  -4  -2    9   1   0   1   1   0   2   0   0   3  76   0   5   0   0   1   0   0   0   1  1.26 0.49
  228 S     0   3   0   1  -5   1   3  -3   0  -4  -4   4  -4  -5  -3  -1  -1  -5  -3  -3    8  18   4   8   0   6  19   1   2   0   0  26   0   0   1   3   2   0   0   1  0.58 0.29
  229 L    -1   1  -3  -2  -4   1  -2  -1  -3   0   3   1   3   0  -4  -1  -2  -3  -3  -1    5   9   1   2   0   7   1   6   0   4  35  10   9   3   0   3   1   0   0   2  0.29 0.21
  230 A     3  -4  -5  -5  -4  -5  -3  -4  -6  -1  -1  -4  -2  -4   1  -3  -2  -4  -5   6   28   0   0   0   0   0   1   1   0   1   4   0   0   0   7   1   1   0   0  54  1.05 0.47
  231 D     2  -1   2   1  -5   2   0   4   1  -5  -5  -1  -4  -5  -4  -2  -3  -5  -4  -4   18   4  10   6   0  10   4  39   3   0   0   3   0   0   0   1   0   0   0   0  0.67 0.32
  232 L    -2  -5  -6  -6  -4  -4  -5   0  -6   2   5  -4   4  -2  -6  -5  -4  -5  -4  -1    4   0   0   0   0   0   0   9   0   8  67   1   9   1   0   0   0   0   0   2  1.14 0.45
  233 D     0  -3  -2   0  -3   0   1  -2   1  -3  -1  -2  -2   1  -2   1   0   8   1  -2    9   1   1   6   0   3   9   2   3   1   7   2   1   5   2  12   5  25   4   2  0.63 0.26
  234 P    -1  -2   2   6  -6  -1   3  -1   2  -6  -5  -1  -5  -6  -2  -2  -3  -6  -5  -5    4   1   7  47   0   2  21   4   4   0   0   4   0   0   2   2   1   0   0   0  1.03 0.40
  235 A    -1   1  -1  -1  -4   0   3   1   1  -4  -3   2  -3   2  -3  -1   1   0  -1  -3    3   6   1   2   0   3  25  11   3   0   1  16   0  10   0   3  11   1   1   1  0.34 0.22
  236 L     1  -1  -3  -4  -2  -2  -2  -3   0   1   1  -1   1   2  -4  -2  -2  -2   2   3   13   3   0   0   0   1   2   1   2   6  16   3   4   8   0   1   1   0   7  29  0.31 0.20
  237 C     0   0   0   1  -2   0   1  -1   0  -1   0   3   0  -2  -2  -1  -1  -1  -1   0   10   3   4   7   1   3  12   3   2   3  10  24   2   1   0   4   2   1   2   7  0.13 0.13
  238 S     0   1   1   5  -4   0   0   2   2  -5  -5   0  -4  -4  -4   0  -2  -5  -4  -4    8   7   7  34   0   4   4  16   5   0   0   5   0   1   0   6   2   0   0   1  0.57 0.28
  239 K    -3   5  -3  -2  -6   0   2  -5  -1  -5  -2   3  -3  -1  -4  -2  -4  -4   4  -5    1  38   0   1   0   3  13   0   1   0   4  18   0   3   0   2   0   0  15   0  0.90 0.40
  240 P    -2   0   2  -2  -5  -1  -2  -3  -1  -4  -2   0  -3  -2   5   2  -2  -1   3  -4    3   6  11   1   0   2   2   1   1   0   3   4   0   2  33  18   1   1  11   0  0.73 0.34
  241 A     3  -4  -3  -2  -2  -3  -3   3  -4  -1  -4  -3  -4  -4   5  -2  -2  -4  -4  -2   27   1   0   2   1   0   1  26   0   4   1   1   0   0  30   2   1   0   0   2  0.87 0.34
  242 S     0  -1   0   0  -1  -1  -1  -1   3  -1   0  -1   0   1  -2   1   0  -2   0   0   10   3   5   7   1   2   2   3   9   2  11   2   2   9   1  14   7   0   3   7  0.07 0.09
  243 E    -1   1   0  -1  -2   5   2   1   2  -4  -2   0  -1  -4  -3   1  -2  -4  -3  -4    5   6   3   3   1  31  15  11   4   0   3   4   2   0   0   9   2   0   0   1  0.51 0.28
  244 L    -5  -6  -7  -7  -5  -6  -6  -7  -6   0   6  -6   2  -2  -6  -5  -5  -5  -5  -3    0   0   0   0   0   0   0   0   0   3  91   0   3   1   0   1   0   0   0   0  1.87 0.62
  245 S    -3  -5  -4  -4  -5  -4  -4  -4  -5  -6  -6  -4  -6  -6  -5   8  -3  -7  -6  -6    0   0   0   0   0   0   0   0   0   0   0   0   0   0   0  98   0   0   0   0  2.36 0.82
  246 V    -3  -5  -4  -5  -6  -6  -6   8  -6  -7  -7  -5  -6  -5  -6  -4  -5  -6  -7  -5    1   0   0   0   0   0   0  96   0   0   0   0   0   0   0   0   0   0   0   1  2.54 0.74
  247 G    -4  -6  -4  -5  -6  -6  -6   8  -6  -8  -7  -6  -7  -7  -6  -4  -6  -6  -7  -7    0   0   0   0   0   0   0  98   0   0   0   0   0   0   0   0   0   0   0   0  2.66 0.77
  248 Q    -5  -3  -4  -5  -7   9   0  -6  -4  -7  -6  -3  -2  -7  -6  -4  -5  -6  -6  -6    0   0   0   0   0  93   5   0   0   0   0   0   1   0   0   0   0   0   0   0  2.85 0.91
  249 A    -2   4  -4  -4  -6   6  -2  -5  -4  -6  -5   5   1  -6  -5  -4  -4  -6  -5  -6    2  21   0   0   0  39   0   0   0   0   0  34   4   0   0   0   0   0   0   0  1.48 0.58
  250 Q    -5   1  -5  -5  -8   9  -3  -6  -4  -7  -7  -1  -5  -8  -6  -5  -5  -7  -6  -7    0   5   0   0   0  91   0   0   0   0   0   3   0   0   0   0   0   0   0   0  2.80 0.92
  251 R    -6   9  -5  -6  -8  -3  -5  -7  -5  -8  -5  -1  -6  -7  -7  -5  -6  -7  -6  -7    0  98   0   0   0   0   0   0   0   0   1   1   0   0   0   0   0   0   0   0  2.92 0.88
  252 V    -4  -6  -6  -7  -4  -6  -6  -7  -6   3   3  -6  -1  -4  -6  -5  -4  -6  -4   6    0   0   0   0   0   0   0   0   0  15  29   0   1   0   0   0   0   0   0  55  1.37 0.50
  253 A     6  -5  -5  -5   7  -5  -5   2  -5  -5  -5  -5  -5  -6  -5  -1  -3  -6  -6  -2   59   0   0   0  22   0   0  13   0   0   0   0   0   0   0   4   0   0   0   2  1.48 0.56
  254 L    -5  -7  -7  -7  -5  -7  -7  -8  -7   8   1  -7   0  -2  -7  -6  -5  -6  -5   0    0   0   0   0   0   0   0   0   0  81  13   0   2   1   0   0   0   0   0   3  2.04 0.65
  255 A     7  -6  -6  -6  -3  -5  -5  -2  -6  -4  -5  -5  -5  -6  -5  -3  -4  -7  -6  -4   95   0   0   0   0   0   0   2   0   0   1   0   0   0   0   0   0   0   0   1  2.14 0.75
  256 R    -5   8  -5  -6  -4  -3  -4   1  -5  -7  -7  -2  -6  -7  -6  -2  -5  -7  -6  -7    0  86   0   0   1   0   0  11   0   0   0   0   0   0   0   2   0   0   0   0  2.36 0.76
  257 T     6  -5  -5  -5  -1  -4  -5  -2  -5   1  -4  -4  -3  -5  -5  -1   0  -6  -5   1   72   0   0   0   1   0   0   2   0   7   0   0   0   0   0   2   6   0   0   9  1.30 0.54
  258 L    -5  -6  -7  -7  -5  -6  -6  -7  -6   4   6  -6   1  -2  -6  -6  -4  -5  -4   1    0   0   0   0   0   0   0   0   0  23  68   0   2   1   0   0   0   0   0   6  1.46 0.51
  259 A     6  -5  -5  -5  -1  -4  -5  -4  -5   0   0  -4  -2  -4  -4  -2  -2  -6  -3   2   64   0   0   0   1   0   0   0   0   4  10   0   1   0   0   2   1   0   1  16  1.09 0.48
  260 N    -1   0   3  -3  -2   0  -3  -4  -1   1   0   1   5  -3  -2  -1   0  -4  -2   2    3   6  15   0   1   5   0   0   1   6   7   9  18   0   2   3   6   0   1  16  0.32 0.23
  261 D    -3   2   4   3  -5   2   3  -3   0  -6  -6   3  -4  -6  -4  -1  -3  -6  -4  -5    0  11  18  17   0   8  22   1   2   0   0  16   0   0   0   4   0   0   0   0  0.76 0.35
  262 P     0  -7  -6  -6  -4  -5  -6  -6  -7  -7  -7  -5  -7  -8   9  -4  -5  -8  -7  -7    7   0   0   0   0   0   0   0   0   0   0   0   0   0  91   1   0   0   0   0  3.02 0.88
  263 E    -2   1  -2   2  -6   1   4  -3  -2  -5  -5   4  -4  -6   2   0  -3  -6  -4  -4    3   7   1  13   0   6  25   1   0   0   0  27   0   0  10   5   1   0   0   1  0.70 0.33
  264 V    -3  -6  -6  -7  -2  -6  -6  -7  -6   5   0  -6  -1  -3  -6  -5  -3  -6  -2   6    1   0   0   0   1   0   0   0   0  32   8   0   0   1   0   0   0   0   1  56  1.44 0.51
  265 L    -5  -6  -7  -7  -5  -6  -6  -7  -5   3   6  -6   2   0  -6  -6  -4  -5  -4  -1    0   0   0   0   0   0   0   0   0  16  74   0   5   3   0   0   0   0   0   2  1.51 0.53
  266 L    -5  -6  -7  -7  -5  -6  -6  -7  -6   3   6  -6  -1  -3  -6  -6  -4  -5  -5   1    0   0   0   0   0   0   0   0   0  18  73   0   0   0   0   0   0   0   0   8  1.54 0.54
  267 L    -2  -5  -6  -6   4  -5  -6  -6  -5  -2   5  -5   6   3  -6  -1  -4  -4  -3  -2    3   0   0   0   8   0   0   0   0   0  53   0  18  10   0   6   0   0   0   1  1.16 0.47
  268 D    -6  -6  -3   9  -8  -5  -3  -6  -6  -8  -8  -5  -8  -8  -6  -5  -6  -9  -8  -8    0   0   0 100   0   0   0   0   0   0   0   0   0   0   0   0   0   0   0   0  3.06 0.89
  269 E    -5  -5  -5  -3  -8  -2   8  -7  -5  -8  -7  -4  -7  -8  -6  -5  -5  -7  -7  -7    0   0   0   0   0   0 100   0   0   0   0   0   0   0   0   0   0   0   0   0  2.77 0.89
  270 P     4  -6  -6  -6  -4  -5  -5  -5  -6  -5  -6  -5  -5  -7   7  -2  -5  -7  -7  -5   32   0   0   0   0   0   0   0   0   0   0   0   0   0  64   3   0   0   0   0  2.12 0.70
  271 T    -1  -5  -4  -5   4  -5  -5  -5  -6  -3   1  -5  -2   2  -5  -3   7  -5  -4  -3    4   0   0   0  10   0   0   0   0   0  13   0   1   8   0   0  64   0   0   1  1.42 0.58
  272 S     2  -5  -3  -4  -5  -4  -4   0  -5  -6  -6  -4  -5  -4  -5   7  -2  -7  -6  -5   14   0   0   0   0   0   0   8   0   0   0   0   0   1   0  77   1   0   0   0  1.64 0.66
  273 A     6  -5   0  -4  -4  -3  -4   1  -5  -5  -5  -4   2  -6  -5   0  -3  -6  -5  -4   74   0   5   1   0   1   0  10   0   0   0   0   5   0   0   5   0   0   0   0  1.39 0.56
  274 L    -5  -6  -8  -8  -5  -6  -7  -8  -7  -1   7  -7  -2  -3  -7  -7  -5  -6  -5  -3    0   0   0   0   0   0   0   0   0   1  99   0   0   0   0   0   0   0   0   0  2.17 0.70
  275 D    -6  -6  -3   9  -8  -5  -3  -6  -6  -8  -8  -5  -8  -8  -6  -5  -6  -9  -8  -8    0   0   0 100   0   0   0   0   0   0   0   0   0   0   0   0   0   0   0   0  3.06 0.89
  276 P     1  -5  -2  -5  -6  -4  -4  -5  -4  -5  -2  -4  -4  -4   7  -2   1  -6   0  -4   13   0   2   0   0   0   1   0   0   0   4   1   0   1  63   2   8   0   4   1  1.66 0.58
  277 I    -1   0  -1  -2  -5   1   4  -3  -2   3  -2   3  -1  -4  -4  -2  -2  -5  -4  -1    4   5   3   1   0   7  26   1   1  23   3  19   1   0   0   2   2   0   0   4  0.47 0.28
  278 S     1  -4  -1  -4  -4  -3  -4   1  -4  -2   1  -3  -1  -4  -4   4   3  -5  -4  -1    9   0   3   0   0   0   0  13   0   1  17   0   2   0   0  33  18   0   0   5  0.53 0.32
  279 T    -2   5  -3  -4  -3  -2   2  -5  -4  -3  -5  -1  -4  -6  -5   0   5  -6  -5  -1    2  30   0   0   0   1  16   0   0   1   0   1   0   0   0   5  39   0   0   4  0.99 0.46
  280 Q     1   3  -1   0  -4   1   0   0   2  -2  -1   2   0  -3  -3   0  -1  -4  -2  -1   14  16   2   4   0   6   6   7   5   1   8  17   2   0   0   6   2   0   1   3  0.21 0.15
  281 N     0   1   0   0  -4   2   3  -3   1  -1  -2   2  -2  -4  -3   1  -1  -4  -2  -1    9   6   3   4   0  11  22   1   3   3   3  15   0   0   0  12   2   0   1   5  0.32 0.21
  282 I    -4  -6  -6  -6  -4  -5  -6  -7  -6   6   1  -6   5  -3  -6  -5  -3  -6  -4   4    0   0   0   0   0   0   0   0   0  46  11   0  15   0   0   0   1   0   0  27  1.37 0.49
  283 E    -4   2  -3  -3  -5   5   4  -5  -3  -2   2  -2   4  -3  -5  -4  -4  -5  -4  -2    0  11   0   0   0  24  26   0   0   2  24   1  10   0   0   0   0   0   0   2  0.82 0.41
  284 E     1   1   0   2  -4   1   4  -2  -1  -2  -2   1  -3  -3  -3   0  -1  -4  -1  -3   11   7   4  14   0   7  28   2   1   2   3   7   0   1   0   6   3   0   2   1  0.37 0.22
  285 A     2  -3  -2  -2  -4  -2   2  -4  -4   0   4  -3   0  -2  -4  -3   0   3  -2  -1   16   0   2   1   0   1  14   0   0   3  43   1   2   1   0   1   7   4   1   3  0.48 0.29
  286 I    -4  -5  -6  -6  -4  -5  -5  -7  -6   4   5  -5   4   1  -6  -5  -4  -5  -4   1    0   0   0   0   0   0   0   0   0  28  49   0  10   5   0   0   0   0   0   7  1.16 0.43
  287 V    -1   3  -1   2  -3   1   1  -2   2  -2  -1   3  -1  -3  -3  -1  -1  -4   0  -1    6  16   2  12   0   6   7   1   5   2   8  21   1   1   0   4   3   0   3   3  0.26 0.17
  288 R    -2   3   1   2  -5   2   4  -2   0  -4  -3   2  -2  -5  -3  -1  -1  -5  -4  -4    3  15   5  11   0   7  30   2   2   1   2  13   1   0   0   4   3   0   0   1  0.55 0.27
  289 L    -3  -5  -6  -6  -4  -5  -5  -6  -6   4   6  -5   1  -2  -6  -5  -4  -5  -3   0    2   0   0   0   0   0   1   0   0  21  68   0   2   0   0   0   0   0   0   4  1.34 0.47
  290 K     0   1   4  -3   0   3  -2  -3   4  -4  -3   3   3  -5  -4  -2  -3  -5  -4  -3    7   7  19   0   2  16   1   0  12   0   2  22   8   0   0   1   1   0   0   1  0.67 0.35
  291 K    -1   3  -1   1  -5   3   3  -3   1  -4  -3   4  -3  -5  -3  -1  -2  -5  -4  -4    6  16   2   8   0  14  17   1   3   1   2  24   0   0   1   3   1   0   0   0  0.57 0.28
  292 T    -2   3   0   2  -4   2   4  -3  -2  -4  -4   2  -3  -4  -3   0  -1  -4  -4  -3    2  14   4  12   0   9  31   1   0   1   1  14   0   0   1   6   3   0   0   1  0.59 0.27
  293 R    -1   1  -1  -1  -2   0   0  -2   0   0   2   0   0   0  -2  -1   0  -2   0   0    4  12   2   3   1   3   7   3   2   4  28   4   2   4   2   4   6   0   4   6  0.08 0.07
  294 G    -2  -2   2  -1  -3  -1  -1   5   1  -3  -3   0  -2  -3  -2  -1  -2  -2  -3  -3    2   2  12   4   1   3   3  49   4   1   2   7   1   1   1   3   1   0   1   2  0.70 0.23
  295 L    -2   1  -4  -4  -2  -2  -3  -4  -2   3   2   0   3   1  -4  -3  -2  -1   4   1    2  10   0   0   1   1   0   1   1  23  17   5   7   6   1   1   2   0  16   6  0.43 0.22
  296 T    -3  -5  -4  -5  -4  -5  -5  -5  -6  -5  -5  -5  -4  -6  -5   0   8  -7  -6  -4    2   0   0   0   0   0   0   1   0   0   1   0   0   0   0   4  92   0   0   0  2.35 0.81
  297 T    -3  -5  -5  -5  -1  -4  -5  -5  -5   5  -1  -5   3   2  -5   0   2  -5  -3   3    1   0   0   0   1   0   0   0   0  39   2   0   6   9   0   6  16   0   0  19  0.83 0.37
  298 V    -2  -6  -6  -6  -4  -5  -6  -6  -6   5   2  -5   0  -2  -6  -5  -3  -6  -4   5    3   0   0   0   0   0   0   0   0  34  17   0   2   1   0   0   0   0   0  43  1.22 0.45
  299 M    -3  -5  -5  -6  -2  -5  -5  -6  -4   4   3  -5   2   3  -5  -2  -3  -2   1   3    1   0   0   0   1   0   0   0   0  27  24   0   6  13   0   3   0   0   6  19  0.74 0.31
  300 V    -3  -6  -2  -6  -4  -6  -6  -7  -6   5  -2  -6  -3  -4  -6  -2  -4  -6  -5   6    2   0   3   0   0   0   0   0   0  31   0   0   0   0   0   3   0   0   0  62  1.57 0.56
  301 S     2  -5  -4  -5  -5  -5  -4  -5  -6  -3  -3  -5  -4  -6  -5   0   7  -6  -6  -4   16   0   0   0   0   0   1   0   0   1   2   0   0   0   0   6  75   0   0   0  1.74 0.67
  302 H    -7  -4  -4  -6  -8  -4  -5  -7  11  -8  -8  -6  -7  -6  -7  -6  -7  -7  -3  -8    0   1   0   0   0   0   0   0  99   0   0   0   0   0   0   0   0   0   0   0  4.09 1.07
  303 S    -4   3   4   5  -6   0   3  -4  -2  -6  -4  -2  -5  -3  -4   1  -3  -6  -4  -5    0  16  19  31   0   4  17   0   0   0   2   0   0   1   0   9   0   0   0   0  0.90 0.40
  304 V    -5  -4  -6  -6  -5   4  -5  -6  -5   0   3  -4   9  -4  -3  -5  -3  -5  -4   0    0   0   0   0   0  19   0   0   0   4  23   0  47   0   1   0   1   0   0   5  1.58 0.60
  305 K    -1  -2  -1   3  -5   4   3  -1   0  -5  -5  -1  -4  -6  -2   2  -2  -5  -4  -3    5   0   2  17   0  23  21   4   3   0   0   1   0   0   1  19   2   0   0   2  0.68 0.35
  306 Q    -3  -3  -3   0  -5   5   4  -5  -3  -2  -1  -3  -3   0  -4  -3   2  -5  -4   2    1   0   0   5   0  26  26   0   0   1   5   0   0   5   0   0  16   0   0  15  0.70 0.39
  307 I     5  -5  -5  -6  -4  -5  -5  -4  -6   3  -3  -5  -3  -5  -5  -3  -3  -6  -5   3   58   0   0   0   0   0   0   0   0  19   1   0   0   0   0   0   0   0   0  21  1.25 0.52
  308 Q     2   2  -3  -3  -3   0   0  -3  -3  -1   1   2   1  -2  -1   0  -1  -4  -2  -1   23  11   0   0   0   5   7   1   0   2  17  15   5   1   3   5   3   0   0   2  0.23 0.18
  309 R     0   5   1   0  -5   0   2  -3   0  -4  -3   1  -3  -5  -3   0   0  -5  -3  -4    7  36   8   5   0   3  12   0   2   0   2   9   0   0   0   7   7   0   1   0  0.59 0.29
  310 I    -2  -3  -2  -4   0  -3  -3  -3  -2   4   1  -3   3   1  -3  -3  -2  -2   2   4    2   1   2   1   2   1   1   2   1  22  10   1   8   5   1   1   1   0   7  29  0.47 0.21
  311 A     5  -5  -4  -5   5  -4  -4  -1  -5  -5  -5  -4  -3  -6  -4   5  -2  -6  -5  -4   46   0   0   0  11   0   0   3   0   0   0   0   0   0   0  38   0   0   0   0  1.31 0.55
  312 D    -5  -5   1   8  -7   0  -1  -4   1  -7  -7  -3  -7  -7  -5  -2  -2  -8  -6  -7    0   0   6  78   0   4   3   1   3   0   0   1   0   0   0   2   2   0   0   0  2.03 0.66
  313 L    -4   6  -2  -3  -5   2   1  -5   2  -3  -3   2  -1  -2  -5  -2  -1   1   3  -3    0  43   2   1   0   8   7   0   5   1   2   9   2   2   0   1   4   2  11   2  0.82 0.37
  314 V    -3  -5  -5  -6  -3  -5  -5  -6  -6   5  -1  -5   0  -4  -5  -4   4  -6  -5   5    1   0   0   0   0   0   0   0   0  36   2   0   1   0   0   0  23   0   0  35  1.21 0.48
  315 C     4  -5  -4  -5  -1  -4  -4  -2  -5   3   0  -4  -1   0  -4  -2  -2  -3   0   3   43   0   0   0   1   0   0   3   0  15   9   0   1   4   0   1   1   0   3  19  0.65 0.34
  316 L    -3  -5  -6  -7  -5  -6  -6  -2  -5   1   0  -6  -2   5  -6  -5  -3  -4   0   6    1   0   0   0   0   0   0   4   0   5   5   0   1  25   0   0   0   0   3  56  1.29 0.49
  317 L    -5  -6  -6  -7  -5  -5  -6  -7  -5   2   3  -6   8   4  -6  -6  -5  -4  -2  -1    0   0   0   0   0   0   0   0   0   9  24   0  43  20   0   0   0   0   1   3  1.58 0.56
  318 V    -2   0   4   3  -5  -1   2  -3   4  -4  -1   1  -3  -2  -4   0  -2  -3   2  -3    3   6  20  16   0   2  12   1   9   0   7   7   0   1   0   6   0   0   9   1  0.43 0.25
  319 A     0   0   2   2  -4   2   1   0   1  -3   0   2   1  -3  -3  -1  -2  -4  -3  -3   10   3   9  14   0  12   7   7   4   0   9  14   4   0   0   4   1   0   0   0  0.25 0.18
  320 G    -4  -5  -5  -6  -7  -6  -6   8  -6  -8  -8  -6  -7  -8  -6  -4  -6  -7  -7  -8    0   0   0   0   0   0   0  99   0   0   0   0   0   0   0   0   0   0   0   0  2.71 0.79
  321 E    -2   4   0   0  -4   2   3  -3   1  -4  -4   3  -3  -5  -4  -2  -1  -4  -2  -1    2  25   3   3   0   7  23   1   3   0   0  20   0   0   0   2   3   0   1   5  0.62 0.31
  322 V    -4  -5  -6  -6  -2  -5  -6  -7  -6   6   3  -4   0  -2  -5  -5  -4  -5  -4   4    0   0   0   0   1   0   0   0   0  45  27   1   1   1   0   0   0   0   0  25  1.23 0.45
  323 V    -1  -3  -4  -4  -3   0   2  -5  -3   4  -1  -3   0  -3  -5  -3  -3  -3  -3   5    4   1   1   0   0   5  14   0   0  24   3   1   2   1   0   1   0   0   0  43  0.78 0.37
  324 E    -2  -3  -4  -2  -7   4   6  -5  -3  -6  -3  -1  -1  -1  -5  -2  -4  -4  -2  -6    3   0   0   1   0  21  61   1   0   0   3   2   2   3   0   2   0   0   1   0  1.41 0.57
  325 V    -1   0  -1   0   0   2   1  -3   0   1  -1   0   0   2  -3   0   0  -1   2   1    2   4   1   6   2  11  12   1   2   9   3   4   2   9   0   9   4   1   8  10  0.12 0.13
  326 L    -1  -5   1   1  -5  -5  -5   7  -5  -7  -6  -5  -6  -7  -6  -2  -4  -6  -7  -7    4   0   5   8   0   0   0  79   0   0   1   0   0   0   0   3   1   0   0   0  1.82 0.60
  327 P     0  -1   0   1  -4  -1   0  -3  -2  -3  -4   1  -4  -5   2   2   4  -5  -4  -3    6   2   5  10   0   2   6   1   1   1   1  10   0   0  11  16  29   0   0   1  0.49 0.29
  328 P    -2  -4  -4  -5  -3  -4  -4  -5   5  -3  -3  -4  -2  -5   6  -3   4  -6  -4   1    3   0   0   0   0   0   0   0  15   1   1   0   1   0  38   1  27   0   0  12  1.27 0.52
  329 S     0   2   0   2  -4   1   3  -2  -1  -2  -2   2  -2  -2  -3   0  -1   0  -1  -2    7  10   3  12   0   6  20   2   1   2   5  12   0   2   0   7   4   2   1   3  0.24 0.16
  330 E    -2  -1  -1   3  -4   2   5  -5  -2  -4  -5   1  -2  -6  -4  -1   0  -6  -5  -3    3   2   2  18   0  10  43   0   1   1   0   9   1   0   0   3   5   0   0   1  0.89 0.40
  331 L    -3  -5  -6  -6  -4  -5  -6  -7  -6   5   4  -5   2   1  -6  -5  -3  -5  -4   3    1   0   0   0   0   0   0   0   0  36  34   0   3   4   0   0   1   0   0  22  1.10 0.41
  332 S    -5  -5  -6  -5  -6  -5  -5  -7  -3  -1   1  -5   1   8  -7  -3  -3  -1   5  -3    0   0   0   1   0   0   0   0   0   2  13   0   3  56   0   3   2   0  18   1  1.63 0.55
  333 E     0   1   4   1  -4   1   3  -3   2  -4  -3   1  -4  -5  -3   1   0  -5  -3  -4   10   6  20   8   0   6  18   0   5   0   2   7   0   0   0  11   4   0   0   0  0.45 0.25
  334 A    -1   0   1   0  -5   1  -2  -5  -1  -5  -4  -1  -5  -6   7  -2  -2  -6  -4  -5    6   5   7   5   0   6   3   0   2   1   2   4   0   0  55   2   2   0   0   0  1.32 0.48
  335 K     1   1   1   0  -4   3   1  -1  -1  -2  -4   3  -3  -5   3   0  -1  -4  -4  -2   10   8   6   5   0  13   7   4   1   2   0  22   0   0  14   4   3   0   0   3  0.38 0.22
  336 H    -2  -2   3   2  -5   0   2   1   4  -4  -4   0  -3  -5  -3   1   0  -5  -3  -4    2   1  17  14   0   4  13  13  13   0   1   4   0   0   0   9   7   0   0   0  0.51 0.26
  337 P     0   0  -2   1  -4   1   2  -1   1  -2  -1   1  -2  -3   2   0  -1  -2  -1  -1    9   5   0   6   0   7  17   5   3   2   8  12   0   0  11   5   3   1   2   3  0.19 0.13
  338 M    -1   2  -3  -4  -4   0  -1  -4  -2   0   2  -1   0   3  -2  -2  -1  -1   4   0    4  16   0   0   0   5   3   0   0   5  18   2   2  16   2   1   4   1  14   5  0.32 0.20
  339 A     2  -1  -4  -4  -3  -3  -3  -3  -4  -2  -1  -2  -2  -1  -4  -1   5  -5   1   3   17   3   0   0   0   0   1   1   0   1   4   2   1   3   0   3  41   0   5  19  0.66 0.36
  340 R     2   3  -1  -2  -4   3   3  -2  -1  -4  -4   3  -1  -4  -4  -1  -2  -5  -1  -3   17  18   3   1   0  14  19   2   1   0   0  16   1   1   0   3   1   0   2   1  0.52 0.28
  341 R     0   2   0   4  -4   1   1  -1   0  -2  -1   1  -1  -3  -3   0  -1  -1  -1  -3    6  12   4  24   0   7   7   3   2   3   8   8   1   0   0   6   3   1   2   1  0.25 0.16
  342 F    -5  -3  -4  -6  -6  -5  -6  -1   1  -3   1  -6  -1   7  -7  -4  -5  -2   6  -4    0   1   1   0   0   0   0   6   3   0  11   0   1  44   0   1   0   0  31   1  1.53 0.53
  343 L    -4  -5  -5  -6  -4  -5  -6  -6  -2   6   3  -5   1  -3  -6  -5  -3  -5  -2   3    0   0   0   0   0   0   0   0   1  45  28   0   2   0   0   0   1   0   1  21  1.15 0.42
  344 E    -2   2   3   3  -5   3   3  -1  -1  -5  -5   2  -3  -5  -3   0  -2  -5  -4  -4    1  10  14  16   0  18  21   4   1   0   0  12   0   0   0   5   0   0   0   0  0.60 0.24
  345 L    -2  -3  -4  -4  -3  -3  -2  -1  -4   1   4  -3   1   3  -4  -2   2  -3  -1   1    0   0   0   0   0   0   2   6   0   3  47   0   2  13   0   1  14   0   1  11  0.44 0.19
  346 S     2  -2   1  -2  -2  -1  -1  -1  -2  -3  -4  -1  -3  -4  -2   5   1  -4  -3  -3   14   0   4   0   0   0   0   0   0   0   0   0   0   0   0  76   5   0   0   0  0.79 0.21

                      K         Lambda
Standard Ungapped    0.1351     0.3172
Standard Gapped      0.0571     0.2670
PSI Ungapped         0.1865     0.3173
PSI Gapped           0.0571     0.2670
