
Last position-specific scoring matrix computed, weighted observed percentages rounded down, information per position, and relative weight of gapless real matches to pseudocounts
            A   R   N   D   C   Q   E   G   H   I   L   K   M   F   P   S   T   W   Y   V   A   R   N   D   C   Q   E   G   H   I   L   K   M   F   P   S   T   W   Y   V
    1 M    -2  -3  -4  -5  -3  -2  -4  -4  -3   0   1  -3   9  -1  -4  -3  -2  -3  -3  -1    0   0   0   0   0   0   0   0   0   0   0   0 100   0   0   0   0   0   0   0  1.70 0.26
    2 D    -1  -1  -1   2  -4  -2   0   6  -3  -4  -4  -2  -4  -4  -3  -1  -2  -4  -4  -2    1   3   0  13   0   0   5  72   0   0   0   0   0   0   0   3   0   0   0   4  1.01 0.20
    3 K    -3   6  -2  -3  -5   2   1  -2  -1  -5  -4   4  -3  -5  -3  -2  -3  -5  -3  -4    0  51   0   0   0   6   7   2   1   0   0  33   0   0   0   0   0   0   0   0  1.08 0.30
    4 R     0   6  -2   0  -4   0  -2  -3   0  -3  -4   2  -2  -3   0   1   0  -5  -3  -3    6  52   0   5   0   2   0   0   2   1   0   9   1   1   3  11   5   0   0   1  0.76 0.30
    5 T    -1   0  -4  -4  -4  -3  -2  -2  -4  -1  -4  -2  -3  -1   5   0   0   9  -1  -3    6   6   0   0   0   0   3   2   0   4   0   1   0   2  29   8   5  31   1   1  1.20 0.36
    6 C    -2   0   0  -1   8   1  -2  -3   1  -3  -1   0  -1  -3   0   1   0  -4   0  -2    1   5   4   3  37   7   1   0   4   0   4   5   1   0   5   9   6   0   4   3  0.64 0.25
    7 N    -1   2   0  -1   4   0   2   0   2  -1  -2   2  -2  -2  -2   0  -1  -2  -1  -2    2  10   4   2  13   1  17   7   5   4   2  19   0   1   1   6   2   0   1   3  0.23 0.11
    8 S    -1  -3  -2  -2   6  -1  -1  -1  -3  -2  -1   0  -2   0  -3   1   0   5  -1   1    3   0   1   2  25   2   4   4   0   0   5   6   0   4   0  15   5  11   1  12  0.47 0.21
    9 Q    -1   0  -1   2  -3   0   2  -2  -2   0   2   1   1  -2  -3  -1  -1  -3  -2  -1    3   6   1  12   0   3  16   2   1   3  31  10   5   1   0   2   2   0   1   3  0.18 0.13
   10 D    -2   0   3   3  -4   0   2   0   0  -4  -4   4  -3  -5  -3   0  -2  -5  -3  -4    1   3  14  23   0   3  11   5   2   0   0  33   0   0   0   5   0   0   0   0  0.60 0.24
   11 V     0  -1  -1   1  -3   1   1  -2  -1   1  -2  -1   1  -2   4  -1  -1  -4  -3   0   11   3   3  11   0   6   9   2   1  10   2   1   6   1  24   3   3   0   0   5  0.32 0.14
   12 E    -1  -1   1   0  -4  -1   2   3   1  -2  -3   1  -2  -3  -2   1   0  -3   0  -2    1   3   7   4   0   1  18  27   3   2   0  10   1   0   1   8   7   0   5   2  0.29 0.15
   13 V    -2  -1  -3  -4   2  -1  -3  -5  -4   2   3  -3   1  -2  -4  -2  -1  -3  -1   3    0   4   1   0   5   4   0   0   0  10  38   0   3   0   0   2   2   0   2  28  0.47 0.21
   14 R    -3   4   2  -3  -5   0  -2  -2  -3   0  -4   5  -3  -5  -1  -2  -3  -5  -4  -1    0  21   9   0   0   2   0   2   0   6   0  49   0   0   3   1   0   0   0   6  0.79 0.32
   15 K    -3   4  -1  -3  -5  -1  -2   0  -1  -5  -5   6  -4  -5  -2  -3  -1  -5  -4  -5    0  23   2   0   0   0   0   9   1   0   0  59   0   0   2   0   4   0   0   0  1.16 0.41
   16 G    -2  -4  -1  -4   1  -1  -4   7  -4  -6  -6  -4  -5  -5  -2  -2  -4  -5  -5  -5    0   0   2   0   3   3   0  86   0   0   0   0   0   0   2   2   0   0   0   0  1.77 0.48
   17 P     1   0  -3  -3  -4   0  -2  -4   1  -2  -1   2  -3  -3   6  -2  -2  -5  -2   0   11   6   0   0   0   3   0   0   3   1   6  14   0   1  42   2   1   0   1   8  0.81 0.30
   18 W    -7  -7  -8  -9  -7  -6  -7  -7  -6  -7  -6  -7  -6  -3  -8  -7  -7  13   1  -7    0   0   0   0   0   0   0   0   0   0   0   0   0   0   0   0   0  96   4   0  4.71 0.99
   19 T    -2   0  -3  -4  -4  -3  -3  -4  -4  -4  -1   0  -1  -5  -4   2   6  -5  -4  -3    2   4   0   0   0   0   0   0   0   0   5   5   1   0   0  17  65   0   0   0  1.19 0.49
   20 M     1  -1   1   0  -4   1   1  -2  -1  -2  -3   2   0  -4   5  -1  -1  -2  -4  -1   12   1   8   4   0   6   8   2   1   3   1  15   2   0  29   3   3   1   0   4  0.49 0.22
   21 E    -2  -2  -3   1  -6   1   7  -3  -2  -3  -4  -2  -4  -6  -4  -3   0  -6  -5  -2    3   1   0   6   0   4  72   2   1   2   1   1   0   0   0   0   5   0   0   2  1.31 0.49
   22 E    -4  -3  -4   0  -7   0   8  -6  -4  -7  -6  -3  -5  -7  -5  -4  -4  -6  -6  -6    0   0   0   2   0   2  95   0   0   0   0   0   0   0   0   0   0   0   0   0  2.28 0.70
   23 D    -5  -5  -2   8  -6  -3   0  -4   1  -2  -6  -4  -6  -6  -5  -1  -2  -7  -6  -2    0   0   0  82   0   0   5   0   3   2   0   0   0   0   0   3   2   0   0   3  1.90 0.58
   24 L     1   1  -1   2  -4   3   3  -3  -2  -1  -1   0  -1  -2  -3   0  -1  -4  -3  -2   12   6   2  10   0  16  28   1   0   4   6   5   1   1   0   5   2   0   0   2  0.36 0.21
   25 I    -1   1  -2  -2  -2   0   0  -4  -3   3   1   4   0  -3  -3  -2  -1   0  -3   0    4   8   1   2   1   4   7   0   0  21  14  31   1   0   0   0   2   1   0   4  0.35 0.22
   26 L    -4  -5  -6  -7  -4  -5  -6  -7  -6   0   6  -5  -1   0  -6  -5  -4  -4  -4   0    0   0   0   0   0   0   0   0   0   3  88   0   0   3   0   0   0   0   0   6  1.54 0.51
   27 I    -1   2  -3  -4  -3  -2  -2  -4  -3   3   1   2   1  -1  -3  -1   0  -4  -2   2    5  12   0   0   0   1   0   0   0  22  15  18   4   1   0   3   5   0   1  13  0.30 0.19
   28 N     1   1   2   2   2   1   2  -3  -2  -3  -2   1   0  -4  -3   1  -1  -4  -3  -3   15   8  11  12   5   6  15   0   0   0   2  11   3   0   0   9   2   0   0   1  0.31 0.18
   29 Y     1  -4  -3  -5   1  -2  -4   0   1  -2   3  -4  -1   1  -4  -2  -2   1   6  -2   12   0   1   0   3   1   0   8   4   0  30   0   1   5   0   1   1   1  30   1  0.59 0.30
   30 I    -3  -2  -5  -5   2  -5  -5  -6  -5   5   0  -5   0  -3  -5  -2  -3  -5  -2   5    0   2   0   0   5   0   0   0   0  35   4   0   1   0   0   3   0   0   1  48  1.07 0.40
   31 A     0   2   0   0  -3   2   2  -2   2  -1  -1   3   0  -3  -3   0  -1  -4  -3  -2    9   9   3   4   0  12  12   1   5   3   7  21   2   0   0   8   3   0   0   1  0.25 0.16
   32 N    -1   1   1   0  -4   1   2  -3  -1  -2  -1   5   0  -3  -3  -1   0  -4  -3  -2    3   5   6   4   0   6  11   0   1   2   7  42   2   0   0   3   5   0   0   2  0.47 0.25
   33 H    -4  -4   2  -4   1  -2  -3  -5   7  -5  -3  -1  -4   2  -5  -3  -4  -2   7  -5    0   0   9   0   3   1   1   0  34   0   2   4   0   7   0   1   0   0  38   0  1.50 0.50
   34 G    -3  -5  -3  -4  -5  -4  -2   7  -5  -6  -6  -4  -1  -6  -5  -3  -4  -5  -6  -6    0   0   0   0   0   0   3  92   0   0   0   0   2   0   0   0   0   0   0   0  2.11 0.58
   35 E    -2  -2  -1   0  -4   1   3  -4   2  -2  -2   0  -3  -2   4  -2   1  -4  -2  -1    2   0   2   5   0   6  28   0   7   1   4   6   0   1  21   0  12   0   1   3  0.50 0.25
   36 G    -2   2   2  -3  -2   0  -1   5   1  -5  -4   2  -2  -3  -3  -1  -2  -4  -2  -4    1  15   9   0   1   4   2  43   4   0   0  11   1   1   1   2   1   0   1   0  0.66 0.28
   37 V    -2   1   5   2   3   2  -1  -2   0  -4  -4   1  -3  -5  -3   0  -2  -5  -4  -3    1   9  33  10   7  12   2   3   2   0   1  11   0   0   0   5   1   0   0   2  0.60 0.28
   38 W    -7  -7  -8  -9  -7  -6  -7  -7  -7  -7  -6  -7  -6  -3  -8  -7  -7  13  -2  -7    0   0   0   0   0   0   0   0   0   0   0   0   0   0   0   0   0 100   0   0  4.98 1.08
   39 N     1   3   2   0  -3  -1  -1  -3   1  -1  -3   1  -3  -2  -3   2   0  -4  -3  -2   13  22  13   3   0   0   2   0   3   4   1   8   0   1   0  22   6   0   0   1  0.37 0.22
   40 S     1   1   0   0   1   0   0  -2   0  -1   0   1  -1  -1  -2   2   1  -3  -2  -1   11   9   4   5   3   2   3   0   2   3  13  10   1   3   0  21   7   0   1   3  0.11 0.11
   41 L    -4  -5  -6  -6  -4  -5  -6  -6  -6   6   2  -5  -1  -1  -5  -5  -3  -5  -4   3    0   0   0   0   0   0   0   0   0  58  18   0   0   2   0   0   0   0   0  22  1.29 0.43
   42 A     3  -2  -3  -3  -3   0  -3   0  -3  -4  -3  -2  -3  -4   5   3  -2  -5  -4  -3   32   2   0   0   0   4   0   8   0   0   2   0   0   0  27  22   0   0   0   1  0.77 0.34
   43 R    -2   3  -1  -2  -4   1   0  -3  -1  -2  -2   5   0  -4  -3   0  -1  -4  -3  -3    2  20   1   1   0   6   5   1   1   2   5  40   2   0   1   9   3   0   0   1  0.57 0.26
   44 S    -1   1   2  -1  -1   1   0  -1   3  -2   0   2  -1  -1  -2   1  -1  -3  -1  -1    3   9  10   2   2   4   6   4   9   1  10  18   1   2   0  14   1   0   1   3  0.15 0.13
   45 A     2  -2  -3  -3  -2  -2  -2  -2  -1   1   2  -2   1   1  -3   0   0  -3   0  -1   27   2   0   0   0   0   2   2   1   9  26   0   4   6   0   8   7   0   4   1  0.25 0.19
   46 G     0  -2   0  -2  -1  -1  -1   4  -2  -2   0   0  -2  -1  -1  -1  -2  -1  -2   0    7   1   6   1   1   3   3  39   0   1  13   6   0   3   3   2   1   1   0   8  0.31 0.16
   47 L    -1  -2  -1  -1  -3  -1  -3  -2  -2   0   4  -1   0  -1   3  -2  -1  -3  -2   0    3   1   2   3   0   3   1   3   1   4  48   3   0   2  14   1   4   0   0   4  0.39 0.20
   48 K    -2   1   3  -2  -4   0  -2   3  -1  -4  -1   2  -2  -3  -1  -1  -1  -4  -3  -4    2   9  19   1   0   5   0  29   1   0   8  17   1   1   3   2   4   0   0   0  0.43 0.23
   49 R    -4   8  -3  -5  -6  -2  -3  -5  -1  -6  -5   3  -5  -6  -5  -1  -4  -6  -5  -6    0  82   0   0   0   0   0   0   1   0   0  13   0   0   0   4   0   0   0   0  2.03 0.64
   50 T    -1  -4   0  -2   7  -3  -4  -3  -4   1  -2  -4   2  -4  -4   2   4  -5  -4  -2    3   0   4   2  28   0   0   1   0   7   3   0   6   0   0  17  28   0   0   1  0.87 0.38
   51 G     1  -1  -3   0  -4  -3  -2   5  -4  -5  -5  -2  -4  -5   4  -1  -3  -5  -5  -4   12   3   0   4   0   0   2  54   0   0   0   2   0   0  19   3   0   0   0   0  1.04 0.38
   52 K     0   1  -2  -1  -5   0   0  -4  -3  -4  -3   6   0  -5  -4  -1  -1  -5  -4  -1    6   4   1   3   0   2   5   0   0   0   2  63   2   0   0   3   3   0   0   6  0.92 0.41
   53 S    -2  -3  -2   1  -4   5  -2  -4   0  -5  -5  -2   0  -5  -4   5  -2  -5  -4  -5    2   0   0   8   0  34   0   0   2   0   0   0   3   0   0  51   0   0   0   0  1.19 0.53
   54 C    -2  -6  -6  -6  11  -6  -6  -6  -6  -2  -1  -6  -4  -5  -6  -3  -4  -6  -5  -1    2   0   0   0  84   0   0   0   0   2   6   0   0   0   0   1   0   0   0   4  3.00 0.71
   55 R    -1   7  -3  -4  -6  -1  -2  -5  -3  -5  -3   3  -4   0  -5  -3  -4  -5  -4  -5    5  67   0   0   0   1   2   0   0   0   2  19   0   5   0   0   0   0   0   0  1.44 0.49
   56 L     0  -1  -3   3  -4   0   3  -4  -1  -1   3  -1  -1  -1  -4  -2  -3  -1  -3  -2    8   2   0  17   0   3  21   0   2   1  40   2   0   1   0   1   0   1   0   0  0.45 0.27
   57 R    -5   8  -4  -5  -7   0  -2  -6   2  -6  -5  -1  -5  -6  -5  -4  -4  -6  -5  -6    0  89   0   0   0   3   2   0   6   0   0   0   0   0   0   0   0   0   0   0  2.22 0.65
   58 W    -6  -6  -7  -7  -6  -5  -6  -6  -5  -6  -5  -6  -5   0  -7  -6  -6  12   4  -6    0   0   0   0   0   0   0   0   0   0   0   0   0   3   0   0   0  83  12   0  3.92 0.85
   59 L    -1   1   0  -3   3  -2  -2  -3   3   2   0   0   1   0  -3  -2   0  -3   2   0    3   8   6   0   8   0   1   0  11  13  10   8   5   3   0   1   8   0   8   7  0.17 0.14
   60 N    -4   2   7   0  -6  -1   2  -4  -2  -6  -6  -2  -5  -6  -5  -2  -1  -6  -5  -5    0  11  67   4   0   1  15   0   0   0   0   0   0   0   0   0   2   0   0   0  1.51 0.51
   61 Y    -4   0  -2  -4  -5   1  -3  -5   5  -3  -2   0  -3   1  -5  -3  -4   5   7   0    0   4   1   0   0   8   0   0  13   0   3   5   0   4   0   1   0   8  43   9  1.06 0.39
   62 L    -4  -5  -6  -6  -4  -4  -2  -6  -5   0   6  -5   2  -2  -5  -5  -3  -4  -4   1    0   0   0   0   0   0   3   0   0   3  82   0   5   0   0   0   0   0   0   8  1.28 0.44
   63 R    -3   4   3   2   0   0  -1  -2   1  -5  -4   3  -3  -4  -3   0  -2  -4  -1  -4    0  27  20  13   2   2   0   2   4   0   0  22   0   0   0   6   0   0   2   0  0.64 0.30
   64 P    -3   0  -4  -1   1  -1  -4  -2  -5  -5  -5  -4  -5  -2   8  -2  -4  -6  -5  -3    1   5   0   4   3   3   0   3   0   0   0   0   0   2  75   3   0   0   0   2  1.95 0.60
   65 D    -1  -1   2   3   0   0   0   1  -2  -3  -3  -1  -3  -4  -3   2   1  -4  -1  -3    4   2  13  21   2   3   6  12   0   1   1   3   0   0   0  19  11   0   3   0  0.35 0.21
   66 V    -1  -1  -4  -4   1  -4  -4  -4  -4   5   3  -3   0  -1  -4  -1  -1  -4  -3   2    6   3   0   0   4   0   0   0   0  38  30   0   0   2   0   4   2   0   0  11  0.57 0.27
   67 R    -1   2   3  -1  -5  -1   0  -2   2  -3  -5   5  -4  -5  -3  -2  -2  -5  -4  -4    3  11  17   3   0   0   4   3   6   2   0  49   0   0   0   0   2   0   0   0  0.83 0.38
   68 R    -2   6  -1  -4  -6   0  -2  -2   3  -5  -5   4  -4  -1  -4  -1  -2  -5  -4  -5    2  45   2   0   0   2   0   3   7   0   0  31   0   3   0   3   2   0   0   0  1.12 0.46
   69 G    -1   0   0   0  -4  -3  -1   5  -4  -2  -4  -1  -4   0  -4   0   2  -5  -4  -2    3   5   5   5   0   0   3  50   0   3   0   2   0   4   0   5  12   0   0   3  0.68 0.31
   70 N     1   1   3  -1   0   0   1  -1   0  -2  -2   1  -1  -3   1   1   0  -3  -3  -2   11   8  15   3   2   2   7   4   3   2   3  11   2   0   7  11   6   0   0   2  0.19 0.13
   71 I    -4  -5  -5  -5  -4  -4  -5  -5  -4   1   2  -5   4   6  -5  -4  -4   8  -1  -3    1   1   0   1   0   0   1   1   0   9  16   1  10  33   1   1   1  25   0   1  1.48 0.48
   72 T    -1  -3   1   0   2  -3  -3  -3  -4  -4  -4  -3  -3  -4  -3   4   5  -4  -4  -1    4   1   6   4   4   0   1   1   0   1   1   1   0   0   1  35  36   0   0   5  0.87 0.40
   73 P     0   0  -1   1  -4   2   4  -2   0  -2  -2   0  -3  -1   2   0  -1  -3  -1  -1    6   3   2   6   0   8  28   2   2   2   5   4   0   2  11   8   3   0   2   4  0.30 0.18
   74 E    -1  -3  -3   3  -5   2   6  -3   1  -5  -3  -1  -2  -5  -4  -3  -3  -5  -2  -4    5   0   0  14   0  10  58   1   3   0   2   3   1   0   0   0   1   0   1   1  1.08 0.45
   75 E    -5  -4  -4  -2  -8  -2   8  -6  -4  -7  -7  -3  -6  -7  -5  -4  -5  -7  -6  -6    0   0   0   0   0   0 100   0   0   0   0   0   0   0   0   0   0   0   0   0  2.54 0.83
   76 Q    -2  -3  -2   4  -6   2   6  -5   0  -5  -5  -1   0  -6  -4  -3  -4  -6  -5  -2    2   0   0  28   0   9  50   0   2   0   0   3   3   0   0   0   0   0   0   4  1.17 0.48
   77 L    -1   2   0   3  -4   1   4  -3   0  -2  -1   1  -2  -3  -3  -1  -1  -4  -2  -3    5  10   3  15   0   7  32   1   2   2   9   9   1   1   0   2   2   0   1   1  0.42 0.24
   78 L    -1   1  -2  -4  -3   1  -2  -4  -2   2   3   2   1  -1  -4  -2   1  -4  -3   0    4   8   1   0   0   6   0   0   1  14  30  15   3   2   0   1  10   0   0   5  0.29 0.21
   79 I    -2  -5  -6  -6  -4  -5  -5  -6  -5   5   4  -5  -1   0  -5  -5  -3  -4   0   1    3   0   0   0   0   0   0   0   0  44  41   0   0   3   0   0   0   0   3   6  1.07 0.41
   80 M     0  -3  -4  -3   2  -2  -2  -4  -4   4   2  -1   1   1  -4  -2  -2  -3   0   1    9   1   0   1   5   2   2   0   0  30  24   4   4   6   0   1   0   0   3   9  0.37 0.21
   81 E    -1   2   1   1  -4   3   2  -2   4  -2  -3   2  -1  -4  -3   0  -1  -4  -3  -2    4  15   7   5   0  13  17   1  11   2   1  11   2   0   0   6   2   0   0   3  0.40 0.22
   82 L     1  -3  -4  -4  -2  -1  -3  -1  -4   0   4  -1   2  -1  -4  -2  -2  -4  -2  -1   16   0   0   0   1   2   1   5   0   4  53   4   4   2   0   2   2   0   1   2  0.52 0.29
   83 H     0  -2  -3  -4   0   1  -3  -5   8   0  -1  -4  -3  -1  -5  -3  -3  -4   1   2    8   1   0   0   2   6   0   0  48   5   5   0   0   2   0   0   1   0   5  15  1.16 0.46
   84 A     2   2   0  -1  -3   1   0  -2   0  -2  -2   3  -1  -1  -3   1  -1  -4  -3  -2   24  10   4   2   0   5   4   1   2   1   2  24   2   3   0  13   1   0   0   3  0.32 0.22
   85 K    -1   1  -2  -2  -3   1   1  -1  -1   1   2   1   1  -2  -3  -1   0  -3  -3   0    4   7   1   0   0   5  10   4   1  11  28  12   2   1   0   5   5   0   0   4  0.16 0.15
   86 W    -2  -1  -1  -3  -3  -2  -3  -2   3   1   2   1   2   2  -4  -2  -2   2   3   0    0   3   3   0   0   0   0   4  11   6  26  11   8   8   0   0   0   4  11   7  0.25 0.16
   87 G    -2   0  -2   1  -5  -3   1   5  -3  -5  -5  -3  -4  -5   4  -2  -3  -5  -5  -5    0   7   0   7   0   0   9  59   0   0   0   0   0   0  19   0   0   0   0   0  1.09 0.35
   88 N    -1  -1   5   0  -4   0  -1   1  -2  -2  -2  -2  -3  -4   1   0   1  -5  -3  -2    3   3  44   4   0   3   3  11   0   3   3   0   0   0   6   5   8   0   0   3  0.51 0.24
   89 R    -2   5  -1  -3  -4   3  -1  -1   1  -4  -4   4  -3  -4  -3   1  -2  -4  -3  -4    0  31   2   0   0  18   0   3   4   0   0  32   0   0   0   9   0   0   0   0  0.80 0.28
   90 W    -6  -7  -8  -8  -6  -6  -7  -6  -6  -6  -5  -7  -5  -3  -8  -7  -6  13  -1  -7    0   0   0   0   0   0   0   0   0   0   0   0   0   0   0   0   0 100   0   0  4.74 0.87
   91 S     3   3  -2   1  -3  -2  -1  -2  -3  -4  -4   1  -3  -4  -3   3   1  -4  -3  -3   34  16   0   7   0   0   2   0   0   0   0   7   0   0   0  27   8   0   0   0  0.53 0.25
   92 K     1   0   0  -1  -3   1   2  -3  -2  -1   1   2   0  -3  -2   0   1  -4  -3  -1   11   4   5   2   0   5  18   0   0   4  15  15   1   0   0   6  11   0   0   3  0.17 0.11
   93 I    -3  -5  -6  -6   1  -5  -5  -6  -6   7   0  -5   1  -3  -5  -4  -3  -5  -4   3    0   0   0   0   3   0   0   0   0  73   3   0   3   0   0   0   0   0   0  17  1.39 0.40
   94 A     5  -3  -3  -3  -3   1  -2   0  -3  -4  -4   0  -1  -4  -3   1  -1  -4  -4  -3   67   0   0   0   0   9   0   6   0   0   0   5   2   0   0   9   2   0   0   0  0.86 0.33
   95 K     0   2  -1  -2  -3   1   1   0  -2  -2  -3   3   0  -4   1   1   0  -4  -3  -3    9  14   1   0   0   3   7   9   0   2   1  28   3   0   7  11   4   0   0   0  0.32 0.15
   96 H    -1   2   0   0  -2   0   1  -3   4  -1   1   0   1   1  -3  -1  -1  -2   1  -1    3  14   3   4   1   4  10   1  15   2  16   4   5   5   0   1   3   0   6   2  0.17 0.11
   97 L    -3  -4  -5  -5  -3  -4  -5  -5  -5   3   4  -4   4   0  -5  -4  -3  -4  -3   2    0   0   0   0   0   0   0   0   0  17  56   0  12   3   0   0   0   0   0  13  0.90 0.29
   98 P    -2   0  -2  -2  -2  -1   0   1   0  -3  -3  -1   1  -2   6  -2  -2  -4  -3   0    2   4   1   1   1   2   7  10   3   0   1   3   4   2  47   2   1   0   0   8  0.83 0.24
   99 G    -1  -2   0  -3  -4  -2  -1   5   0  -5  -5   0  -4  -3  -4   0   1   1  -4  -4    2   2   4   0   0   1   3  59   2   0   0   6   0   1   0   5  13   2   0   0  0.89 0.29
  100 R    -4   8  -3  -4  -6  -2  -3  -5  -3  -5  -2   2  -4  -5  -5  -3  -4  -5  -4  -5    0  85   0   0   0   0   0   0   0   0   4  11   0   0   0   0   0   0   0   0  1.90 0.51
  101 T    -2  -1   0  -3  -3  -2  -1  -4   0  -3  -4  -2   1  -4   1   1   6  -5  -4  -3    0   2   4   0   0   1   4   0   2   0   0   1   4   0   8  10  64   0   0   0  0.97 0.37
  102 D     2   0  -1   5  -4  -2   1  -1  -3  -3  -4  -1  -3  -4   1   1  -2  -5  -4  -2   24   5   1  39   0   0   6   2   0   1   0   2   0   0   8  11   0   0   0   1  0.59 0.24
  103 N    -1   0   5  -1  -2   0   0  -2   1  -1  -1   1  -2  -4  -3   0   0  -4  -3  -1    5   3  45   0   1   4   6   1   4   5   5   8   0   0   0   3   5   0   0   4  0.48 0.22
  104 E     0   0  -1   2  -4   5   3  -2   1  -3  -3  -1   0  -4  -3   0   0  -4  -3  -2    8   3   1  14   0  31  22   2   3   1   0   0   2   0   0   4   7   0   0   2  0.53 0.23
  105 I    -2  -5  -4  -5   8  -4  -5  -5  -5   5   1  -4  -1  -3  -4  -1  -2  -4  -3   2    0   0   0   0  36   0   0   0   0  37  10   0   0   0   0   4   0   0   0  12  1.12 0.34
  106 K    -3   4  -2  -3  -4  -1   0  -2  -2  -1  -1   5  -1  -4  -3  -2  -2   0  -3  -1    0  28   0   0   0   0   5   3   0   4   8  44   2   0   0   0   0   1   0   4  0.68 0.27
  107 N    -3   2   6   1  -4   1   1  -3  -1  -5  -5   0  -4  -4  -3   1  -2   1   0  -4    0  11  47   7   0   4  10   0   0   0   0   5   0   0   0   9   0   2   4   0  0.78 0.29
  108 Y    -3   4  -3  -4  -5  -1  -3  -4   5  -4  -3   1  -3   3  -4  -3  -3   2   5  -2    0  26   0   0   0   1   0   0  20   0   1   9   0  12   0   0   0   3  26   2  0.89 0.32
  109 W    -2  -5  -6  -6   1  -5  -5  -5  -3  -4  -4  -5  -4   3  -6  -5  -5  11   6  -5    4   0   0   0   4   0   0   0   0   0   0   0   0  13   0   0   0  54  25   0  2.48 0.55
  110 R    -3   2   5  -1  -4   2   2  -3   2  -2   0   1  -2  -2  -3  -1  -1  -4   0  -3    0  11  33   0   0  11  12   0   5   2  10   9   0   2   0   1   1   0   3   0  0.43 0.21
  111 T     0   0   2  -2  -1   1   0  -2  -2  -1  -3   2  -1  -2  -2   2   3  -4  -2   0    4   4   9   0   1   8   4   1   0   5   0  17   2   1   0  14  25   0   1   5  0.27 0.18
  112 R    -1   2  -1  -3   0  -2  -1  -3   4   0   2  -1   0   1  -3   0   0  -2   2  -1    2  12   1   0   2   0   4   0  15   4  28   2   1   6   0   6   7   0   9   1  0.24 0.17
  113 I    -2  -2  -2  -4   0  -2  -3  -4  -3   2   3   1   3   1  -3  -3  -1  -3   0   1    1   0   2   0   2   1   0   0   0  15  32  12  12   6   0   0   2   0   3   9  0.33 0.18
  114 Q     0   2   0   0  -4   2   2  -2  -2  -4  -3   4  -1  -4  -1   1  -1  -4  -2  -3    7  12   4   5   0  10  11   1   0   0   1  31   2   0   2  11   1   0   1   0  0.41 0.20
  115 K    -1   4  -1  -1   1  -1   0  -3  -3  -4  -2   5   1  -4  -1   0  -2   2  -3  -4    5  25   2   2   3   0   3   0   0   0   2  42   4   0   3   5   1   3   0   0  0.67 0.30
  116 H    -1   3  -1  -1  -3   2   1  -1   1  -3  -1   4   0  -3  -3  -1  -2  -4  -2  -2    4  16   2   3   0  10   9   3   3   0   5  35   3   0   0   3   0   0   1   2  0.41 0.21
  117 I     0  -2  -1  -3   1   1  -1  -3   0   1   3  -2   0   0  -3  -1  -1  -2   0   1    9   1   2   0   4   9   4   1   2   5  36   1   1   4   0   4   3   0   3  11  0.19 0.14
  118 K     0   2   1   1  -3   2   1  -2   2  -2  -1   2  -1  -3  -1   1  -1  -4  -2  -1    6  15   5   8   0  10   8   2   6   2   6  16   1   0   1   9   1   0   0   3  0.21 0.13
  119 Q    -1   2   1  -1  -4   3   1   1   1  -2  -1   2  -2  -3  -2   0  -2   0  -3  -2    4  10   8   1   0  17  11  10   4   2   8  17   0   0   1   5   0   2   0   1  0.27 0.17
  120 A     1   0  -1   1   0   0   2   1   0  -1  -2   1   0  -1  -2   1   0  -3  -1  -2   13   4   1   9   2   4  15  12   2   4   2   7   3   3   0  10   4   0   2   1  0.12 0.09
  121 D    -1   0   2   4  -3   0   1   0  -2  -3  -3   0  -3  -4   0   2   0  -4  -2  -2    3   5   8  30   0   4   6   6   0   1   3   6   0   0   5  17   4   0   1   3  0.37 0.19
  122 Q    -1   0  -1  -1  -2   1   2  -1   2   0  -1   1   0   0   3   0  -1   2   0  -2    4   3   1   3   1   6  16   4   5   6   6   9   2   4  14   9   1   3   3   1  0.17 0.12
  123 N     0   1   0   0  -1   1   0  -2  -2   0  -1   1  -1   0   0   1   1   2  -1   0    5  10   6   4   2   5   4   1   0   5   5  12   1   4   5  12   8   3   1   7  0.07 0.07
  124 M     0   0   0  -2   0   0   0  -1   0   0   0   0   0  -1  -1   1   1   2   1  -1    9   4   4   0   2   4   7   5   2   5  13   6   1   2   1   9  14   3   6   2  0.05 0.07
  125 K    -1   2   0   0  -2   1   0   0   3  -3  -2   2  -2  -3   1   1   1  -3  -1  -2    3  10   4   4   1   7   6   7  10   1   3  14   0   0   6  11   9   0   2   3  0.20 0.13
  126 K    -1   3  -1   0  -3   0   1   0   0  -2  -1   2  -2  -3   1   0  -1  -3  -2  -1    4  21   1   4   0   4  10   9   2   1   7  18   0   0   7   6   1   0   1   4  0.24 0.15
  127 P    -1   0  -1   0  -2   0   0   0   0  -2  -2   1  -2  -3   4   1   1  -4  -2  -1    4   4   3   4   1   4   6   9   3   2   4   8   1   0  26  11   8   0   1   4  0.35 0.17
  128 S     0   0   0  -1  -1   0   1  -1   2   1   0   1   0  -2   0   1   0  -3  -1   0    6   4   4   1   1   3  12   3   6  11  13   9   2   1   5  11   4   0   1   5  0.06 0.08
  129 K     0   1   1  -1  -2   0   1   0   0  -1  -1   3  -1  -3   1   0   0  -4  -2  -2    6   7   8   3   1   1  10   6   2   4   5  26   1   1   8   5   4   0   1   2  0.20 0.15
  130 C     0   0  -1   0   1   0   1  -1   2   0   0   0   0  -2  -1   1   0  -3  -2   0   10   5   2   4   4   1  13   5   6   4   9   8   3   1   3  11   4   0   1   6  0.06 0.07
  131 E    -2  -1   1   2  -1   1   2   0   0  -1   0   0  -1  -3   1   1   1  -4  -2  -2    1   1   7  12   2   5  17   6   2   4   9   4   1   1   6  12   9   0   1   0  0.18 0.14
  132 Q     0   1   0  -1  -3   1   1   0   0  -1  -1   2  -2  -3   0   1   1  -3  -1   0    8   5   5   2   0   6  11   6   2   3   4  16   0   0   4  10   7   0   2   7  0.12 0.10
  133 N    -1   0   4   1  -1   1   0  -1  -1  -2  -2  -1   0  -2   0   2   0  -4  -2  -1    3   4  24   9   1   7   6   4   1   2   2   2   3   2   4  15   6   0   1   5  0.25 0.18
  134 D     0  -1   2   3  -3  -1   1  -2   1  -1  -1   0  -1  -3   0   1   0  -4  -2   0    6   2  12  18   0   1   8   2   3   4   5   6   1   0   3  14   5   0   1   7  0.19 0.14
  135 Q     0   1   2   0  -2   2   1  -1   0  -2  -2   1   0  -2  -1   1  -1  -3  -2  -1    6   6  14   4   1  11   8   3   2   2   3  11   3   1   3  14   2   0   1   5  0.17 0.12
  136 K     0  -1   1   1  -3   3   1  -2   0   0  -1   0   0  -3   2   1   1  -4  -3  -1    7   2   5   7   0  16   8   1   2   6   4   6   2   0   9  10  11   0   0   4  0.19 0.14
  137 A     1   0   0   0   1   0   0  -1   1  -1  -1   1  -1  -1   2   1   0  -3   0  -1   18   4   5   6   4   2   3   3   5   4   4   9   2   2   9   9   4   0   3   4  0.09 0.08
  138 I    -1  -1   0  -1  -1  -1  -1   0   0   1   1   0   0  -1   1   1   1  -3  -2   0    3   1   5   3   1   2   4   7   3  11  13   4   3   1   7  15   9   0   0   8  0.07 0.08
  139 S    -1  -1   2   1  -2   1   1  -3  -2  -1  -2   0  -2  -3   2   3   1  -4  -2  -2    3   2  11   8   1   5   7   0   0   4   5   5   1   1  11  26   8   0   1   2  0.30 0.21
  140 T     0  -1   0   0  -3  -1  -1  -2   0  -1  -1  -1   0  -1   2   3   2  -4   0   0    6   3   3   4   0   2   2   1   3   2   5   3   3   3  11  27  14   0   3   7  0.24 0.19
  141 S     0   0   1   1  -2   1   0  -1   1  -1  -1   0  -1  -2   0   2   2  -4  -3  -1    7   6   7   6   1   7   3   3   3   4   6   3   2   1   3  19  17   0   0   2  0.16 0.14
  142 Q     0   0   0  -1  -3   3  -1  -1   0  -1  -1   1   1   0   2   1   0   0  -1  -1    5   5   5   2   0  19   1   5   2   3   5   7   4   4   9  10   7   1   1   4  0.16 0.15
  143 A     0   1   1   0  -3   0  -1   0   1  -2   0   0  -1  -2   1   1   1  -3  -1   0    6   7   9   3   0   2   3   7   4   0   9   6   1   1   5  15  13   0   2   6  0.11 0.11
  144 S     0   0   0  -1  -1   0   0  -1   1  -1  -1   0  -1  -2   3   1   0  -3  -2   0    6   5   5   2   1   5   5   4   3   4   6   6   1   1  16  16   6   0   1   7  0.16 0.11
  145 T    -1   0   1  -1   1  -1  -1  -1  -1   0  -1   0  -2   1   3   2   0   0  -1  -2    4   6   7   4   3   1   2   5   1   9   5   5   0   9  13  17   6   1   1   1  0.14 0.14
  146 G     0   0   0  -1  -1   0  -1   1   0   1  -2   0   0  -2   2   1   0  -3  -2   0    9   6   4   2   1   4   3  11   2  10   1   7   3   1   9  14   5   0   1   5  0.11 0.10
  147 P     0  -1   0   0  -4   2   0  -1   1  -3  -1  -2  -2  -2   5   1   1  -1  -2  -2    8   3   5   5   0  10   4   3   4   1   5   1   1   2  26   9   9   1   1   2  0.39 0.23
  148 T     0  -1   1  -1  -1   2   0   0  -1   0  -1   0   0  -1   0   1   1   3  -2  -1    8   1   9   2   1  11   5   8   1   5   5   4   4   3   4  11   8   5   0   5  0.10 0.11
  149 D    -1   0   1   3  -4   0   3  -2   0  -1  -2  -1  -3  -2  -1   2  -1  -5  -4  -1    3   5   5  20   0   4  20   2   2   4   3   2   0   2   3  18   4   0   0   4  0.36 0.24
  150 T     0   0   1   1  -1   0   0  -1   0  -1  -1   0  -1  -1   1   0   1  -3   0  -1    9   4  10   7   1   3   6   5   3   5   7   4   1   3   9   7  12   0   3   3  0.08 0.07
  151 I    -1  -1  -1   1  -1  -2  -2   0   2   2   0   0   2  -2  -2  -1  -1  -1   0   1    5   2   3  10   2   1   1   7   7  18   9   6   8   0   2   3   2   1   3  10  0.11 0.13
  152 D    -1  -3   0   1  -4   0   0  -2   1  -1   0   0  -1  -2   4   1   0  -4  -1  -2    5   0   5   8   0   4   7   3   4   5   9   4   1   2  23  13   4   0   1   1  0.31 0.19
  153 S    -1   1   1   1  -4   0   1  -2  -1  -2  -3   1  -2  -2  -2   3   0  -1  -1  -1    4   9   6   7   0   4   9   2   1   3   2  10   1   2   1  30   5   1   2   4  0.27 0.21
  154 Y     0  -1   0  -1  -3   1   0  -2  -1  -1  -1   1   2   1   2   1   1  -1   1  -1    7   3   4   2   0   6   4   1   1   4   6  11   6   8   9  13   8   1   6   2  0.12 0.12
  155 S    -1   1   1   0  -3  -1   0   0  -3   0  -1  -1   0  -1   0   3   1  -4  -2  -1    2   9   6   6   0   1   6   5   0   5   6   1   3   2   4  30   8   0   1   3  0.22 0.20
  156 P    -3   0   1   0  -1   3  -2  -3  -4  -5  -3  -2  -2  -2   6   2   0  -5  -2  -4    0   6   6   4   1  12   2   1   0   0   3   1   1   2  36  16   6   0   2   0  0.80 0.39
  157 S     0   2   2  -1  -3   0   0   1  -2  -2  -1   0  -2  -3  -1   1   1  -4  -1  -1    8  15  11   3   0   2   7  10   0   2   5   5   0   0   2  11  11   0   2   6  0.16 0.14
  158 S     0   1   1  -2  -4  -2   0  -2  -3  -1  -4   1  -1  -5   3   4   0  -5  -3  -2    6   8   5   1   0   1   6   1   0   4   0   9   1   0  13  37   5   0   1   2  0.50 0.32
  159 Y     0  -1  -2  -1   0   0   1  -3   3  -1  -2  -1   0   1   2   0   0   0   4   0    6   2   1   3   3   3  10   0  10   3   2   2   2   7  10   9   5   1  15   6  0.24 0.18
  160 T     0   1   2   1  -3   0   0  -2   1   1  -1   1   0  -3  -2   0   2  -4   0   0    6   6   9   7   0   4   5   1   5   9   6   8   2   0   1   8  16   0   3   5  0.11 0.12
  161 E    -2   0  -1   1  -2   2   1  -1   4  -3  -2   0  -3  -1   3   0  -1   0  -1  -1    2   4   2   7   1  11  11   5  11   0   3   6   0   3  16   6   2   2   2   5  0.30 0.19
  162 N    -1  -1   3   3  -4   1   2  -1   3  -3  -2   1  -3  -3  -2   0  -1  -4   0  -2    3   2  18  15   0   5  12   3  10   1   5   8   0   0   2   5   3   0   3   3  0.32 0.20
  163 T     0  -2   2   0   2   2   0  -2   0   0  -1  -1   1  -1  -1   0   1  -3  -1  -1    8   0  14   5   6  10   5   2   2   5   6   3   6   3   3   7  11   0   1   3  0.12 0.13
  164 N    -2  -1  -1   1  -3  -1   1   0   2   1  -1  -1  -1   0   0   2   1  -4  -1  -1    0   4   2   7   0   1  12   6   7  10   6   1   2   5   4  19   9   0   1   3  0.13 0.15
  165 N    -1  -1   4   0   2   1   2  -2  -1  -4  -3  -1  -1  -2  -1   1   0   2  -3  -2    3   2  22   5   5   7  15   2   1   0   2   3   1   2   3  14   6   3   0   2  0.34 0.23
  166 N    -2  -2   3   0  -3   0   1   0   1   1   0   0   2  -3  -2   1  -1  -4  -3   0    0   0  20   4   0   3  10   6   4   9   8   6   6   0   1  13   2   0   0   6  0.21 0.18
  167 M    -1  -2   1   3   1   1   0  -3   4  -1  -2   0   0  -1  -2   0  -1  -3   1   0    4   0   6  22   4   8   4   1  10   2   3   4   2   2   1   8   2   0   6  10  0.26 0.19
  168 E    -1   1   1   0  -4   2   3  -1   1  -2  -1   1  -2  -2  -3   1  -1   0   0  -1    5   6   9   4   0  10  21   4   3   1   5  10   0   1   0  10   1   1   4   5  0.22 0.16
  169 N    -1  -2   5   2  -4   2   0  -1   2  -4  -4  -1  -2  -4  -2   2   0  -5  -4  -4    5   2  29  13   0   8   5   4   5   0   1   2   1   0   1  17   6   0   0   0  0.57 0.30
  170 I     0  -2   1  -2   1  -1  -2  -1  -2   2   1  -1   1  -1   1   0   0  -3   1   1    5   0  10   0   3   3   1   3   0  13  16   4   4   1   6   8   7   0   5  11  0.09 0.10
  171 T     0  -1   0   0  -3   0  -1  -1  -2   1  -2  -1   0  -3  -1   3   2  -3   0  -1    7   3   4   5   0   5   3   4   0   9   2   2   3   0   2  28  14   0   4   4  0.21 0.18
  172 F    -1  -1   0   0  -3  -2  -1  -1   0   1  -1   0  -1   3  -1   1   1  -2   2  -1    5   2   4   7   0   0   3   5   2  13   4   5   0  20   3  10   8   0   7   3  0.13 0.13
  173 Q    -1  -1   2  -1  -3   1   0  -1   3  -2  -2   0   0  -2   3   1   2  -4  -1  -3    2   3  12   2   0   6   4   5   9   3   3   4   3   2  15   9  17   0   2   0  0.29 0.19
  174 G     0  -2   3  -1  -1   2   1   1  -2   0  -3  -2  -2  -4  -1   2   0   0  -3   1    9   0  18   2   1   9   9  10   0   5   0   0   0   0   2  17   5   2   0  12  0.25 0.20
  175 N    -2  -2   1   2  -3   1   1   0   2  -2  -2   1  -3  -3   2   1  -1   1   0  -2    0   0   8  12   0   6  10   6   6   2   3  10   0   0  11  16   2   2   4   2  0.25 0.17
  176 F     0  -2   1  -1   0   0  -1  -3  -2   2   0  -2   1   3  -1   1   0  -2   1   1    9   0   7   2   2   5   4   0   0  13   6   0   5  14   3  13   5   0   5   8  0.12 0.13
  177 P    -3  -4  -1  -4  -4  -3  -2  -4  -4   0  -1  -1   2   0   7   0   0  -5  -4  -2    0   0   3   0   0   0   2   0   0   7   6   3   6   4  52   7   5   0   0   2  1.13 0.41
  178 T     0  -3  -1  -2  -3  -1  -1   0  -3   0  -1  -3  -2   4   1   0   3  -3  -1   1    5   0   3   2   0   3   4   7   0   4   2   0   0  21   6   6  23   0   0  13  0.28 0.21
  179 E    -1  -2   1   2  -4   4   2  -3   0  -4  -3   2  -3  -4   0   0   1  -4  -1  -4    3   0   6  14   0  23  14   0   2   0   2  11   0   0   4   7  11   0   2   0  0.48 0.27
  180 T     0  -3  -1   1   0   0   1  -3   0  -1   0  -1  -2  -3  -1   3   2  -4  -3  -1    4   0   2   7   2   4   8   0   2   4  13   2   0   0   2  32  14   0   0   3  0.29 0.23
  181 N    -2  -3   3   4  -4  -2   0   1   3  -2  -2  -2  -3  -4  -1   1   1  -5  -3  -2    2   0  17  29   0   0   4  11   8   2   4   0   0   0   2   8  10   0   0   2  0.47 0.24
  182 E    -1  -2   0   3  -4   1   2  -3   0  -2  -2   0   1  -4   3   1  -2  -4  -3  -2    3   0   3  20   0   6  17   0   3   2   3   3   6   0  16  14   0   0   0   2  0.43 0.21
  183 N    -3  -3   5   3   1  -1   0  -2  -2  -2  -5  -1  -4  -4  -3   3  -1  -5  -2  -4    0   0  36  20   3   2   4   2   0   3   0   2   0   0   0  22   2   0   2   0  0.76 0.33
  184 I    -3  -4  -2  -2  -4  -4  -4  -2  -3   4   0  -2   0   4  -5  -4  -3  -2   4   1    0   0   3   2   0   0   0   3   0  33   3   3   2  24   0   0   0   0  18  10  0.66 0.28
  185 W    -2  -4   0  -4   2  -3  -1   0  -3  -1   0  -4  -3  -2  -5  -2  -3  10   3  -2    3   0   6   0   4   0   5   9   0   3   9   0   0   0   0   3   0  44  11   3  1.36 0.39
  186 S     0  -1   1   2  -3  -2  -2   0  -2  -2  -1  -2   0  -3   0   3   1  -4  -3  -1    3   3   8  13   0   0   0   8   0   0   8   0   3   0   5  38   6   0   0   6  0.31 0.20
  187 M    -1  -3  -1  -3  -3   0   0  -1   0   2   1  -2   4   1  -3  -2  -2  -3  -2   2    4   0   3   0   0   5   8   6   3  16  10   0  22   6   0   0   0   0   0  16  0.24 0.16
  188 E    -3  -3  -1   5  -5  -1   4  -4  -2   0  -1  -2   2  -4  -3  -2  -2  -5  -4  -3    0   0   0  38   0   0  40   0   0   7   8   0   7   0   0   0   0   0   0   0  0.83 0.29
  189 D    -3   1  -1   6  -5   3   2  -3  -2  -5  -5  -1  -4  -5  -3  -2  -3  -5  -4  -5    0  10   0  64   0  18   9   0   0   0   0   0   0   0   0   0   0   0   0   0  1.19 0.31
  190 L    -1  -2  -2  -1  -2   1   0  -1   1   2   1  -2   2   1  -3  -2   0  -2  -1   2    0   0   0   5   0   8   5   5   5  16  14   0  10   8   0   0   7   0   0  16  0.12 0.09
  191 W    -4  -3   1  -4  -4  -3  -4  -4   2  -4  -3   0   3   1  -5  -4  -4  11   0  -4    0   0   9   0   0   0   0   0   5   0   0   6  10   5   0   0   0  64   0   0  2.16 0.40
  192 S     0   1  -1   2  -2   0   1  -2  -1  -2  -2   0  -2  -3   4   2   0  -3  -2  -1    8  12   0  13   0   0   8   1   0   0   1   1   0   0  20  27   1   0   0   8  0.34 0.08
  193 L    -1  -2  -3  -3   4  -2   0  -3  -2   1   3  -2   5  -1  -3  -2  -1  -2  -2   1    1   0   0   1  12   0   8   1   0   0  31   1  27   0   0   1   1   0   0  15  0.35 0.11
  194 Q    -1  -1   4  -1  -2   2  -1  -2   3  -2  -1  -1  -1  -2  -2   2   0  -3  -1   0    1   0  32   1   0  14   1   1  11   0   9   1   0   0   0  20   1   0   0   8  0.29 0.10
  195 L    -1  -3  -3  -3  -2  -2  -3  -3  -3   2   3  -2   3  -1  -3   0   0  -3  -2   2    0   0   0   0   0   0   0   0   0  14  38   0  10   0   0  12   7   0   0  19  0.31 0.10
  196 L    -2  -2  -3  -3  -2  -2  -2  -4  -2   0   4   0   1  -1   4  -2  -2  -2   1  -1    0   0   0   0   0   0   0   0   0   0  62  10   0   0  21   0   0   0   6   0  0.49 0.11
  197 N    -2  -2   6   0  -3  -1  -1  -2  -1  -2  -2  -1   4  -3  -3   0   1  -4  -3  -2    0   0  70   0   0   0   0   0   0   0   0   0  21   0   0   0   9   0   0   0  0.82 0.18
  198 D    -1  -1   4   3  -3   0   0  -1  -1  -3  -4  -1  -3  -3  -2   2   0  -4  -3  -3    0   0  43  25   0   0   0   0   0   0   0   0   0   0   0  33   0   0   0   0  0.56 0.07
  199 A     1  -3  -1  -2   6  -2  -2   4  -2  -2  -2  -2  -2  -3  -2   0  -1  -3  -3  -2   21   0   0   0  30   0   0  49   0   0   0   0   0   0   0   0   0   0   0   0  0.60 0.02
  200 T    -1  -2  -1  -2  -1  -1  -2  -2  -2  -1  -2  -1  -1  -1  -2   0   4   8   0  -1    0   0   0   0   0   0   0   0   0   0   0   0   0   0   0   0  66  34   0   0  0.74 0.02
  201 N     0  -1   5   1  -2   0   0   0   0  -3  -3   0  -2  -3  -2   2   1  -4  -2  -3    0   0  65   0   0   0   0   0   0   0   0   0   0   0   0  35   0   0   0   0  0.53 0.02

                      K         Lambda
Standard Ungapped    0.1277     0.3124
Standard Gapped      0.0426     0.2670
PSI Ungapped         0.1390     0.3174
PSI Gapped           0.0426     0.2670
