
Last position-specific scoring matrix computed, weighted observed percentages rounded down, information per position, and relative weight of gapless real matches to pseudocounts
            A   R   N   D   C   Q   E   G   H   I   L   K   M   F   P   S   T   W   Y   V   A   R   N   D   C   Q   E   G   H   I   L   K   M   F   P   S   T   W   Y   V
    1 M    -1  -1  -2  -3  -1   0  -2  -3  -2   1   2  -1   5   0  -3  -2  -1  -1  -1   1    0   0   0   0   0   0   0   0   0   0   0   0 100   0   0   0   0   0   0   0  0.33 0.00
    2 A     4  -1  -2  -2   0  -1  -1   0  -2  -1  -1  -1  -1  -2  -1   1   0  -3  -2   0  100   0   0   0   0   0   0   0   0   0   0   0   0   0   0   0   0   0   0   0  0.40 0.00
    3 K    -1   2   0  -1  -3   1   1  -2  -1  -3  -2   5  -1  -3  -1   0  -1  -3  -2  -2    0   0   0   0   0   0   0   0   0   0   0 100   0   0   0   0   0   0   0   0  0.51 0.00
    4 M    -1  -1  -2  -3  -1   0  -2  -3  -2   1   2  -1   5   0  -3  -2  -1  -1  -1   1    0   0   0   0   0   0   0   0   0   0   0   0 100   0   0   0   0   0   0   0  0.33 0.00
    5 L    -1  -2  -3  -4  -1  -2  -3  -4  -3   2   4  -2   2   0  -3  -2  -1  -2  -1   1    0   0   0   0   0   0   0   0   0   0 100   0   0   0   0   0   0   0   0   0  0.45 0.00
    6 P    -1  -2  -2  -2  -3  -1  -1  -2  -2  -3  -3  -1  -3  -4   7  -1  -1  -4  -3  -2    0   0   0   0   0   0   0   0   0   0   0   0   0   0 100   0   0   0   0   0  2.03 0.00
    7 P    -1  -2  -2  -2  -3  -1  -1  -2  -2  -3  -3  -1  -3  -4   7  -1  -1  -4  -3  -2    0   0   0   0   0   0   0   0   0   0   0   0   0   0 100   0   0   0   0   0  2.03 0.00
    8 P    -1  -2  -2  -2  -3  -1  -1  -2  -2  -3  -3  -1  -3  -4   7  -1  -1  -4  -3  -2    0   0   0   0   0   0   0   0   0   0   0   0   0   0 100   0   0   0   0   0  2.03 0.00
    9 S     1  -1   1   0  -1   0   0   0  -1  -2  -2   0  -2  -2  -1   4   1  -3  -2  -2    0   0   0   0   0   0   0   0   0   0   0   0   0   0   0 100   0   0   0   0  0.45 0.00
   10 Q    -1   1   0   0  -3   5   2  -2   0  -3  -2   1   0  -3  -1   0  -1  -2  -1  -2    0   0   0   0   0 100   0   0   0   0   0   0   0   0   0   0   0   0   0   0  0.64 0.00
   11 S     1  -1   1   0  -1   0   0   0  -1  -2  -2   0  -2  -2  -1   4   1  -3  -2  -2    0   0   0   0   0   0   0   0   0   0   0   0   0   0   0 100   0   0   0   0  0.45 0.00
   12 V     0  -3  -3  -3  -1  -2  -2  -3  -3   3   1  -2   1  -1  -2  -2   0  -3  -1   4    0   0   0   0   0   0   0   0   0   0   0   0   0   0   0   0   0   0   0 100  0.34 0.00
   13 P    -1  -2  -2  -2  -3  -1  -1  -2  -2  -3  -3  -1  -3  -4   7  -1  -1  -4  -3  -2    0   0   0   0   0   0   0   0   0   0   0   0   0   0 100   0   0   0   0   0  2.03 0.00
   14 S     1  -1   1   0  -1   0   0   0  -1  -2  -2   0  -2  -2  -1   4   1  -3  -2  -2    0   0   0   0   0   0   0   0   0   0   0   0   0   0   0 100   0   0   0   0  0.45 0.00
   15 R    -1   6   0  -2  -3   1   0  -2   0  -3  -2   2  -1  -3  -2  -1  -1  -3  -2  -3    0 100   0   0   0   0   0   0   0   0   0   0   0   0   0   0   0   0   0   0  0.74 0.00
   16 P    -1  -2  -2  -2  -3  -1  -1  -2  -2  -3  -3  -1  -3  -4   7  -1  -1  -4  -3  -2    0   0   0   0   0   0   0   0   0   0   0   0   0   0 100   0   0   0   0   0  2.03 0.00
   17 P    -1  -2  -2  -2  -3  -1  -1  -2  -2  -3  -3  -1  -3  -4   7  -1  -1  -4  -3  -2    0   0   0   0   0   0   0   0   0   0   0   0   0   0 100   0   0   0   0   0  2.03 0.00
   18 S     1  -1   1   0  -1   0   0   0  -1  -2  -2   0  -2  -2  -1   4   1  -3  -2  -2    0   0   0   0   0   0   0   0   0   0   0   0   0   0   0 100   0   0   0   0  0.45 0.00
   19 W    -3  -3  -4  -4  -2  -2  -3  -3  -2  -3  -2  -3  -1   1  -4  -3  -2  11   2  -3    0   0   0   0   0   0   0   0   0   0   0   0   0   0   0   0   0 100   0   0  2.29 0.00
   20 L    -1  -2  -3  -4  -1  -2  -3  -4  -3   2   4  -2   2   0  -3  -2  -1  -2  -1   1    0   0   0   0   0   0   0   0   0   0 100   0   0   0   0   0   0   0   0   0  0.45 0.00
   21 Y    -2  -2  -2  -3  -2  -1  -2  -3   2  -1  -1  -2  -1   3  -3  -2  -2   2   7  -1    0   0   0   0   0   0   0   0   0   0   0   0   0   0   0   0   0   0 100   0  0.85 0.00
   22 I    -1  -3  -3  -3  -1  -3  -3  -4  -3   4   2  -3   1   0  -3  -2  -1  -3  -1   3    0   0   0   0   0   0   0   0   0 100   0   0   0   0   0   0   0   0   0   0  0.38 0.00
   23 P    -1  -2  -2  -2  -3  -1  -1  -2  -2  -3  -3  -1  -3  -4   7  -1  -1  -4  -3  -2    0   0   0   0   0   0   0   0   0   0   0   0   0   0 100   0   0   0   0   0  2.03 0.00
   24 P    -1  -2  -2  -2  -3  -1  -1  -2  -2  -3  -3  -1  -3  -4   7  -1  -1  -4  -3  -2    0   0   0   0   0   0   0   0   0   0   0   0   0   0 100   0   0   0   0   0  2.03 0.00
   25 R    -1   6   0  -2  -3   1   0  -2   0  -3  -2   2  -1  -3  -2  -1  -1  -3  -2  -3    0 100   0   0   0   0   0   0   0   0   0   0   0   0   0   0   0   0   0   0  0.74 0.00
   26 R    -1   6   0  -2  -3   1   0  -2   0  -3  -2   2  -1  -3  -2  -1  -1  -3  -2  -3    0 100   0   0   0   0   0   0   0   0   0   0   0   0   0   0   0   0   0   0  0.74 0.00
   27 R    -1   6   0  -2  -3   1   0  -2   0  -3  -2   2  -1  -3  -2  -1  -1  -3  -2  -3    0 100   0   0   0   0   0   0   0   0   0   0   0   0   0   0   0   0   0   0  0.74 0.00
   28 H    -2   0   1  -1  -3   0   0  -2   8  -3  -3  -1  -2  -1  -2  -1  -2  -2   2  -3    0   0   0   0   0   0   0   0 100   0   0   0   0   0   0   0   0   0   0   0  0.84 0.00
   29 G     0  -2   0  -1  -3  -2  -2   6  -2  -4  -4  -2  -3  -3  -2   0  -2  -3  -3  -3    0   0   0   0   0   0   0 100   0   0   0   0   0   0   0   0   0   0   0   0  1.04 0.00
   30 T     0  -1   0  -1  -1  -1  -1  -2  -2  -1  -1  -1  -1  -2  -1   1   5  -2  -2   0    0   0   0   0   0   0   0   0   0   0   0   0   0   0   0   0 100   0   0   0  0.46 0.00
   31 F    -2  -3  -3  -4  -2  -3  -3  -3  -1   0   0  -3   0   6  -4  -2  -2   1   3  -1    0   0   0   0   0   0   0   0   0   0   0   0   0 100   0   0   0   0   0   0  0.73 0.00
   32 T     0  -1   0  -1  -1  -1  -1  -2  -2  -1  -1  -1  -1  -2  -1   1   5  -2  -2   0    0   0   0   0   0   0   0   0   0   0   0   0   0   0   0   0 100   0   0   0  0.46 0.00
   33 S     1  -1   1   0  -1   0   0   0  -1  -2  -2   0  -2  -2  -1   4   1  -3  -2  -2    0   0   0   0   0   0   0   0   0   0   0   0   0   0   0 100   0   0   0   0  0.45 0.00
   34 S     1  -1   1   0  -1   0   0   0  -1  -2  -2   0  -2  -2  -1   4   1  -3  -2  -2    0   0   0   0   0   0   0   0   0   0   0   0   0   0   0 100   0   0   0   0  0.45 0.00
   35 C     0  -3  -3  -4   9  -3  -4  -3  -3  -1  -1  -3  -1  -2  -3  -1  -1  -2  -2  -1    0   0   0   0 100   0   0   0   0   0   0   0   0   0   0   0   0   0   0   0  1.19 0.00
   36 A     4  -1  -2  -2   0  -1  -1   0  -2  -1  -1  -1  -1  -2  -1   1   0  -3  -2   0  100   0   0   0   0   0   0   0   0   0   0   0   0   0   0   0   0   0   0   0  0.40 0.00
   37 F    -2  -3  -3  -4  -2  -3  -3  -3  -1   0   0  -3   0   6  -4  -2  -2   1   3  -1    0   0   0   0   0   0   0   0   0   0   0   0   0 100   0   0   0   0   0   0  0.73 0.00
   38 R    -1   6   0  -2  -3   1   0  -2   0  -3  -2   2  -1  -3  -2  -1  -1  -3  -2  -3    0 100   0   0   0   0   0   0   0   0   0   0   0   0   0   0   0   0   0   0  0.74 0.00
   39 L    -1  -2  -3  -4  -1  -2  -3  -4  -3   2   4  -2   2   0  -3  -2  -1  -2  -1   1    0   0   0   0   0   0   0   0   0   0 100   0   0   0   0   0   0   0   0   0  0.45 0.00
   40 S     1  -1   1   0  -1   0   0   0  -1  -2  -2   0  -2  -2  -1   4   1  -3  -2  -2    0   0   0   0   0   0   0   0   0   0   0   0   0   0   0 100   0   0   0   0  0.45 0.00
   41 P    -1  -2  -2  -2  -3  -1  -1  -2  -2  -3  -3  -1  -3  -4   7  -1  -1  -4  -3  -2    0   0   0   0   0   0   0   0   0   0   0   0   0   0 100   0   0   0   0   0  2.03 0.00
   42 S     1  -1   1   0  -1   0   0   0  -1  -2  -2   0  -2  -2  -1   4   1  -3  -2  -2    0   0   0   0   0   0   0   0   0   0   0   0   0   0   0 100   0   0   0   0  0.45 0.00
   43 S     1  -1   1   0  -1   0   0   0  -1  -2  -2   0  -2  -2  -1   4   1  -3  -2  -2    0   0   0   0   0   0   0   0   0   0   0   0   0   0   0 100   0   0   0   0  0.45 0.00
   44 P    -1  -2  -2  -2  -3  -1  -1  -2  -2  -3  -3  -1  -3  -4   7  -1  -1  -4  -3  -2    0   0   0   0   0   0   0   0   0   0   0   0   0   0 100   0   0   0   0   0  2.03 0.00
   45 S     1  -1   1   0  -1   0   0   0  -1  -2  -2   0  -2  -2  -1   4   1  -3  -2  -2    0   0   0   0   0   0   0   0   0   0   0   0   0   0   0 100   0   0   0   0  0.45 0.00
   46 S     1  -1   1   0  -1   0   0   0  -1  -2  -2   0  -2  -2  -1   4   1  -3  -2  -2    0   0   0   0   0   0   0   0   0   0   0   0   0   0   0 100   0   0   0   0  0.45 0.00
   47 P    -1  -2  -2  -2  -3  -1  -1  -2  -2  -3  -3  -1  -3  -4   7  -1  -1  -4  -3  -2    0   0   0   0   0   0   0   0   0   0   0   0   0   0 100   0   0   0   0   0  2.03 0.00
   48 P    -1  -2  -2  -2  -3  -1  -1  -2  -2  -3  -3  -1  -3  -4   7  -1  -1  -4  -3  -2    0   0   0   0   0   0   0   0   0   0   0   0   0   0 100   0   0   0   0   0  2.03 0.00
   49 P    -1  -2  -2  -2  -3  -1  -1  -2  -2  -3  -3  -1  -3  -4   7  -1  -1  -4  -3  -2    0   0   0   0   0   0   0   0   0   0   0   0   0   0 100   0   0   0   0   0  2.03 0.00
   50 P    -1  -2  -2  -2  -3  -1  -1  -2  -2  -3  -3  -1  -3  -4   7  -1  -1  -4  -3  -2    0   0   0   0   0   0   0   0   0   0   0   0   0   0 100   0   0   0   0   0  2.03 0.00
   51 V     0  -3  -3  -3  -1  -2  -2  -3  -3   3   1  -2   1  -1  -2  -2   0  -3  -1   4    0   0   0   0   0   0   0   0   0   0   0   0   0   0   0   0   0   0   0 100  0.34 0.00
   52 L    -1  -2  -3  -4  -1  -2  -3  -4  -3   2   4  -2   2   0  -3  -2  -1  -2  -1   1    0   0   0   0   0   0   0   0   0   0 100   0   0   0   0   0   0   0   0   0  0.45 0.00
   53 D    -2  -2   1   6  -4   0   2  -1  -1  -3  -4  -1  -3  -4  -2   0  -1  -4  -3  -3    0   0   0 100   0   0   0   0   0   0   0   0   0   0   0   0   0   0   0   0  0.92 0.00
   54 F    -2  -3  -3  -4  -2  -3  -3  -3  -1   0   0  -3   0   6  -4  -2  -2   1   3  -1    0   0   0   0   0   0   0   0   0   0   0   0   0 100   0   0   0   0   0   0  0.73 0.00
   55 Q    -1   1   0   0  -3   5   2  -2   0  -3  -2   1   0  -3  -1   0  -1  -2  -1  -2    0   0   0   0   0 100   0   0   0   0   0   0   0   0   0   0   0   0   0   0  0.64 0.00
   56 Y    -2  -2  -2  -3  -2  -1  -2  -3   2  -1  -1  -2  -1   3  -3  -2  -2   2   7  -1    0   0   0   0   0   0   0   0   0   0   0   0   0   0   0   0   0   0 100   0  0.85 0.00
   57 I    -1  -3  -3  -3  -1  -3  -3  -4  -3   4   2  -3   1   0  -3  -2  -1  -3  -1   3    0   0   0   0   0   0   0   0   0 100   0   0   0   0   0   0   0   0   0   0  0.38 0.00
   58 Q    -1   1   0   0  -3   5   2  -2   0  -3  -2   1   0  -3  -1   0  -1  -2  -1  -2    0   0   0   0   0 100   0   0   0   0   0   0   0   0   0   0   0   0   0   0  0.64 0.00
   59 F    -2  -3  -3  -4  -2  -3  -3  -3  -1   0   0  -3   0   6  -4  -2  -2   1   3  -1    0   0   0   0   0   0   0   0   0   0   0   0   0 100   0   0   0   0   0   0  0.73 0.00
   60 M    -1  -1  -2  -3  -1   0  -2  -3  -2   1   2  -1   6   0  -3  -2  -1  -1  -1   1    0   0   0   0   0   0   0   0   0   0   0   0 100   0   0   0   0   0   0   0  0.34 0.00
   61 D    -2  -2   1   6  -4   0   2  -1  -1  -3  -4  -1  -3  -4  -2   0  -1  -4  -3  -3    0   0   0 100   0   0   0   0   0   0   0   0   0   0   0   0   0   0   0   0  0.93 0.00
   62 S     1  -1   0  -1  -2  -1   0  -1  -1  -3  -3  -1  -2  -3   5   3   1  -3  -2  -2    0   0   0   0   0   0   0   0   0   0   0   0   0   0  39  61   0   0   0   0  0.73 0.00
   63 W    -3  -3  -4  -4  -2  -2  -3  -3  -2  -3  -2  -3  -1   1  -4  -3  -2  11   2  -3    0   0   0   0   0   0   0   0   0   0   0   0   0   0   0   0   0 100   0   0  2.30 0.00
   64 I    -1  -3  -3  -3  -1  -3  -3  -4  -3   4   2  -3   1   0  -3  -2  -1  -3  -1   3    0   0   0   0   0   0   0   0   0 100   0   0   0   0   0   0   0   0   0   0  0.39 0.00
   65 E     0   0   0   1  -2   1   4  -1   0  -3  -3   0  -2  -3  -1   2   0  -3  -2  -2    0   0   0   0   0   0  61   0   0   0   0   0   0   0   0  39   0   0   0   0  0.47 0.00
   66 Q    -1   1   0   0  -3   5   2  -2   0  -3  -2   1   0  -3  -1   0  -1  -2  -1  -2    0   0   0   0   0 100   0   0   0   0   0   0   0   0   0   0   0   0   0   0  0.65 0.00
   67 T     0  -1  -1  -1  -2  -1  -1  -2  -2  -1  -2  -1  -1  -3   5   1   3  -3  -2  -1    0   0   0   0   0   0   0   0   0   0   0   0   0   0  39   0  61   0   0   0  0.73 0.00
   68 S     1  -1   1   0  -1   0   0   0  -1  -2  -2   0  -2  -2  -1   4   1  -3  -2  -2    0   0   0   0   0   0   0   0   0   0   0   0   0   0   0 100   0   0   0   0  0.45 0.00
   69 L    -1  -3  -3  -3  -1  -2  -3  -4  -3   3   3  -3   1   0  -3  -2  -1  -2  -1   3    0   0   0   0   0   0   0   0   0  41  35   0   0   0   0   0   0   0   0  25  0.36 0.02
   70 S     0  -1   2   0   5  -1  -1  -1  -1  -2  -3  -1  -2  -3  -2   3   1  -3  -2  -2    0   0  20   0  21   0   0   0   0   0   0   0   0   0   0  60   0   0   0   0  0.43 0.04
   71 L    -2  -3  -4  -4  -2  -3  -3  -4  -3   2   3  -3   1   2  -3  -3  -1  -1   0   1    0   0   0   0   0   0   0   0   0  18  68   0   0  14   0   0   0   0   0   0  0.43 0.04
   72 D    -2  -2   1   6  -4  -1   1   1  -2  -4  -4  -1  -3  -4  -2  -1  -1  -4  -3  -4    0   0   0  86   0   0   0  14   0   0   0   0   0   0   0   0   0   0   0   0  0.97 0.08
   73 L    -2  -2  -4  -4  -1  -2  -3  -4  -3   1   4  -3   2   0  -3  -3  -1  -2  -1   2    0   0   0   0   0   0   0   0   0   0  86   0   0   0   0   0   0   0   0  14  0.52 0.06
   74 N    -1   1   5   0   4   0  -1  -1   3  -3  -3  -1  -2  -3  -2   0   1  -3  -1  -2    0   9  51   0  16   0   0   0  13   0   0   0   0   0   0   0  11   0   0   0  0.47 0.06
   75 V    -1  -2  -2  -3  -1  -2  -2  -3  -3   2   1  -2   0   2  -2  -1   2  -2   0   3    0   0   0   0   0   0   0   0   0  11  14   0   0  13   0   0  24   0   0  38  0.23 0.04
   76 G     0  -2   1  -1  -2  -2  -2   5  -2  -2  -1  -1  -1  -2  -2   1  -1  -3  -3  -2    0   0  11   0   0   0   0  63   0   0  14   0   0   0   0  13   0   0   0   0  0.57 0.05
   77 L    -1  -2  -2  -2  -1  -2  -2   1  -2   1   3  -2   1   0  -2  -1   1  -2  -1   1    1   1   0   1   0   0   1  13   0   1  53   1   0   0   1   1  14   0   0  12  0.18 0.03
   78 P     1  -1  -1  -1  -2  -1  -1  -1  -1  -2  -2   1  -2  -2   6   0  -1  -2  -2  -1   16   1   1   1   0   1   2   2   1   1   2  14   1   1  50   2   1   0   1   2  0.79 0.04
   79 S     1  -1   2  -1  -1  -1  -1  -1  -1  -1   0  -1   0   1  -1   2   0  -1   0  -1   11   1  15   1   0   1   2   2   1   1  15   1   1  12   1  31   1   0   1   2  0.10 0.02
   80 T     1  -1   0  -1  -1  -1  -1  -1  -1  -1  -1  -1  -1  -2   3   1   3  -2  -1  -1   18   1   1   1   0   1   2   2   1   1   2   1   1   1  14  12  37   0   1   2  0.27 0.02
   81 A     3  -1   2  -1  -1   0  -1   2  -1  -2  -2   1  -1  -2  -1   1   0  -2  -2  -1   50   1  14   1   0   0   1  14   0   1   1  13   0   0   1   1   1   0   0   1  0.25 0.03
   82 R    -1   4   0  -1  -2   0   0  -2  -1  -1   0   2  -1  -2  -1   1   0  -2  -1  -1    2  43   1   1   0   1   1   2   0   1  15  12   0   1   1  15   1   0   1   1  0.25 0.03
   83 R    -1   3   0   2  -2   1   2  -1   3  -2  -2   1  -1  -2  -1   0  -1  -2  -1  -2    2  29   1  15   1   1  15   2  16   2   3   2   1   1   2   2   2   0   1   2  0.25 0.02
   84 S     1  -1   0   0  -1   0   2  -1  -1  -1  -1   0  -1  -2  -1   1   1  -2  -1   0   11   1   1   1   0   1  31   2   0   1   2   1   0   1   1  15  15   0   1  14  0.16 0.02
   85 S     0  -1   0  -1  -1  -1  -1  -1  -1   0   1  -1   0  -1  -1   2   2  -2  -1   0    2   1   1   1   0   1   1   2   0   1  18   1   0   1   1  41  15   0   1  11  0.14 0.02
   86 A     2  -2  -2  -2  -1  -1  -2   1  -2   0   2  -1   2  -1  -2   0  -1  -2  -1   0   36   1   1   1   0   0   1  14   0   1  27   1  14   0   1   1   1   0   0   1  0.15 0.03
   87 P     0  -1   2  -1  -1  -1  -1  -1  -1   0  -1  -1   1  -2   4   1   0  -2  -1   0    2   1  15   1   1   1   2   2   1   1   2   2  10   1  25  15   2   0   1  15  0.28 0.02
   88 A     2  -1   0   3  -2   0   0  -1  -1  -1  -2   1  -1  -2  -1   0   1  -3  -2   0   27   1   1  30   0   0   1   1   0   1   1  11   0   0   1   1  14   0   0  10  0.20 0.03
   89 A     1   2   0   2  -2   0   0  -1  -1  -2  -2   3  -1  -3  -1   1   0  -3  -2  -2   14  16   1  14   0   0   1   1   0   1   1  34   0   0   1  13   1   0   0   1  0.26 0.03
   90 P     0  -1  -1  -1  -2   0   1   1  -1  -3  -3   1  -2  -3   5   1  -1  -3  -2  -2    1   1   1   1   0   0  11  14   0   1   1  13   0   0  39  14   1   0   0   1  0.62 0.03
   91 I     1  -2  -1   1  -1  -1  -1  -2  -2   2   1  -1   0  -1  -2   0   1  -2  -1   2   16   0   0  14   0   0   1   1   0  14  14   1   0   0   0   1  12   0   0  24  0.10 0.02
   92 K     0   2   0   0  -2   0   1   2  -1  -2  -2   2  -2  -2  -1   2   0  -2  -2  -2    1  12   1   1   0   1  14  17   0   1   1  23   0   0   1  25   1   0   0   1  0.25 0.02
   93 V     0  -2  -2  -2   4  -1  -2  -2  -2   1   0  -2   2  -1  -2   0   0  -2  -1   3    1   1   1   1  16   1   1   1   0   1   1   1  12   0   1  15   1   0   0  47  0.21 0.04
   94 L    -1   3  -1   1  -2   0  -1  -2  -1   0   2   0   2  -1  -2  -1  -1  -2  -1   0    1  28   1  14   0   1   1   1   0   1  34   1  14   0   1   1   1   0   0   1  0.16 0.03
   95 V     1  -2  -2  -3  -1  -2  -2   1  -3   2   0  -2   2  -1  -2  -1  -1  -3  -2   3   11   0   0   0   0   0   0  16   0  14   0   0  14   0   0   0   0   0   0  46  0.21 0.04
   96 E    -1  -1   0   2  -3   1   4   1  -1  -3  -3   0  -2  -3  -2   1  -1  -3  -3  -3    0   0   0  14   0   0  60  16   0   0   0   0   0   0   0  11   0   0   0   0  0.54 0.06
   97 E    -1   0   0   2  -3   1   4   1  -1  -3  -3   1  -2  -3  -1   0   1  -3  -2  -2    0   0   0  14   0   0  47  16   0   0   0  13   0   0   0   0  11   0   0   0  0.43 0.04
   98 N    -1   0   2   3  -3   0   0   1   2  -3  -3   2  -2  -3  -1   0  -1  -3  -1  -3    1   1  14  25   0   0   1  14  11   1   1  27   0   0   1   1   1   0   0   1  0.30 0.03
   99 F    -1  -1  -1  -1  -2  -1   1  -1  -1  -1   0  -1   0   3  -1   1  -1   5   1  -1    2   1   1   1   0   1  15   2   1   1  13   1   1  23   1  18   1  13   1   2  0.20 0.02
  100 L    -1   0  -1  -1  -1   0   0  -1  -1   0   1   2   0   1  -1   1   0  -1   0  -1    2   1   1   1   0   1   2   2   1   1  28  28   1  10   1  15   1   0   1   2  0.07 0.02
  101 S     0   1   0  -1  -1   0   0  -1   2  -1  -1   0  -1  -2  -1   2   0  -2  -1   0    2  12   1   1   0   1   2   2  10   1   2   1   1   1   1  45   1   0   1  14  0.15 0.03
  102 F    -1  -1  -1  -1  -1   0   1  -1  -1   0   1  -1   2   2  -1  -1  -1  -1   0   0    3   2   2   2   1   2  16   3   1   2  23   2  17  15   2   3   2   0   1   2  0.07 0.01
  103 K    -1   2   0  -1  -2   1   1  -1  -1  -1  -1   3   1  -2  -1   0   1  -2  -1  -1    2  12   1   1   0   1  11   2   0   1   2  34  12   1   1   2  15   0   1   1  0.20 0.03
  104 K    -1   1   2   0  -3   2   1  -2  -1  -2  -2   4  -1  -3  -1   0   1  -3  -2  -2    1   0  13   0   0   9  10   1   0   0   1  50   0   0   0   1  10   0   0   1  0.37 0.06
  105 D    -2  -1   1   6  -4   0   2  -2  -1  -4  -4   1  -3  -4  -2  -1  -1  -4  -3  -3    0   0   0  79   0   0  11   0   0   0   0  10   0   0   0   0   0   0   0   0  0.97 0.11
  106 H    -1  -1   1   2   3   0   3  -2   3  -3  -2   0  -2  -3   3   0  -1  -3  -1  -2    1   1  10  11  10   1  31   1  11   1   1   1   0   0  17   1   1   0   0   1  0.39 0.04
  107 E    -1   0  -1   0  -4   3   4  -2  -1  -3  -3   1  -2  -4   2   0  -1  -3  -2  -3    0   0   0   0   0  19  56   0   0   0   0   9   0   0   8   8   0   0   0   0  0.64 0.10
  108 V     1   0   0  -2  -1  -1  -2  -2  -2   1   2  -1   0  -1  -2  -1   1  -3  -2   1   20   9   8   0   0   0   0   0   0  10  28   0   0   0   0   0   8   0   0  17  0.12 0.04
  109 E     1  -1   1   2  -2   0   2  -1  -1  -2  -2   1  -2  -3  -1   2   0  -3  -2   0   15   0   9  10   0   0  19   0   0   0   0  12   0   0   0  26   0   0   0   9  0.24 0.05
  110 A     2   1  -1  -1  -2   1   1  -1  -1   0  -1   1   1  -2  -2   1   0  -3  -2   0   35  10   0   0   0   8   8   0   0  12   0   9   9   0   0   9   0   0   0   0  0.16 0.05
  111 L     0  -2  -3  -3  -2  -2  -3  -3  -3   1   4  -2   1   0  -3  -2   1  -2  -2   1    9   0   0   0   0   0   0   0   0   0  74   0   0   0   0   0  10   0   0   6  0.43 0.09
  112 E    -1   3  -1   0  -3   3   3  -2  -1  -2  -2   3  -1  -3  -2  -1  -1  -3  -2  -1    0  16   0   0   0  18  29   0   0   0   0  29   0   0   0   0   0   0   0   8  0.45 0.07
  113 A     3  -2  -1   2  -2   0   2  -1  -2  -2  -1  -1  -1  -3  -2   0  -1  -3  -2  -1   48   0   0  18   0   0  25   0   0   0  10   0   0   0   0   0   0   0   0   0  0.32 0.08
  114 E    -1   0  -1   2  -4   1   5  -2  -1  -4  -3   2  -2  -4  -2  -1  -1  -4  -3  -3    0   0   0   9   0   0  68   0   0   0   0  22   0   0   0   0   0   0   0   0  0.77 0.12
  115 L    -1  -3  -4  -4  -2  -2  -3  -4  -3   2   4  -3   3   0  -3  -3  -1  -2  -1   2    0   0   0   0   0   0   0   0   0   9  59   0   9   0   0   0   0   0   0  22  0.47 0.08
  116 R    -1   2   3   0  -3   1   3  -2  -1  -3  -3   2  -2  -3  -2   0   1  -3  -2  -2    0  10  25   0   0   0  29   0   0   0   0  24   0   0   0   0  12   0   0   0  0.43 0.07
  117 R    -2   5  -1  -1  -4   2   1  -2  -1  -3  -3   3  -2  -3  -2  -1  -1  -3  -2  -3    0  51   0   0   0  12   9   0   0   0   0  27   0   0   0   0   0   0   0   0  0.69 0.10
  118 A     1  -2  -3  -3  -1  -2  -2  -3  -3   1   1  -2   4  -1  -3  -1  -1  -3  -2   3   18   0   0   0   0   0   0   0   0   0  10   0  27   0   0   0   0   0   0  45  0.34 0.09
  119 S     0   1   2  -1  -2   0  -1   0   2  -2  -2   0   1  -2  -2   3   1  -3  -2  -2    0  10  17   0   0   0   0   7  10   0   0   0   9   0   0  39   9   0   0   0  0.28 0.07
  120 E     1  -1  -1   0  -3   1   4  -2  -1  -3  -2   0   1  -3  -2   1  -1  -3  -2  -2   15   0   0   0   0   0  59   0   0   0   0   0   9   0   0  17   0   0   0   0  0.50 0.10
  121 E    -2  -1  -1   3  -4   1   5  -3  -1  -4  -4   0  -3  -4  -2  -1  -2  -4  -3  -3    0   0   0  17   0   0  83   0   0   0   0   0   0   0   0   0   0   0   0   0  0.98 0.14
  122 N    -2  -1   7   0  -3  -1  -1  -1   0  -4  -4  -1  -3  -4  -3   0  -1  -5  -3  -4    0   0 100   0   0   0   0   0   0   0   0   0   0   0   0   0   0   0   0   0  1.29 0.18
  123 K    -1   3  -1  -1  -4   3   2  -2   3  -3  -3   3  -2  -3  -2  -1  -1  -3  -2  -3    0  19   0   0   0  26  10   0  10   0   0  35   0   0   0   0   0   0   0   0  0.54 0.08
  124 K    -1   4  -1  -1  -4   2   0  -2  -1  -3  -3   5  -2  -4  -2  -1  -1  -3  -2  -3    0  30   0   0   0   7   0   0   0   0   0  63   0   0   0   0   0   0   0   0  0.74 0.11
  125 L    -2  -3  -4  -4  -2  -3  -3  -4  -3   1   5  -3   1   0  -3  -3  -2  -2  -2   0    0   0   0   0   0   0   0   0   0   0 100   0   0   0   0   0   0   0   0   0  0.78 0.13
  126 T    -1   2   0  -1  -2   0   0  -2  -1  -2  -2   3  -2  -3  -2   2   3  -3  -2  -2    0   9   0   0   0   0   0   0   0   0   0  38   0   0   0  15  39   0   0   0  0.42 0.09
  127 E    -1   0  -1   0  -4   2   5  -3   3  -3  -1   1  -2  -3  -2  -1  -1  -3  -2  -2    0   0   0   0   0   8  62   0  10   0  10   9   0   0   0   0   0   0   0   0  0.57 0.10
  128 M    -1  -2  -2  -3  -2  -1  -2  -3   2   0   3  -2   6   0  -2  -2  -1  -2  -1   0    1   1   1   1   0   1   1   1  10   1  29   1  51   0   1   1   1   0   0   1  0.44 0.10
  129 L    -2  -2  -3  -3  -2  -2  -3  -3  -3   1   4  -2   1   0  -3  -2  -1  -2  -1   0    1   1   1   1   0   1   1   1   0   1  89   1   0   0   1   1   1   0   0   1  0.56 0.09
  130 R     2   1   0   2  -1   0   0  -1  -1  -2  -2   0  -1  -2  -1   2   2  -3  -2  -1   24  10   1  20   0   1   1   1   0   1   1   1   0   0   1  19  18   0   0   1  0.24 0.04
  131 A     1   2  -1  -1  -2   2   1  -1  -1  -2   0   1  -1  -2  -1   0   1  -2  -2  -1   17  17   1   1   0  18  10   1   0   1  10  10   0   0   1   1  11   0   0   1  0.19 0.04
  132 V    -1  -3  -3  -3  -1  -2  -3  -4  -3   3   1  -3   2  -1  -3  -2   1  -3  -2   4    0   0   0   0   0   0   0   0   0  20   0   0   8   0   0   0   8   0   0  64  0.46 0.09
  133 V     0  -2  -2  -2   5  -2  -2  -2  -2   1   1  -2   2  -1  -2   1   1  -3  -2   1    7   0   0   0  25   0   0   0   0  12  10   0   9   0   0  18   8   0   0  10  0.28 0.06
  134 A     2  -1   3   2  -2   0   3  -1  -1  -3  -3   1  -2  -3  -2   0  -1  -3  -2  -2   29   0  27   8   0   0  26   0   0   0   0   9   0   0   0   0   0   0   0   0  0.37 0.07
  135 K    -1   2   3   1  -3   0   0  -1  -1  -3  -3   2  -2  -3  -2   2   0  -4  -2  -3    0  12  27   9   0   0   0   0   0   0   0  26   0   0   0  26   0   0   0   0  0.41 0.07
  136 Y    -2  -3  -3  -4  -3  -2  -3  -4   1  -1   0  -3  -1   3  -4  -3  -2   1   7  -2    0   0   0   0   0   0   0   0   0   0  12   0   0   8   0   0   0   0  80   0  1.13 0.15
  137 T    -1   1   4   0  -2   0   0  -1   0  -2  -2   0  -2  -2   1   0   1  -2   1  -2    1  10  45   1   0   1   7   1   0   1   1   1   0   0   6   1  14   0   9   1  0.35 0.07
  138 E     1  -1   1   1  -2   0   2  -1  -1  -1  -2   0  -1  -2  -1   2   0  -3  -2   0   17   1  10  10   0   1  18   1   0   1   1   1   0   0   1  28   1   0   0   9  0.21 0.04
  139 L    -2  -3  -4  -4  -2  -3  -3  -4  -2   1   4  -3   1   0  -3  -3  -2  -1   2   0    0   0   0   0   0   0   0   0   0   0  88   0   0   0   0   0   0   0  12   0  0.64 0.11
  140 Q    -1   1   1  -1  -3   5   1   1   2  -4  -3   0  -1  -4  -2  -1  -1  -3  -2  -3    0   8   9   0   0  63   0  12   8   0   0   0   0   0   0   0   0   0   0   0  0.64 0.12
  141 G    -1   1   2  -1  -2  -1  -1   2  -1  -1  -1   1   4  -2  -2   0  -1  -3  -2  -1    0  10  17   0   0   0   0  22   0   0   0   8  37   0   0   7   0   0   0   0  0.27 0.09
  142 Q    -2   2  -1  -1  -3   5   1  -3   4  -3  -1   0  -1  -3  -2  -1  -2  -3  -1  -3    0  10   0   0   0  65   0   0  16   0   9   0   0   0   0   0   0   0   0   0  0.69 0.13
  143 V    -1  -3  -3  -4  -2  -2  -3  -4  -3   2   3  -3   2   2  -3  -2  -1  -2   0   2    0   0   0   0   0   0   0   0   0  12  33   0   9  16   0   0   0   0   0  30  0.36 0.06
  144 N     0  -1   1   0  -2   0   1  -2   2  -1   0  -1   1  -2   1   1   0  -2  -1   0    7   0  10   0   0   0  17   1  10   0  10   0   9   0   7  17   0   0   0   9  0.11 0.03
  145 D    -1   2   0   2  -2   1   3  -1  -1  -2  -2   2  -2  -3  -1   1  -1  -2  -2  -2    1  13   1  18   0   1  28   1   0   1   2  19   0   1   1  10   1   0   1   1  0.33 0.04
  146 M    -1  -2  -3  -3  -1  -2  -2  -3  -2   1   3  -2   3   0  -3  -2  -1  -1   1   2    1   0   0   0   0   0   1   1   0   0  48   0  17   0   0   1   0   0   9  20  0.32 0.06
  147 M     1  -1  -1  -2  -1   2  -1  -1  -1   0   1  -1   3  -1  -1   0  -1  -2  -1   1   21   1   1   1   0  18   1   2   0   1  12   1  19   1   1   1   1   0   1  16  0.12 0.04
  148 S     0   1   0  -1  -1   2   0   1  -1  -2  -2   0  -1  -2  -1   2   1  -2  -1  -1    2  11   1   2   1  19   2  12   1   1   3   2   1   1   2  29   8   0   1   2  0.19 0.03
  149 A     1   2   0  -1  -1   3   0  -1   0  -2  -1   1  -1  -2  -1   0   0  -1  -1  -1   19  20   2   2   1  30   2   3   1   2   3   2   1   1   2   3   2   0   1   2  0.22 0.03
  150 A     1   0   0   1  -1   2   0  -1  -1  -1  -1   1  -1  -2  -1   1   1  -2  -1   0   12   1   1  11   1  20   2   2   1   1   3  11   1   1   1   9  11   0   1  10  0.12 0.02
  151 A     2   0  -1  -1  -1   3   0  -1  -1  -2  -1   0  -1  -2  -1   1   0  -2  -1  -1   37   1   1   2   1  29   2   2   1   1   3   2   1   1   1  11   2   0   1   2  0.24 0.05
  152 A     1  -1   1  -1  -1   1   1   1  -1   0  -1   0  -1  -2   2   0   0  -2  -1   1   12   1   8   2   1  10  11  12   1   1   3   2   1   1  11   2   2   0   1  20  0.11 0.02
  153 A     1   0   1   0  -1   2   2  -1  -1  -1  -1   1   1  -2  -1   0   0  -2  -1  -1   22   1   8   2   1  10  20   2   1   1   3  11   9   1   1   2   2   0   1   2  0.14 0.03
  154 A     1   1   0  -1  -1   0  -1   2  -1  -1  -1   0  -1  -2  -1   1   1  -2  -1   0   12  10   1   2   1   1   2  18   1   1   3   2   1   1   1  21  11   0   1  10  0.13 0.02
  155 V     0  -1   1  -1  -1   1  -1   0  -1   1   0  -1   0  -1  -1   0   0  -2  -1   1    2   1  11   2   1  10   2   9   1  10  12   2   1   1   1  12   2   0   1  21  0.04 0.02
  156 N    -1   0   2   0  -2   1   1   0   2  -1  -1   0   1  -2  -1   0   1  -2  -1  -1    2   1  20   2   1  10  10   9  10   1   3   2  11   1   1   2  11   0   1   2  0.14 0.03
  157 A     1  -1   0   1  -2   0   2   0   2  -2  -1   0  -1   1  -1   0  -1  -1   0  -1   21   1   1  11   1   1  20   9  10   1   3   2   1  10   1   2   2   0   1   2  0.12 0.02
  158 G     0   0  -1   1  -1   1   0   2  -1  -1   0   1   0  -1  -1   0  -1  -2  -1   0   11   1   1  10   1  10   2  19   1   1  13  11   1   1   1   2   2   0   1  11  0.07 0.01
  159 N    -1   0   3   2  -2   1   1   1   2  -3  -3   1  -2  -2  -1   0  -1  -2  -1  -2    1   1  26  11   0  10  10  13   9   1   1  10   0   1   1   1   1   0   1   1  0.28 0.04
  160 H    -2   1   2  -1  -3   0  -1  -2   6  -2   0   2  -1  -2  -2  -1  -2  -3   0  -3    0   8  15   0   0   0   0   0  47   0  12  18   0   0   0   0   0   0   0   0  0.56 0.10
  161 Q    -1   0   0   3  -3   4   2  -2   2   0  -2   1  -1  -3   1  -1  -1  -3  -2  -2    0   0   0  21   0  33  10   0   8  10   0   8   0   0   9   0   0   0   0   0  0.38 0.07
  162 S     0  -1   0   3  -2   0   2   1  -1  -2  -1  -1  -1  -2  -1   2   0  -3  -2  -2    1   0   0  20   0   0  19  13   0   0   9   1   0   0   0  33   1   0   0   1  0.27 0.05
  163 S     1   1   1  -1  -2   0   1  -1  -1  -1  -2   0  -1  -2   1   3   0  -3  -2   0    9  11   9   0   0   0   9   1   0   0   1   1   0   0   8  39   1   0   0  10  0.22 0.05
  164 T     1  -1  -1  -1  -1   1   1  -2  -2   0   0  -1   0  -2   2   0   3  -2  -2   0   13   0   0   0   0  11   8   1   0   9  10   1   0   0  10   1  34   0   0   1  0.19 0.05
  165 S     1  -1   0   1  -1   1   0  -1  -1   0  -2  -1  -1  -2  -1   3   2  -3  -2  -1    9   0   0  11   0  10   1   1   0   8   1   1   0   0   0  39  17   0   0   1  0.24 0.05
  166 E     0  -1  -1   0  -3   1   4  -2  -1  -2  -1   0  -1  -3   2  -1  -1  -3  -2  -2   10   0   0   0   0   0  60   1   0   0  10   1   0   0  12   1   1   0   0   1  0.49 0.08
  167 G    -1   1   2   1  -3   1  -1   3  -1  -3  -3   0  -2  -3   2   0  -1  -3  -2  -3    1   9  19   9   0   8   1  36   0   0   1   1   0   0  12   1   1   0   0   1  0.42 0.05
  168 G    -1   2   2   1  -2   0  -1   2  -1  -2  -2   0  -2  -2  -2   1   1  -3  -2  -1    1  22  19   9   0   0   1  17   0   0   1   1   0   0   0  10   8   0   0   9  0.21 0.04
  169 S     0  -1   0   3  -2   1   0  -1  -1  -2  -3  -1  -2  -3   2   2   1  -3  -2  -2    1   0   0  27   0   9   1   1   0   0   1   1   0   0  12  35  10   0   0   1  0.40 0.06
  170 V    -1  -2   2  -2  -2   1  -1  -2  -1   2   1  -1   0  -1  -2   0   0  -2   2   2    0   0  17   0   0  10   0   0   0  16   9   0   0   0   0   9   0   0  10  29  0.13 0.05
  171 S     1  -1   0   1  -1  -1   0  -1  -1  -1  -2  -1  -1  -2  -1   3   1  -3  -2   0   10   0   0  11   0   0   0   1   0   0   1   0   0   0   0  56   9   0   0   9  0.33 0.07
  172 P    -1  -2  -1   1  -3  -1  -1   0  -2   0   0   0  -1  -3   5   0  -1  -3  -3  -1    0   0   0   9   0   0   0   9   0  10  10   8   0   0  45   9   0   0   0   0  0.67 0.07
  173 S     0  -1   1  -1  -2   0   1  -2  -1   0   0   1  -1  -2   1   2   1  -3  -2  -1    0   0   8   0   0   0  10   0   0   8  12   9   0   0   8  35   9   0   0   0  0.19 0.05
  174 R    -1   4   1  -1  -3   1   1  -2  -1  -3  -3   3  -2  -3  -2   1  -1  -3  -2  -3    0  34  10   0   0   0   9   0   0   0   0  36   0   0   0  12   0   0   0   0  0.50 0.08
  175 K    -1   2   0   1  -4   0   0   1   2  -3  -3   4  -2  -3  -2  -1  -1  -3  -2  -3    0  10   0   9   0   0   0  12   8   0   0  61   0   0   0   0   0   0   0   0  0.50 0.09
  176 R    -2   5  -1  -1  -4   2   3  -3  -1  -3  -3   2  -2  -3  -2  -1  -1  -3  -2  -3    0  51   0   0   0   9  28   0   0   0   0  12   0   0   0   0   0   0   0   0  0.68 0.10
  177 I    -1   0  -1  -1  -2   0   1  -2  -1   1   0   2   0  -1   2   0   1  -2  -1   0    2   1   1   1   0   1  12   2   1  11  12  21   1   1  11   2  10   0   1  10  0.11 0.02
  178 R    -1   3   2  -1  -2   2   0  -1   0  -2  -2   2  -1  -2  -1   1   0  -2  -1  -2    2  32  11   1   0  17   2   2   1   1   2  11   1   1   1  11   1   0   1   2  0.30 0.04
  179 S     0   0   0   2  -2   0   0  -1  -1  -2  -2   2  -1   1  -1   2   0  -2  -1  -2    1   1   1  18   0   1   1   1   0   1   2  27   0   9   1  32   1   0   1   1  0.22 0.05
  180 V    -1   1  -1  -2  -1  -1  -1   0  -2   1   1  -1   2  -1   1   0  -1  -2  -1   1    1  13   1   1   0   1   1  10   0   9  11   1  10   1   9   8   1   0   1  21  0.08 0.02
  181 D    -1  -1   2   4  -3   0   2   1  -1  -3  -3  -1  -2  -3  -1   0  -1  -3  -2  -2    1   1  10  47   0   1  20  10   0   1   2   1   0   1   1   1   1   0   1   1  0.51 0.06
  182 S     0   0   2   0  -2   0   2  -1   2  -3  -3   1  -2  -3  -1   3   0  -3  -1  -2    1   0  10   0   0   0  17   1  10   0   1  11   0   0   0  46   0   0   0   1  0.34 0.07
  183 L    -1  -1  -2  -2  -1  -1   0  -2  -2   1   2  -1   2   1  -2   0  -1  -1  -1   0    1   1   1   1   0   1  11   1   0  11  37   1  12   8   1  10   1   0   1   1  0.13 0.03
  184 D    -1  -1   0   3  -2   0   2  -1  -1  -2  -2   1  -2  -2  -1   1   2  -3  -2  -2    1   1   1  26   0   1  22   1   0   1   1   9   0   1   1  11  20   0   1   1  0.32 0.04
  185 D    -1  -1   0   2  -2   0   3  -2  -1  -2  -1   0  -1  -2   2   1   1  -2  -2  -1    1   1   1  17   0   1  29   1   0   1  11   1   0   1  10  10  13   0   1   1  0.26 0.04
  186 A     3   1  -1  -1  -1   0   1  -1  -1  -2  -2   0  -1  -2   2   1   0  -2  -2  -1   42   9   1   1   0   1  11   1   0   1   2   1   0   1   9  16   1   0   1   1  0.26 0.05
  187 A     2  -1   1  -1  -1  -1  -1  -1  -1  -1   0  -1  -1  -2   1   1   2  -2  -2  -1   28   1  13   1   0   1   1   1   0   1  11   1   0   1   8  11  19   0   1   1  0.17 0.03
  188 H     0   1   0   1  -2   0   0  -1   5  -2  -2   1  -2  -2   1   1   1  -2   0  -2    8   7   1   8   0   1   1   1  29   1   1  10   0   1   6  10  15   0   0   1  0.28 0.05
  189 H    -1  -1   0   1   2   0   1  -2   5  -1   0  -1  -1  -2   1  -1  -1  -2   0   0    2   1   1  10   8   1  15   2  29   1   9   1   1   1   7   2   1   0   1   8  0.23 0.05
  190 R    -1   3   0   2  -2   2   0  -1  -1  -2  -2   2  -1  -2   1   0  -1  -2  -2  -2    2  22   1  18   0  11   1   2   0   1   2  25   1   1   7   2   1   0   1   1  0.32 0.04
  191 K     0   4  -1  -1  -2   0   0  -1  -1  -2  -2   2  -1  -2   1   0   1  -2  -2  -1    8  35   1   1   0   1   1   2   0   1   2  17   1   1   7   8  12   0   1   1  0.28 0.04
  192 P     0   0  -1  -1  -2  -1  -1   0  -2  -2  -1  -1  -1   0   5   2  -1  -2  -1  -2    1   8   1   1   0   1   1   8   0   1   8   1   0   7  35  24   1   0   1   1  0.49 0.06
  193 S     1  -1   1  -1  -1  -1  -1   1  -1  -2  -2  -1  -2  -2   1   4   0  -2  -2  -2   10   1   7   1   0   1   1   8   0   1   1   1   0   1   6  57   1   0   1   1  0.37 0.07
  194 P    -1   1  -1  -1   2  -1   1   0   1  -2   0  -1  -1   0   4  -1  -1  -2  -1  -2    1  11   1   1   7   1  11   8   6   1  10   1   0   7  30   1   1   0   1   1  0.35 0.05
  195 P     0  -1  -1   1  -2  -1  -1   1   2  -2  -2   0  -2  -3   5   0  -1  -3  -2  -2    8   1   1   8   0   1   1  10  11   1   1   8   0   1  38   8   1   0   1   1  0.58 0.06
  196 F    -1   0   1   2  -2  -1  -1  -2  -1   0  -1  -1  -1   4  -2   0  -1  -1   1   1    1   7   7  18   0   0   1   1   0   7   1   1   0  35   0   7   1   0   0  13  0.19 0.06
  197 V     0  -1  -2  -2  -1  -1  -2   1  -2   1   1   0   1  -1  -2  -1  -1  -2  -2   2   11   0   0   0   0   0   1  16   0   7  21  11   6   0   0   1   1   0   0  23  0.10 0.03
  198 A     0  -2  -1   0   3  -1  -1   1   2  -2   0  -1  -1   1   1   2  -1  -2  -1  -2    8   0   0   7   9   0   0  13  10   0  13   0   0   9   6  24   0   0   0   0  0.13 0.05
  199 A     0   0   2   1  -2   1   1   2  -1  -3  -3   0  -2  -3   1   2   0  -3  -2  -2    8   7  10   9   0   9   6  20   0   0   0   0   0   0   7  24   0   0   0   0  0.30 0.05
  200 A     1   1  -1  -1  -2   0   1  -2  -2   0  -1   0  -1  -2   1   1   2  -3  -2   0   23   7   0   0   0   0  14   0   0   9   0   6   0   0   7   7  21   0   0   7  0.17 0.04
  201 A     2  -1   2   1  -2   1   1   0  -1  -1  -2  -1  -1  -3  -2   1   1  -3  -2  -1   24   0  16   7   0   9   7   7   0   7   0   0   0   0   0  13  10   0   0   0  0.20 0.04
  202 A     1  -1  -1  -1  -2  -1   0   0  -2  -1  -2   0   1  -2  -2   3   0  -3  -2   0   14   0   0   0   0   0   7   7   0   0   0   7   7   0   0  48   0   0   0  10  0.26 0.08
  203 A     1  -2   1  -1  -2  -1  -1  -2   2  -1   1  -1   0  -1   1   2   1  -2   1  -1   14   0   9   0   0   0   0   0   7   0  24   0   0   0   7  23   7   0   9   0  0.14 0.05
  204 A     1   2  -1  -1  -3   0   2   3  -1  -3  -3   0  -2  -3  -2   2  -1  -3  -3  -3    8  16   0   0   0   0  22  29   0   0   0   0   0   0   0  24   0   0   0   0  0.39 0.07
  205 Y     0  -1   0  -1  -2  -1   0  -2   2  -1   0  -1  -1   2  -2   0   0   3   3   0   10   0   7   0   0   0   8   1   9   0   8   0   0  11   0   7   7   6  14  11  0.13 0.03
  206 A     1   0  -1  -1  -2   1   0   1  -1  -1  -2   0  -1  -3  -2   2   1  -3  -2   1   14   6   0   0   0   9   7  14   0   0   0   0   0   0   0  26   7   0   0  17  0.17 0.05
  207 S     0   0   1   1  -2   0   0   1  -1  -3  -3   2  -2  -3   1   3   0  -3  -2  -2    0   0   7   7   0   0   0   9   0   0   0  27   0   0   7  40   0   0   0   0  0.33 0.07
  208 P     0  -1   1   1  -2   0  -1   1  -1  -1  -1  -1  -1  -2   4   2   0  -3  -2  -1    0   0   7   7   0   7   0   9   0   7   9   0   0   0  22  28   0   0   0   0  0.30 0.05
  209 D    -2  -1   2   4  -3   0   1  -2  -1  -2  -1   1  -2  -3  -2   0   1  -4  -3  -2    0   0  13  45   0   0   7   0   0   0  10  14   0   0   0   0  10   0   0   0  0.46 0.08
  210 Q     0   0   1   1  -3   2   2  -2  -1  -1  -2   2  -1  -3  -2   0   0  -3  -2  -2    9   0   7   9   0  14  20   0   0   7   0  27   0   0   0   0   7   0   0   0  0.29 0.06
  211 M    -1   0  -1   1  -2   0  -1  -3  -1   1   1   0   3  -1   1  -1   0  -2   0   0    0   8   0  14   0   6   0   0   0   6  22   6  17   0   7   0   4   0   5   5  0.10 0.04
  212 E    -1   1  -1  -1  -3   0   1   0   3  -1  -1   3  -1  -2  -2  -1   0  -3  -1  -2    1   7   0   0   0   0  12   7  14   6   6  37   0   0   0   1   7   0   0   1  0.22 0.05
  213 C     0  -2   0  -2   8  -2  -2  -2   1   0  -1  -2  -1  -2  -2  -1   0  -2  -2   0    9   1   7   1  52   0   1   1   6   7   1   1   0   0   1   1   7   0   0   6  0.65 0.08
  214 T    -1   1   3   2  -2   0   1   2   1  -2  -3   0  -2  -2  -1   0   1  -3  -2  -2    1   8  20  18   0   1   8  19   6   1   1   1   0   1   1   1  12   0   0   1  0.27 0.04
  215 S     1  -1   0  -1  -2   2   0   0   1  -2  -2   0  -2  -3  -1   3   0  -2  -2  -2    6   1   1   1   0  18   1   5   5   1   1   6   0   0   1  52   1   0   0   1  0.35 0.08
  216 A     1   0   1  -1  -1   0   0   0   1  -1  -1   0  -1   0  -1   1   1  -2  -1   0   20   6  10   1   0   0   5   5   5   1   1   7   0   7   1   7  17   0   0   7  0.09 0.03
  217 A     1   0  -1  -1  -2   1   0   1  -1  -2  -2   2  -1  -2   1   1   1   3  -2  -2   18   1   0   1   0   5   4  12   0   1   1  19   0   0   5  17  10   5   0   1  0.20 0.04
  218 A     1   1  -1  -1  -2   1   0  -1  -1  -1  -1   1  -1   0   2   1   0  -2  -1   0   18   7   0   0   0   5   5   0   0   0   7  17   0   5  13  10   0   0   0  11  0.15 0.03
  219 A     1  -1  -1   0   5  -1   0   1   1  -2  -2   1   0  -3   2   0   1  -3  -2  -2   13   0   0   7  22   0   4  10   5   0   0  11   4   0   9   5  10   0   0   0  0.25 0.05
  220 A     1  -1   2   1  -2   1   0  -1   3  -2  -1   0  -1  -2  -2   0   1  -3  -1  -2   22   0  17   7   0   5   5   0  17   0   7   6   0   0   0   5   9   0   0   0  0.20 0.05
  221 A     2   0  -1  -2   3  -1  -1   1   1  -2  -2   1  -1  -1  -2   1   0  -2  -1  -1   31   5   0   0  12   0   0  11   6   0   0  12   0   5   0  12   6   0   0   0  0.19 0.05
  222 A     2  -1  -1   0   1   0   2   0  -1  -2  -2   0  -1  -2  -1   2   1  -3  -2  -1   24   0   0   5   4   0  17   5   0   0   1   6   0   0   0  18  13   0   0   5  0.18 0.03
  223 K    -1   1   1  -1   2   1   1  -2   1  -2  -1   3  -1  -3  -1   1   0  -3  -2  -2    1   6   9   0   6   4   9   1   4   0   5  40   0   0   0  10   4   0   0   0  0.26 0.05
  224 R    -1   5  -1  -2  -3   1   0  -2  -1  -3  -2   2  -2  -3  -2   0   1  -3  -2  -2    0  57   0   0   0   5   0   0   0   0   0  17   0   0   0   6  13   0   0   0  0.61 0.09
  225 V     0   1  -1  -2   2   0   0  -2  -2   0  -1   1  -1  -2   0   0   1   2  -2   1    7   9   0   0   6   5   5   0   0   0   0  14   0   0   4   6  12   4   0  27  0.11 0.04
  226 V    -1   0   0  -2  -2  -1  -1  -1  -2   3   0   0   0  -1  -2  -2  -1  -3  -2   3    0   6   5   0   0   0   4   6   0  25   0   8   0   0   0   0   0   0   0  44  0.19 0.06
  227 R     0   5  -1  -1  -3   0   0  -2  -1  -3  -2   2  -2  -3   1   0   0  -3  -2  -2    5  54   0   1   0   0   4   1   0   0   1   9   0   0   6   9   8   0   0   1  0.48 0.07
  228 E    -1   0   1   1   1   1   3  -2   1  -2  -2   1  -2  -3  -1   1   0  -2  -2  -2    1   1   5   4   6   4  40   1   5   1   1  11   0   1   1  11   5   0   0   1  0.32 0.05
  229 D     0   0   0   2  -2   1   1  -1   1   0  -1   1   0  -1  -1   0   0  -2  -1  -1    6   2   2  18   1   6  13   2   6  12   3  10   5   1   2   6   2   0   1   2  0.10 0.02
  230 C     0   2   1  -1   4   1   0  -1  -1  -1  -1   1  -1   0  -1   0   0  -1  -1   0    6  16  13   2  14   6   2   2   1   2   3  10   1   5   2   2   2   0   1   8  0.11 0.02
  231 K    -1   1   0  -1  -2   0   1  -1  -1  -1  -1   3  -1  -2  -1   0   1  -2  -1   0    2   5   1   2   1   1   9   2   1   2   7  38   1   1   2   2  10   0   1  11  0.15 0.03
  232 P     1   0  -1  -1  -2   0   1  -1  -1  -2  -2   0  -2  -2   5   0  -1  -2  -2  -2   15   6   1   1   0   1  10   2   1   1   2   1   1   1  45   7   1   0   1   2  0.71 0.05
  233 K     0   3   0  -1  -2   0   0   0  -1  -2  -2   3  -1  -2  -1   0  -1  -2   0  -2   11  20   4   1   0   1   1   8   0   1   1  42   0   1   1   1   1   0   4   1  0.29 0.05
  234 V    -1   0  -2  -2  -1  -1  -2  -3  -2   2   0   1   0  -1  -2  -1  -1  -2  -1   3    1   7   1   1   0   1   1   1   0  16   1  11   0   1   1   1   1   0   0  54  0.24 0.06
  235 S     1   0   0   0  -1   0   0  -1  -1  -2  -2   1  -1  -2  -1   3   1  -2  -1  -1   11   2   1   2   1   1   5   2   1   2   3  15   1   1   2  42   6   0   1   2  0.22 0.04
  236 K     0   2   2   0  -2   1   1  -1  -1  -1  -2   2  -1  -2   2   0   0  -2  -2   0    5  14  15   1   0   5  10   1   0   1   2  15   0   1  12   1   4   0   1  10  0.20 0.03
  237 R    -1   4  -1  -2  -2   0  -1   0  -1  -1  -1   2  -1  -2  -2  -1  -1  -2  -2   1    1  44   1   1   0   1   1   9   0   1   4  13   0   1   1   1   1   0   0  20  0.32 0.07
  238 F    -1  -1  -3  -3   3  -2  -2  -3  -1   1   1  -2   0   4  -3  -2  -1   0   3   1    5   4   0   0   8   0   1   1   0   9   8   1   0  32   0   1   1   0  10  18  0.28 0.06
  239 V     1   1  -2  -3   2  -2  -2  -3  -2   2   0  -1   1   0  -3   0  -1  -3   0   3   12  12   0   0   6   0   0   0   0   7   0   0   3   3   0   6   0   0   3  49  0.23 0.08
  240 H     0   0   1   0   0  -1  -1  -2   1   0  -1   0  -1   2   1   0   0  -2   0   1    9   4   8   7   3   0   0   0   6   4   0   7   0  14   6   5   3   0   0  26  0.05 0.04
  241 A     1   1  -1  -1  -2   2   0  -2   1   0  -1   1   0  -1  -2   0   1  -2   1  -1   16   9   0   3   0  21   5   0   5  12   2   6   3   0   0   0  11   0   8   0  0.13 0.05
  242 D     1  -2   1   1  -2  -1   1  -2  -2  -2  -2  -1  -2  -3   1   1   3  -3  -2   0   12   0   8  11   0   0  14   0   0   0   0   0   0   0   7   7  35   0   0   7  0.29 0.07
  243 P     0   0  -1  -2   1   0   0  -2   2  -1  -2   1  -1  -3   5   0   1  -3  -2  -1    7   2   0   0   3   6   3   0   7   3   3  12   2   0  34   3  13   0   0   2  0.49 0.06
  244 S     0  -1   0   2  -2  -1   1   0  -1  -2  -1  -1  -1  -2  -1   3   1  -3  -2  -1    4   0   0  11   0   0   9   5   0   0   9   0   0   0   0  53   3   0   0   3  0.29 0.07
  245 D    -2  -1   2   5  -3   0   2  -2  -1  -3  -3   0  -3  -3  -2   0  -1  -4  -3  -3    1   0  14  58   0   0   8   1   0   0   1   6   0   0   0   7   1   0   0   1  0.70 0.09
  246 L     0   0  -1  -2  -1  -1   0  -1   0   1   0  -1   1  -1   0  -1   1  -2  -1   2    6   7   1   1   0   1   7   6   2  12   6   1   8   0   4   1  10   0   0  26  0.07 0.03
  247 S     0  -1   0   4  -2  -1   0   0  -1  -2  -3   0  -2  -3  -1   2   1  -3  -2  -2    6   1   1  33   0   1   1   4   0   1   1   6   0   1   1  32  10   0   0   1  0.37 0.07
  248 L     0  -1  -1   0  -1   0   0  -1  -1   0   1   0   1  -1  -1   0   0  -1  -1   1    8   2   2   7   1   2   5   3   1   4  22  10   6   2   2   3   7   1   1  13  0.02 0.01
  249 V     0  -2  -1  -2   1   0  -2  -2  -1   3   1  -2   1  -1  -2  -1   1  -2  -1   2    4   1   3   1   3   7   1   1   2  26   8   1   5   0   1   1  16   0   0  20  0.16 0.06
  250 V    -1  -3  -3  -3   1  -2  -3  -3  -3   2   3  -3   3   0   1  -2  -1  -2   1   2    0   0   0   0   4   0   0   0   0   8  41   0  10   0   7   0   0   0   5  20  0.35 0.09
  251 K    -2  -1   3   4  -3   0   2  -1   0  -3  -3   1  -3  -3  -1   1  -1  -3  -1  -3    0   0  20  35   0   0  12   2   2   0   0  10   0   0   2  11   0   0   3   0  0.51 0.11
  252 D    -3  -3   0   7  -5  -2   0  -3  -3  -5  -5  -2  -5  -5  -3  -2  -3  -6  -5  -5    0   0   0  98   0   0   0   0   0   0   0   0   0   0   0   0   0   0   0   0  1.94 0.31
  253 G     0  -2  -1  -1  -3  -2  -1   6  -3  -3  -2  -2  -3  -4  -3  -1  -2  -4  -4  -2    3   2   2   2   0   0   4  75   0   1   6   0   0   0   0   3   0   0   0   2  1.00 0.19
  254 Y    -3  -4  -4  -5   4  -3  -4  -4   2  -3  -2  -4  -2   4  -5  -3  -3   5   7  -3    0   0   0   0  11   0   0   0   4   0   0   0   0  21   0   0   0  11  53   0  1.40 0.25
  255 Q     1   3   1  -2   0   3   0  -2  -1  -2  -2   1  -1  -3  -2   1   1  -3  -2  -2   11  22   7   0   2  20   0   0   0   2   4   9   0   0   0  13   9   0   0   1  0.30 0.10
  256 W    -5  -5  -6  -7  -5  -4  -5  -5  -5  -5  -4  -5  -4  -1  -6  -5  -5  12   0  -5    0   0   0   0   0   0   0   0   0   0   0   0   0   0   0   0   0 100   0   0  4.16 0.49
  257 R    -3   7  -2  -3  -5   1  -2  -4  -2  -5  -4   0  -3  -5  -4  -2  -3  -4  -3  -4    0  95   0   0   0   5   0   0   0   0   0   0   0   0   0   0   0   0   0   0  1.77 0.31
  258 K    -2   0  -2  -2  -5   0  -1  -3  -2  -4  -4   7  -3  -5  -3  -2  -2  -5  -4  -4    0   0   0   0   0   0   0   0   0   0   0 100   0   0   0   0   0   0   0   0  1.62 0.32
  259 Y    -4  -4  -4  -5  -4  -3  -4  -5   0  -3  -3  -4  -3   1  -5  -4  -4   0   9  -3    0   0   0   0   0   0   0   0   0   0   0   0   0   0   0   0   0   0 100   0  2.43 0.39
  260 G    -1  -4  -2  -3  -4  -3  -4   7  -4  -5  -5  -3  -4  -5  -4  -2  -3  -4  -5  -5    0   0   0   0   0   0   0 100   0   0   0   0   0   0   0   0   0   0   0   0  1.91 0.29
  261 Q    -3  -1  -2  -2  -5   8   0  -4  -1  -5  -4   1  -2  -5  -3  -2  -3  -4  -3  -4    0   0   0   0   0  94   0   0   0   0   0   6   0   0   0   0   0   0   0   0  1.81 0.35
  262 K    -2   0  -2  -2  -5   0  -1  -3  -2  -4  -4   7  -3  -5  -3  -2  -2  -5  -4  -4    0   0   0   0   0   0   0   0   0   0   0 100   0   0   0   0   0   0   0   0  1.62 0.32
  263 V     0  -2  -1   0  -2   0   0  -2  -2   0  -1   0   1  -3   3   0   1  -3  -2   1    7   0   2   6   0   3   7   0   0   5   0   7   6   0  19   8   9   0   0  20  0.25 0.08
  264 T     0  -4  -4  -4  -2  -3  -3  -4  -4   5   0  -3   0  -2  -3  -2   1  -4  -2   4    9   0   0   0   0   0   0   0   0  46   0   0   0   0   0   0   9   0   0  37  0.66 0.17
  265 K    -2   2  -2  -2  -4   0  -1  -3   0  -3   0   6  -2  -4  -3  -2  -1  -4  -3  -3    0   7   0   0   0   0   0   0   2   0  13  74   0   0   0   0   3   0   0   0  0.90 0.23
  266 D    -1  -3   3   1  -4  -2  -1   5  -2  -4  -4  -1  -3  -4  -3  -1   0  -4  -4  -4    2   0  21  10   0   0   2  56   0   0   0   2   0   0   0   1   6   0   0   0  0.85 0.17
  267 N     0  -2   5  -1  -3  -1  -2  -2  -2  -4  -4  -2  -3  -4  -3   5   0  -4  -3  -3    6   0  34   0   0   0   0   0   0   0   0   0   0   0   0  57   3   0   0   0  0.89 0.23
  268 P    -1   0  -1  -2  -4  -1  -1  -3  -3  -2  -1   2  -3  -4   6  -2  -1  -4  -4  -3    3   4   2   0   0   1   3   0   0   2   6  16   0   0  60   0   3   0   0   0  1.24 0.21
  269 C    -3  -3   2  -3   4  -2  -3  -3   5  -3  -2  -3  -2   4  -4  -1  -2  -1   5  -3    0   0  13   0  12   0   0   0  19   0   1   0   0  26   0   5   0   0  24   0  0.75 0.18
  270 P    -3  -3  -3  -3  -5   1  -2  -4  -4  -5  -5  -1  -4  -5   8  -2  -3  -5  -5  -4    0   0   0   0   0   9   0   0   0   0   0   3   0   0  88   0   0   0   0   0  2.33 0.32
  271 R    -3   7  -2  -3  -5  -1  -2  -4  -2  -4  -1   0  -3  -4  -4  -3  -3  -4  -3  -4    0  95   0   0   0   0   0   0   0   0   5   0   0   0   0   0   0   0   0   0  1.70 0.31
  272 A     2  -2   1  -2   2  -2  -2   2   1  -3  -3  -2  -3  -3  -2   4  -1   1  -2  -2   22   0   7   0   7   0   0  15   5   0   0   0   0   0   0  43   0   2   0   0  0.49 0.15
  273 Y    -4  -4  -4  -5  -4  -3  -4  -5   0  -3  -3  -4  -3   1  -5  -4  -4   0   9  -3    0   0   0   0   0   0   0   0   0   0   0   0   0   0   0   0   0   0 100   0  2.43 0.39
  274 F    -4  -4  -4  -5  -4  -3  -4  -5   2  -3  -3  -4  -3   4  -5  -4  -3   0   8  -3    0   0   0   0   0   0   0   0   3   0   0   0   0  14   0   0   0   0  84   0  1.97 0.33
  275 R    -3   6  -2  -3  -5   0  -1  -3  -2  -4  -4   4  -3  -4  -3  -2  -2  -4  -3  -4    0  62   0   0   0   0   0   0   0   0   0  38   0   0   0   0   0   0   0   0  1.30 0.25
  276 C    -3  -6  -5  -6  11  -5  -6  -5  -5  -3  -3  -5  -4  -5  -5  -3  -3  -4  -5  -3    0   0   0   0 100   0   0   0   0   0   0   0   0   0   0   0   0   0   0   0  3.15 0.42
  277 S     1  -2  -1  -2  -2  -2  -2  -2  -3  -3  -3  -2  -2  -4  -2   3   5  -4  -3  -2   13   0   0   0   0   0   0   0   0   0   0   0   0   0   0  29  58   0   0   0  0.85 0.22
  278 F    -1  -2   0  -2  -1  -1  -1  -2   2  -1  -1  -1   1   3  -2   1   0   0   4  -1    2   1   3   1   2   1   1   2   7   2   2   1   5  18   1  16   7   0  23   4  0.27 0.08
  279 A     2  -1   0  -1  -2   1  -1  -1   0  -1  -1  -1   0  -2  -2   2   2  -3  -2   0   27   0   3   2   0   7   1   1   2   2   6   2   2   1   0  18  18   0   0   5  0.20 0.09
  280 P    -1   1   0   0  -3   2   0  -1   1  -2  -2   2  -2  -3   4  -1   0  -3  -2  -2    3   8   3   3   0  13   4   2   4   2   2  21   0   1  24   3   3   0   1   3  0.41 0.08
  281 A    -1  -2   2   1  -3  -2  -1   4  -2  -3  -3   0  -2  -3  -3   1  -1  -1  -2  -3    3   1  16   6   0   0   3  50   0   1   2   5   1   0   0   8   1   1   1   0  0.59 0.13
  282 C    -3  -6  -5  -6  11  -5  -6  -5  -5  -3  -3  -5  -4  -5  -5  -3  -3  -4  -5  -3    0   0   0   0 100   0   0   0   0   0   0   0   0   0   0   0   0   0   0   0  3.15 0.42
  283 P    -2   0   2   0  -3  -1   0  -1  -2  -3  -1   0  -2  -1   5   0  -1   1  -1  -3    0   7  15   3   0   0   5   3   0   0   7   6   0   2  40   4   3   3   2   0  0.66 0.13
  284 V     4  -3  -3  -4  -2  -3  -3  -2  -3   0  -1  -3  -1  -3  -3   0  -1  -4  -3   4   43   0   0   0   0   0   0   0   0   0   0   0   0   0   0   5   0   0   0  52  0.67 0.20
  285 K    -2   5  -2  -2  -4   0  -1  -3  -2  -3  -3   4  -2  -4  -3  -1   2  -4  -3  -2    0  38   0   0   0   0   0   0   0   0   0  42   0   0   0   0  18   0   0   2  0.83 0.20
  286 K    -2   2  -2  -2  -5   0  -1  -3  -2  -4  -4   7  -3  -5  -3  -2  -2  -5  -4  -4    0   5   0   0   0   0   0   0   0   0   0  95   0   0   0   0   0   0   0   0  1.50 0.30
  287 K    -2   3  -1  -2  -4   5   0  -3   5  -4  -4   3  -2  -4  -3  -2  -2  -4  -2  -4    0  18   0   0   0  43   0   0  20   0   0  19   0   0   0   0   0   0   0   0  0.96 0.22
  288 V    -2  -4  -4  -4  -2  -4  -2  -5  -5   2   0  -4  -1  -2  -4  -3  -2  -4  -3   6    0   0   0   0   0   0   2   0   0   4   1   0   0   0   0   0   0   0   0  92  1.18 0.26
  289 Q    -2  -1  -2  -1  -5   6   5  -4  -1  -5  -4  -1  -3  -5  -3  -2  -2  -4  -3  -4    0   0   0   0   0  48  52   0   0   0   0   0   0   0   0   0   0   0   0   0  1.30 0.27
  290 R    -3   7  -2  -3  -5  -1  -2  -4  -2  -2  -3   2   0  -4  -3  -2  -2  -4  -3  -4    0  80   0   0   0   0   0   0   0   2   0  13   3   0   0   0   1   0   0   0  1.37 0.26
  291 S     1  -2   0   0   4   0  -2  -1  -2   1   0  -2  -1  -3  -2   3  -1  -3  -3  -1   11   0   3   7  14   3   0   1   0  14   7   0   0   0   0  38   0   0   0   2  0.31 0.13
  292 A     1   0   0   1  -2   1   0   0  -1  -1   0   0  -1   0   0   1   0   0  -1   0   19   7   3   8   0   8   4   5   0   3  10   4   0   4   2  11   4   1   1   5  0.06 0.03
  293 D    -2  -1   0   4  -4   1   3  -1   2  -3  -2   0  -2  -4  -2   0   1  -4  -3  -2    1   1   3  35   0   7  24   4   6   0   2   2   0   0   0   2  10   0   0   2  0.50 0.13
  294 D    -3  -3   3   6  -4  -1   1   0  -2  -4  -5  -2  -4  -5  -3  -1  -1  -5  -4  -4    0   0  19  64   0   0   6   7   0   0   0   0   0   0   0   2   2   0   0   0  1.11 0.21
  295 N     0   0   0  -2  -1   2   0  -3  -2  -2  -2  -1   1  -3   6   0   0  -4  -3  -3    5   4   5   0   1  11   4   0   0   1   2   0   5   1  49   9   5   0   0   0  0.90 0.17
  296 T     0   0   1   0  -2   0   0  -1  -2  -1  -2   1   0  -2   2   2   1  -3  -2   0    4   5   8   3   0   2   4   1   0   2   0  12   2   2  10  26  11   0   0   7  0.21 0.07
  297 V     1  -2  -1  -3  -2  -2  -2  -3  -2   2   1  -1   4   0  -3   0   0  -2   0   2   13   0   2   0   0   0   0   0   0  16  10   3  20   2   0   6   4   0   5  19  0.23 0.09
  298 L    -2  -3  -3  -3  -2  -2   0  -4  -2   1   2  -3   1   3  -3  -2  -2  -1   3   2    0   0   0   0   0   0   7   0   0   4  30   0   2  15   0   2   0   0  11  27  0.36 0.11
  299 V    -1   1  -3  -3  -2  -1   0  -4  -3   4   1  -2   1  -1  -3  -1  -1  -3  -1   2    2  10   0   0   0   2   8   0   0  41   6   0   4   0   0   5   2   0   2  18  0.29 0.11
  300 A     0  -2  -1  -2  -2  -2  -2  -3  -3   2  -1  -2  -1  -2  -2   0   4  -3  -2   2    9   0   2   0   0   0   0   0   0  16   0   0   0   0   0   2  49   0   0  18  0.50 0.15
  301 T    -2  -3  -2  -3  -2  -2  -2  -3  -3  -2  -3  -1  -2  -4  -3   0   6  -4  -3   0    0   0   0   0   0   0   0   0   0   0   0   2   0   0   0   2  87   0   0   7  1.21 0.28
  302 Y    -4  -4  -4  -5  -4  -3  -4  -5   0  -3  -3  -4  -3   1  -5  -4  -4   0   9  -3    0   0   0   0   0   0   0   0   0   0   0   0   0   0   0   0   0   0 100   0  2.43 0.39
  303 E    -1   1  -2   0  -4   1   4  -3  -2   0   0   1  -2   0  -2  -1   0  -3  -2  -1    1   6   0   1   0   3  51   0   0   6   9   9   0   6   0   0   5   0   0   2  0.45 0.14
  304 G     0  -3  -1   0  -1  -3  -3   6  -3  -5  -5  -3  -4  -4  -3   0  -2  -4  -4  -4    3   0   1   5   1   0   0  82   0   0   0   0   0   0   0   7   0   0   0   0  1.33 0.23
  305 E    -1   2   2   0  -3   2   3  -2   0  -1  -2   1  -2  -2  -2   0   1  -3  -1  -1    0  11  11   4   0  10  25   0   2   4   0  12   0   1   0   3   9   0   2   7  0.27 0.09
  306 H    -4  -2  -2  -3  -5  -2  -2  -4  10  -5  -5  -3  -4  -3  -4  -3  -4  -4   0  -5    0   0   0   0   0   0   0   0 100   0   0   0   0   0   0   0   0   0   0   0  2.75 0.41
  307 N    -2  -1   6   1   1  -1  -2  -2  -1  -3  -3  -1  -3  -2  -3   0   2  -4  -3  -3    0   2  67   3   3   0   0   0   0   0   2   1   0   2   0   4  16   0   0   0  0.91 0.20
  308 H    -3  -2   0  -3   3  -1  -2  -4   9  -5  -4  -3  -3  -3  -4  -3  -3  -4   0  -5    0   0   3   0   9   0   0   0  88   0   0   0   0   0   0   0   0   0   0   0  2.13 0.32
  309 A     1  -2  -1   1  -3  -1   1  -1  -1  -2  -3   0  -2  -3   5   1   0  -4  -1  -2   13   0   0  10   0   1   8   4   1   1   1   4   0   0  35  17   2   0   2   1  0.60 0.11
  310 Q     0   0  -1  -2  -2   1   0  -2   0   0   1   0   1   1   1   0   0   1  -1   0    5   7   0   0   0  12   3   1   2   6  15   5   7   7   8   7   4   2   0   8  0.07 0.03
  311 P    -2  -3  -3  -3  -4  -3  -2  -2  -3  -3  -2  -2  -3   0   7   0  -1  -4  -1  -2    0   0   0   0   0   0   0   2   0   0   3   0   0   5  76   6   4   0   2   3  1.70 0.22
  312 P    -1  -2   1  -1  -2   1  -1   0  -2  -2  -2   0  -2  -3   5   1   2  -3  -3  -1    2   0  10   0   0   7   0   6   0   0   2   4   0   0  38   8  18   0   0   4  0.63 0.09
  313 H    -1   1   2   0  -3   2   0  -1   5  -1  -2   0   0  -2  -2   0  -1  -3  -1  -1    4   6  10   3   0  14   4   2  31   2   3   6   2   0   0   5   0   0   0   6  0.31 0.08
  314 H     0   3   0  -2  -2  -1  -1   1   4  -1  -1   0   0  -2  -2   1   1  -3  -1  -1    8  23   4   0   0   0   0  13  21   2   4   0   3   0   0  10   9   0   0   3  0.25 0.08
  315 D     0   0   2   3  -3   0   1   0   0  -3  -3   2  -1  -3   0   0   0  -4  -2  -2    5   4  13  29   0   0   4   5   2   0   0  16   2   0   3   6   6   0   0   2  0.30 0.06
  316 A     2   0  -1   1   1  -1   0   0  -2  -2  -2  -1  -2  -3   0   2   0  -3  -2  -1   33   7   0  11   3   0   3   6   0   3   0   0   0   0   4  27   2   0   0   0  0.26 0.07
  317 G     0  -2   1   0  -2  -1  -2   4  -2   0  -1  -1   0  -2  -2   1   0  -3  -2  -1    1   0   6   5   0   0   1  46   0   6   8   0   5   0   0  13   3   0   0   3  0.34 0.06
  318 S     1  -1   1   0   1  -1   0   0  -1  -2  -2  -1   0  -2  -1   3   1  -2  -1  -1   16   0   5   4   3   0   6   5   0   0   1   0   4   0   0  40   9   0   3   1  0.24 0.06
  319 K     0   0   0   1  -2   0   0   0  -1  -1   0   1   0  -2  -1   1   2  -2  -2  -1    7   4   1   8   0   0   1   6   0   1  10  18   5   0   1  17  21   0   0   1  0.13 0.04
  320 T     0  -2   0   0  -1  -1  -1   0  -2  -1   0  -1  -1  -2  -2   2   4  -3  -2  -1    5   0   3   3   0   0   0   7   0   0  10   0   0   0   0  19  48   0   0   0  0.32 0.08
  321 A     2  -2   1  -1  -1  -1  -1   0  -2  -1  -1  -1  -1  -2  -1   3   2  -3  -2   0   25   0   6   0   0   0   0   3   0   0   4   0   0   0   0  31  20   0   0   8  0.27 0.07
  322 A     2   1  -1  -2  -2   1  -1   2  -2  -1  -1   0  -1  -3   0   1   0  -3  -2  -1   30  11   0   0   0   7   0  22   0   3   6   3   0   0   4  11   3   0   0   0  0.22 0.05
  323 A     3  -1  -1  -2  -1   0  -1   1   0  -1  -1   0  -1  -2   0   2   0  -3  -2  -1   36   0   0   0   0   4   0   8   4   5   7   3   0   0   3  27   3   0   0   0  0.22 0.06
  324 A     2  -2   0   0   1  -1  -1   1  -2  -2  -1  -1  -1  -2   1   2   2  -3  -2  -1   26   0   4   4   3   0   0   9   0   0   5   0   0   0   7  25  14   0   0   3  0.23 0.05
  325 K     0   1   1   1  -2   1   0   0  -1  -2  -1   1  -1  -3   0   2   2  -3  -2  -2    0  11   6   6   0  10   0   5   0   0   5   7   0   0   4  19  27   0   0   0  0.22 0.04
  326 H     0   0   0   1  -2   0   0   0   6  -1  -2  -1  -2  -2  -2   1  -1  -3   0   0    6   5   0  12   0   0   4   5  38   4   0   0   0   0   0  15   0   0   0  10  0.32 0.07
  327 S     1  -1   2   1  -2   1   0  -1  -1  -1  -2   0  -2  -3  -1   3   1  -3  -2  -2    9   0  12   7   0   5   0   0   0   5   0   7   0   0   0  49   5   0   0   0  0.32 0.06
  328 Q     0  -1  -1  -1  -2   3   0   0  -1   1  -1   0  -1  -2  -2   2   1  -3  -2   1    5   0   0   0   0  25   0   6   0  12   0   6   0   0   0  27   7   0   0  12  0.18 0.06
  329 H    -1  -1   1  -1   2   0   1   0   5  -2  -3  -1  -2  -2  -2   2   0  -3  -1  -1    0   0   5   0   8   0  10   6  34   0   0   0   0   0   0  24   5   0   0   8  0.36 0.08
  330 Q    -1  -1   1  -1  -2   2   0   0  -1  -1   1  -1   0  -1   0   1  -1  -2   1   0    0   0   8   0   0  20   5   5   0   0  27   0   0   0   5  18   0   0   7   6  0.11 0.05
  331 P     0  -2  -2   0  -3  -1   0   0  -2  -1  -2  -1  -2  -3   6   0   1  -4  -3  -2    8   0   0   5   0   0   6   5   0   8   0   0   0   0  53   5  10   0   0   0  0.92 0.09
  332 P     0  -1  -2  -2  -2  -1  -1  -1  -2   1   0   0   1  -2   5   0  -1  -3  -2   0   11   0   0   0   0   0   0   5   0  15  12   9   7   0  32   6   0   0   0   0  0.41 0.05
  333 P     0   0  -1  -1  -2  -1  -1  -2  -2  -2  -2  -1  -2  -3   5   1   2  -3  -2  -1    6   7   0   1   0   0   1   1   0   1   1   1   0   0  45  12  17   0   0   7  0.74 0.07
  334 S     0  -1   1  -1  -2   1   0  -1  -1  -2  -2   0  -1  -2   2   2   2  -2   1  -1    7   1   7   1   0  12   1   1   0   1   1   1   0   0  13  23  24   0   7   1  0.27 0.04
  335 A     2  -2  -1   0  -1  -1  -1   1  -1  -1  -1  -1  -1   1  -1   2   1  -2  -1  -1   26   1   1   6   0   1   1  14   0   6   1   1   0  12   1  20   7   0   0   1  0.14 0.03
  336 A     2  -1  -1  -1   2   1  -1  -1  -1  -1  -1  -1  -1  -2   1   2   1  -2  -2  -1   36   1   1   1   7  10   1   1   0   1   7   1   0   0   7  19   7   0   0   1  0.22 0.04
  337 A     1  -1  -1  -1   3  -1  -1   0   1   0   0   0   1  -1  -1   1   0  -2  -1   0    9   1   1   1  10   1   1   7   7   9   7   6   9   0   1  23   1   0   0   7  0.07 0.02
  338 A     2   0   2   1  -1   0   0  -1  -1  -1  -2   0  -1  -2  -1   2   0  -3  -2   0   24   7  13   6   0   1   6   1   0   1   1   1   0   0   1  27   1   0   0   9  0.18 0.03
  339 V     0   1  -2  -2  -1  -1  -1  -2  -2   2   1   1   0  -1  -2  -1  -1  -3  -1   3    8  11   0   0   0   0   0   1   0   8  14  13   0   0   0   1   0   0   0  42  0.15 0.04
  340 V     1  -1   0  -2   2  -1  -2   1  -2   0  -1   0  -1  -2  -2   0   2  -3  -2   2   14   0   8   0   6   0   0  11   0   0   0   9   0   0   0   0  19   0   0  33  0.14 0.05
  341 R    -1   3  -1  -1  -3   0   2  -2  -1  -2  -1   2  -1   1  -2   0  -1  -2  -1  -1    0  34   0   0   0   0  16   0   0   0   7  19   0  11   0   7   0   0   0   6  0.27 0.05
  342 Q    -1   1   2   0   2   3   3  -2  -1   0  -2   0  -1  -3  -2  -1  -1  -3  -2  -1    0   8  12   0   7  20  41   0   0  13   0   0   0   0   0   0   0   0   0   0  0.37 0.07
  343 Q     0   0   2   1  -2   2   2   1  -1  -3  -3   1  -2  -3  -1   1   0  -3  -2  -2    1   0  11   9   0  16  13  14   0   0   1  15   0   0   0  19   0   0   0   0  0.29 0.04
  344 Q    -1   0   1   0  -2   3   2  -2  -1  -1  -1   2   1  -2  -2   0  -1  -3  -2   0    1   0   8   0   0  22  17   0   0   0   1  18   9   0   0   8   0   0   0  14  0.21 0.04
  345 E    -1   0   0   2  -3   3   4  -2  -1  -2  -2   1  -2  -3  -1  -1  -1  -3  -2  -1    1   0   0  11   0  19  47   0   0   0   1  11   0   0   0   0   0   0   0   7  0.49 0.07
  346 Q     0   2  -1   0  -3   4   3  -2   0  -3  -2   1  -1  -3  -1   0  -1  -3  -2  -2    8  15   0   0   0  35  30   0   0   0   1   0   0   0   0   8   0   0   0   0  0.47 0.07
  347 A     3  -1  -1  -1  -1   0   0   0  -1  -1  -1   1  -1  -2  -1   2   0  -2  -1  -1   53   1   1   1   0   1   2   2   1   1   2  10   1   1   1  17   1   0   1   2  0.24 0.03
  348 A     3   0  -1  -1  -1   0   0   0  -1  -1  -1   2  -1  -2  -1   0   0  -2  -1  -1   53   1   1   1   0   1   2   2   1   1   2  25   1   1   1   2   1   0   1   2  0.24 0.04
  349 A     1  -1  -1  -1  -1   0   1  -1   2   0  -1  -1  -1  -2  -1   1   0  -2  -1   1   19   1   1   1   0   1  16   1   8   1   2   1   0   1   1  18   1   0   1  27  0.11 0.02
  350 A     2  -1  -1  -1  -1  -1  -1  -1  -2  -1   1  -1   0  -1   2   1   1  -2  -1   0   42   1   1   1   0   1   1   1   0   1  18   1   0   1   9  10  10   0   1   1  0.18 0.03
  351 G     2  -1   0  -1  -1  -1  -1   3  -2  -2  -2  -1  -2  -2   2   2   0  -2  -2  -2   22   1   0   1   0   0   1  34   0   1   1   1   0   0   9  28   1   0   0   1  0.38 0.03
  352 P    -1  -1  -1  -1  -2   0   2  -2  -2  -2  -2  -1  -2  -3   5   0   2  -3  -2  -1    1   1   0   1   0   0  19   1   0   1   1   1   0   0  41   1  31   0   0   1  0.73 0.05
  353 S     0  -1  -1  -1   3  -1   0  -2  -2   1   0  -1   1  -1  -1   1   2  -2  -2   0    1   1   0   1   9   0   9   1   0  10  11   1   8   0   1  14  32   0   0   1  0.14 0.02
  354 T    -1   1  -1  -2  -1   1  -1  -2  -1   2   0  -1   0   1  -2   0   1  -2  -1   1    1   9   0   1   0  10   1   1   0  29   1   1   0   9   1  11  13   0   0  11  0.08 0.02
  355 E    -1   2   0   2  -3   1   4  -2  -1  -3  -2   1  -2  -3  -1   0   1  -3  -2  -2    1  19   0  11   0   0  53   1   0   0   1   0   0   0   0   1  11   0   0   1  0.46 0.04
  356 V    -1  -2   1  -2  -1  -2  -2  -2  -1   2   0  -2   0   0  -2  -1   1  -1   3   3    1   0  11   0   0   0   1   1   0  11   1   0   0   0   0   1   9   0  21  42  0.18 0.03
  357 A     2  -1  -1  -2  -1   1  -1  -1  -1   0   1  -1   3  -1  -1   0   1  -2  -1   0   31   1   1   1   0  11   1   1   0   1  12   1  21   1   1   1  11   0   1   1  0.12 0.03
  358 A     1  -1   0  -1  -1   0  -1  -1  -1   0  -1  -1   1  -1  -1   2   0  -2  -1   0   15   1   1   1   1   1   2   2   1   1   2   2  11   1   1  42   2   0   1  12  0.14 0.02
  359 R    -1   4   0   0  -3   3   2  -2   0  -2  -2   1  -1  -2  -1   0  -1  -2  -2  -2    1  41   1   1   0  22  22   1   0   1   2   1   0   1   1   1   1   0   1   1  0.43 0.04
  360 K     1   2  -1  -1  -2   1   1  -1  -1  -2  -2   2  -1  -2  -1   0   1  -2  -1  -1   22  20   1   1   0   1  12   1   0   1   2  24   0   1   1   1  10   0   1   1  0.21 0.02
  361 N     0  -1   2   0  -1   0  -1  -1   2  -1   0  -1  -1  -1  -1   1   0  -2  -1   0   10   1  22   1   0   1   1   1  11   1  12   1   0   1   1  22   1   0   1  12  0.11 0.02
  362 L    -2  -2  -2   2  -2  -2  -2  -3  -3   1   4  -2   1   0  -3  -2  -1  -2  -2   0    0   0   0  21   0   0   0   0   0   0  79   0   0   0   0   0   0   0   0   0  0.40 0.06
  363 A     1  -2   2  -2  -1  -2  -2  -2  -2   2   0  -2   0  -2  -2  -1   0  -3  -2   3   21   0  21   0   0   0   0   0   0  10   0   0   0   0   0   0   0   0   0  48  0.20 0.04
  364 E    -1   0  -1   1  -4   3   5  -2   0  -4  -3   1  -2  -4  -2  -1  -1  -3  -2  -3    0   0   0   0   0  20  80   0   0   0   0   0   0   0   0   0   0   0   0   0  0.84 0.08
  365 Q    -1   0   0   0  -4   5   3  -2   0  -3  -3   1  -1  -4  -2  -1  -1  -3  -2  -3    0   0   0   0   0  69  31   0   0   0   0   0   0   0   0   0   0   0   0   0  0.80 0.08
  366 M    -1  -2  -3  -3  -2  -1  -2  -3  -2   1   1  -2   7   0  -3  -2  -1  -2  -1   2    0   0   0   0   0   0   0   0   0   0   0   0  84   0   0   0   0   0   0  16  0.57 0.07
  367 A     4  -2  -2  -2  -1  -1  -1   0  -2  -1  -1  -1  -1  -2  -1   1   0  -3  -2   1   84   0   0   0   0   0   0   0   0   0   0   0   0   0   0   0   0   0   0  16  0.41 0.04
  368 A     2  -1   0  -1  -1   2   0  -1  -1  -2  -2   0   1  -2  -1   3   1  -3  -2  -1   17   0   0   0   0  16   0   0   0   0   0   0  10   0   0  57   0   0   0   0  0.32 0.04
  369 T     2  -1   0  -1  -1  -1  -1  -1  -2  -1  -1  -1  -1  -2  -1   3   3  -3  -2   1   21   0   0   0   0   0   0   0   0   0   0   0   0   0   0  36  27   0   0  16  0.27 0.03
  370 L    -2  -2  -4  -4  -2  -2  -3  -4  -3   1   4  -3   2   0  -3  -3  -1  -2  -1   1    0   0   0   0   0   0   0   0   0   0 100   0   0   0   0   0   0   0   0   0  0.59 0.05
  371 T     0  -1   0  -1  -1  -1  -1  -2  -2  -1  -2   1  -1  -3  -1   1   5  -3  -2  -1    0   0   0   0   0   0   0   0   0   0   0  16   0   0   0   0  84   0   0   0  0.52 0.05
  372 R    -1   3   2  -1  -3   1   0  -1  -1  -3  -3   3  -2  -3  -2   1   0  -3  -2  -2    0  27  16   0   0   0   0   0   0   0   0  36   0   0   0  21   0   0   0   0  0.40 0.03
  373 D    -2  -2   1   6  -4  -1   1  -2  -1  -3  -4  -1  -3  -4  -2  -1  -1  -5  -3  -4    0   0   0 100   0   0   0   0   0   0   0   0   0   0   0   0   0   0   0   0  1.14 0.06
  374 P     1  -2  -2  -2  -2  -1  -1  -2  -2  -3  -3  -1  -2  -3   7   1  -1  -4  -3  -2   16   0   0   0   0   0   0   0   0   0   0   0   0   0  72  12   0   0   0   0  1.41 0.05
  375 G    -1   1   2   0  -3   1   2   2  -1  -3  -3   3  -2  -3  -1   1  -1  -3  -2  -3    0   0  13   0   0   0  16  17   0   0   0  44   0   0   0  10   0   0   0   0  0.34 0.03
  376 F    -3  -3  -3  -4  -3  -4  -4  -3  -2  -1   0  -3   0   7  -4  -3  -2   1   3  -1    0   0   0   0   0   0   0   0   0   0   0   0   0 100   0   0   0   0   0   0  1.01 0.07
  377 K     0   0  -1  -1  -2   0  -1  -2  -2   0  -1   2  -1  -2  -1   0   4  -3  -2   1    0   0   0   0   0   0   0   0   0   0   0  27   0   0   0   0  57   0   0  16  0.31 0.04
  378 A     3  -2  -1  -1  -1  -1   1   2  -2  -2  -2  -1  -2  -3  -1   1  -1  -3  -2  -1   63   0   0   0   0   0  16  21   0   0   0   0   0   0   0   0   0   0   0   0  0.38 0.03
  379 A     5  -2  -2  -2  -1  -1  -1   0  -2  -2  -2  -1  -1  -3  -1   1   0  -3  -2   0  100   0   0   0   0   0   0   0   0   0   0   0   0   0   0   0   0   0   0   0  0.55 0.05
  380 L    -1  -2  -4  -4  -1  -2  -3  -4  -3   2   4  -3   2   0  -3  -3  -1  -2  -1   2    0   0   0   0   0   0   0   0   0   0  84   0   0   0   0   0   0   0   0  16  0.49 0.04
  381 V     3  -2  -2  -2  -1  -1  -1  -1  -2   0  -1  -1  -1  -2  -1   0   1  -3  -2   2   57   0   0   0   0   0   0   0   0   0   0   0   0   0   0   0  16   0   0  27  0.27 0.03
  382 T     3  -1   2  -1  -1  -1  -1  -1  -1  -1  -2  -1  -1  -2  -1   1   3  -3  -2  -1   46   0  16   0   0   0   0   0   0   0   0   0   0   0   0   0  39   0   0   0  0.32 0.03
  383 A     5  -2  -2  -2  -1  -1  -1   0  -2  -2  -2  -1  -1  -3  -1   1   0  -3  -2   0  100   0   0   0   0   0   0   0   0   0   0   0   0   0   0   0   0   0   0   0  0.55 0.05
  384 L    -1  -3  -3  -3  -1  -3  -3  -4  -3   3   2  -3   1   0  -3  -2  -1  -3  -1   3    0   0   0   0   0   0   0   0   0  44  27   0   0   0   0   0   0   0   0  28  0.39 0.03
  385 S     1  -1   0  -1  -1  -1  -1  -1  -2  -1   1  -1   0  -2  -1   3   2  -3  -2  -1   16   0   0   0   0   0   0   0   0   0  21   0   0   0   0  51  13   0   0   0  0.24 0.03
  386 G     1  -1  -1  -1  -2   2  -1   5  -1  -3  -3  -1  -2  -3  -2   0  -1  -3  -3  -2   16   0   0   0   0  21   0  63   0   0   0   0   0   0   0   0   0   0   0   0  0.64 0.04
  387 R    -1   5  -1  -2  -4   1   0  -2  -1  -3  -3   3  -2  -3  -2  -1  -1  -3  -2  -3    0  66   0   0   0   0   0   0   0   0   0  34   0   0   0   0   0   0   0   0  0.72 0.05
  388 I    -1  -3  -3  -4  -1  -2  -3  -4  -3   3   3  -3   1   0  -3  -2  -1  -2  -1   2    0   0   0   0   0   0   0   0   0  27  57   0   0   0   0   0   0   0   0  16  0.41 0.03
  389 L    -1  -2  -3  -3  -2  -2  -2  -3  -2   1   2  -2   2   0   3  -2  -1  -1   2   1    0   0   0   0   0   0   0   0   0  12  27   0  12   0  21   0   0   0  13  16  0.33 0.02
  390 E    -1   0   0   3  -4   3   5  -2   0  -3  -3   0  -2  -4  -1   0  -1  -3  -2  -3    0   0   0  16   0  13  72   0   0   0   0   0   0   0   0   0   0   0   0   0  0.72 0.04
  391 L    -2  -1  -1  -2  -2   3   0  -3   3  -1   1   0   0   3  -2  -1  -1  -1   0  -1    0   0   0   0   0  40   0   0  12   0  27   0   0  21   0   0   0   0   0   0  0.26 0.03
  392 S     0  -1   2   0  -1  -1  -1  -1  -1   1  -1  -1  -1  -2  -1   3   1  -3  -2   0    0   0  17   0   0   0   0   0   0  19   0   0   0   0   0  64   0   0   0   0  0.27 0.02
  393 P    -1   3  -1  -2  -3   0  -1  -2   3  -3  -3   0  -2  -3   6  -1  -1  -3  -1  -3    0  30   0   0   0   0   0   0  17   0   0   0   0   0  53   0   0   0   0   0  1.01 0.03
  394 T     0  -1   0  -1  -1  -1  -1  -2  -2  -1  -1  -1  -1  -2  -1   1   5  -3  -2   0    0   0   0   0   0   0   0   0   0   0   0   0   0   0   0   0 100   0   0   0  0.56 0.04
  395 K    -1   3   0   0  -3   1   3  -2   0  -3  -3   3  -2  -3  -1   0  -1  -3  -2  -2    0  20   0   0   0   0  35   0   0   0   0  45   0   0   0   0   0   0   0   0  0.47 0.00
  396 N    -1  -1   3   4  -2   0   0  -1  -1  -2  -3  -1  -2  -3  -2   1   2  -3  -2  -2    0   0  30  39   0   0   0   0   0   0   0   0   0   0   0   0  31   0   0   0  0.45 0.00

                      K         Lambda
Standard Ungapped    0.1240     0.3127
Standard Gapped      0.0410     0.2670
PSI Ungapped         0.1240     0.3127
PSI Gapped           0.0410     0.2670
