
Last position-specific scoring matrix computed, weighted observed percentages rounded down, information per position, and relative weight of gapless real matches to pseudocounts
            A   R   N   D   C   Q   E   G   H   I   L   K   M   F   P   S   T   W   Y   V   A   R   N   D   C   Q   E   G   H   I   L   K   M   F   P   S   T   W   Y   V
    1 M    -1  -1  -2  -3  -1   0  -2  -2  -1   1   2  -1   5   0  -2  -1  -1  -1  -1   1    0   0   0   0   0   0   0   0   0   0   0   0   0   0   0   0   0   0   0   0  0.00     0.00
    2 M    -1  -1  -2  -3  -1   0  -2  -2  -1   1   2  -1   5   0  -2  -1  -1  -1  -1   1    0   0   0   0   0   0   0   0   0   0   0   0   0   0   0   0   0   0   0   0  0.00     0.00
    3 A     4  -1  -1  -2   0  -1  -1   0  -2  -1  -1  -1  -1  -2  -1   1   0  -2  -2   0    0   0   0   0   0   0   0   0   0   0   0   0   0   0   0   0   0   0   0   0  0.00     0.00
    4 S     1  -1   1   0  -1   0   0   0  -1  -2  -2   0  -1  -2  -1   4   1  -3  -2  -2    0   0   0   0   0   0   0   0   0   0   0   0   0   0   0   0   0   0   0   0  0.00     0.00
    5 R    -1   5   0  -1  -3   1   0  -2   0  -3  -2   2  -1  -3  -2  -1  -1  -2  -2  -2    0   0   0   0   0   0   0   0   0   0   0   0   0   0   0   0   0   0   0   0  0.00     0.00
    6 V     0  -2  -3  -3  -1  -2  -2  -3  -3   2   1  -2   1  -1  -2  -2   0  -3  -1   3    0   0   0   0   0   0   0   0   0   0   0   0   0   0   0   0   0   0   0   0  0.00     0.00
    7 M    -1  -1  -2  -3  -1   0  -2  -2  -1   1   2  -1   5   0  -2  -1  -1  -1  -1   1    0   0   0   0   0   0   0   0   0   0   0   0   0   0   0   0   0   0   0   0  0.00     0.00
    8 A     4  -1  -2  -2   0  -1  -1   0  -2  -1  -1  -1  -1  -2  -1   1   0  -3  -2   0  100   0   0   0   0   0   0   0   0   0   0   0   0   0   0   0   0   0   0   0  0.41 0.00
    9 S     0  -1   3   0  -1  -1  -1  -1  -1   0  -1  -1  -1  -2  -2   2   0  -3  -2   1    0   0  33   0   0   0   0   0   0   0   0   0   0   0   0  31   0   0   0  35  0.20 0.01
   10 S     1   0   0   0  -1   3   1  -1   0  -3  -2   0  -1  -3  -1   3   1  -3  -2  -2    0   0   0   0   0  33   0   0   0   0   0   0   0   0   0  67   0   0   0   0  0.40 0.02
   11 S     2  -1   0  -1  -1  -1  -1  -1  -1  -2  -2  -1  -1  -2  -1   3   2  -3  -2  -1   26   0   0   0   0   0   0   0   0   0   0   0   0   0   0  50  25   0   0   0  0.36 0.02
   12 P    -1  -2  -2  -2  -3  -2  -1  -2  -2  -3  -3  -1  -3  -4   8  -1  -1  -4  -3  -3    0   0   0   0   0   0   0   0   0   0   0   0   0   0 100   0   0   0   0   0  2.13 0.06
   13 S     2  -2  -1  -2  -1  -1  -1  -1  -2   1   0  -1   0  -2  -2   1   0  -3  -2   3   26   0   0   0   0   0   0   0   0   0   0   0   0   0   0  24   0   0   0  51  0.19 0.02
   14 H    -1  -1   0  -1  -2   0  -1  -2   6  -1   1  -1   0  -1  -2   1  -1  -2   0  -1    0   0   0   0   0   0   0   0  49   0  26   0   0   0   0  25   0   0   0   0  0.34 0.03
   15 T     2  -2  -1  -1  -1  -1  -1  -1  -2  -1  -2  -1  -1  -3   4   1   3  -3  -2  -1   25   0   0   0   0   0   0   0   0   0   0   0   0   0  26   0  49   0   0   0  0.52 0.03
   16 A     3  -2  -1  -2  -1  -1  -1  -1  -2   0  -1  -1  -1  -2  -1   2   0  -3  -2   1   48   0   0   0   0   0   0   0   0   0   0   0   0   0   0  26   0   0   0  26  0.24 0.02
   17 S     3  -2  -1  -2  -1  -1  -1  -1  -2   0   1  -1   0  -1  -1   2   0  -2  -2   0   50   0   0   0   0   0   0   0   0   0  26   0   0   0   0  24   0   0   0   0  0.21 0.02
   18 D    -1  -1   3   3  -3   3   1  -1   0  -3  -3   0  -2  -3   4   0  -1  -3  -2  -3    0   0  25  24   0  26   0   0   0   0   0   0   0   0  26   0   0   0   0   0  0.59 0.02
   19 L     1  -2  -2  -2  -1  -1  -2  -2  -2   0   2  -1   1  -1  -2   0   2  -2  -1   0   26   0   0   0   0   0   0   0   0   0  48   0   0   0   0   0  26   0   0   0  0.19 0.02
   20 A     3  -1   0  -1  -1  -1  -1   0  -1  -2  -2  -1  -1  -2  -1   3   1  -3  -2  -1   50   0   0   0   0   0   0   0   0   0   0   0   0   0   0  50   0   0   0   0  0.39 0.03
   21 R     3   2  -2  -2  -1  -1  -1  -1  -2   1  -1   0   0  -2  -2   0  -1  -3  -2   0   52  24   0   0   0   0   0   0   0  25   0   0   0   0   0   0   0   0   0   0  0.18 0.02
   22 F    -2  -2  -2  -3  -2   2  -1  -3  -1   0   1  -2   0   5  -3  -2  -2   0   2  -1    0   0   0   0   0  20   0   0   0   0  22   0   0  58   0   0   0   0   0   0  0.42 0.05
   23 A     1   0   2   0  -2   4   1  -1   0  -3  -2   0  -1  -3  -1   2   0  -3  -2  -2   18   0  20   0   0  40   0   0   0   0   0   0   0   0   0  22   0   0   0   0  0.36 0.04
   24 A     3  -2   2  -1  -1  -1  -1   0  -1  -2  -2  -1  -2  -3   4   1   0  -3  -2  -1   59   0  19   0   0   0   0   0   0   0   0   0   0   0  22   0   0   0   0   0  0.47 0.04
   25 G     0  -2  -1  -2  -2  -2  -2   5  -2   0  -2  -2  -2  -2  -2   1  -1  -3  -3  -1    0   0   0   0   0   0   0  66   0  18   0   0   0   0   0  16   0   0   0   0  0.60 0.06
   26 R     0   1   0  -1  -2   0  -1  -1  -1  -2  -2   0  -2  -2  -2   3   2   6  -1  -2    0  14   0   0   0   0   0   0   0   0   0   0   0   0   0  52  18  16   0   0  0.45 0.07
   27 G     0  -2   0   2  -3  -1  -1   4  -2  -4  -4  -1  -3  -3   3   1  -1  -3  -3  -3    0   0   0  15   0   0   0  55   0   0   0   0   0   0  16  15   0   0   0   0  0.68 0.08
   28 G     1  -3  -1  -2  -3  -2  -2   6  -3  -4  -4  -2  -3  -4  -3   1  -2  -3  -3  -3   10   0   0   0   0   0   0  79   0   0   0   0   0   0   0  10   0   0   0   0  1.07 0.19
   29 G     1  -2   0   1  -2  -1   0   3  -2  -2  -3  -1  -2  -3  -2   3   0  -3  -3   0   10   0   0  10   0   0   5  29   0   0   0   0   0   0   0  35   0   0   0  11  0.35 0.11
   30 G     2  -2  -1  -2  -2  -1  -1   0   2   1  -1  -1  -1  -2   2   2   1  -3  -2   0   25   0   0   0   0   0   0   6  10  15   0   0   0   0   9  21  10   0   0   4  0.20 0.08
   31 S     2  -2  -1  -1  -2   1   0   4  -2  -3  -3  -1  -2  -3  -2   2  -1  -3  -3  -2   20   0   0   0   0  11   4  37   0   0   0   0   0   0   0  27   0   0   0   0  0.48 0.12
   32 A     0   0   1  -1   3   0   1  -2  -1   0  -2   4  -2  -3  -2  -1  -1  -3  -2  -2    6   0  10   0   9   0  10   1   0   9   1  50   0   0   0   1   1   0   0   1  0.36 0.14
   33 G     1  -2   1   4  -3   1   0   1  -1  -3  -3  -1  -2  -3   0   0  -1  -3  -3  -3   14   0   4  45   0   9   1  14   0   0   1   0   0   0   4   6   0   0   0   1  0.48 0.14
   34 L    -2  -2  -3  -3   1  -2  -3  -3   2   1   3  -3   0   4  -3  -2  -2  -1   0   0    1   0   0   0   5   0   1   1  10   9  39   0   0  31   0   1   0   0   0   1  0.41 0.14
   35 G    -1  -2  -1  -2  -3   1  -2   5  -2  -4  -4  -2  -3  -3   1  -1  -2  -3  -3  -3    1   0   0   0   0   9   1  75   0   0   1   0   0   0   9   1   0   0   0   1  1.01 0.21
   36 S     0  -1  -1  -1  -2  -1   2  -1  -2   0  -2  -1  -2  -3   2   4   0  -3  -2  -1    6   0   0   0   0   0  18   1   0  10   1   0   0   0   9  51   0   0   0   1  0.39 0.16
   37 M    -2  -2  -3   0  -3  -2  -2  -3  -3  -1   1  -2   8  -2  -3   0  -2  -3  -2  -1    1   0   0   8   0   0   0   1   0   0   9   0  70   0   0   8   0   0   0   0  1.02 0.35
   38 N     0  -2   5   3  -3  -1   1  -2  -1  -4  -4  -1  -3  -4   1   1   1  -4  -3  -3    8   0  39  19   0   0   6   0   0   0   0   0   0   0   7  14   7   0   0   0  0.59 0.21
   39 V    -2   0  -3  -4  -2   1  -2  -4  -3   0   2  -2   6  -1   0  -2   0  -3  -2   2    0   7   0   0   0   6   0   0   0   0  25   0  35   0   6   0   6   0   0  15  0.47 0.24
   40 E    -3   0  -1   6  -5  -1   3  -3   2  -5  -5  -2  -4  -5  -3  -2  -3  -5  -4  -5    0   6   0  69   0   0  19   0   5   0   0   0   0   0   0   0   0   0   0   0  1.34 0.42
   41 E    -2  -2  -2   2  -4   1   5  -3  -2  -4  -4  -1  -3   0   2  -1   1  -4  -3  -3    0   0   0  11   0   6  55   0   0   0   0   0   0   6  11   0  11   0   0   0  0.80 0.33
   42 I    -2  -3  -3  -3  -3   0  -3  -1  -3   1   3  -3   0   4   0  -1   0  -2  -1  -1    0   0   0   0   0   5   0   6   0   8  38   0   0  26   5   6   5   0   0   0  0.38 0.23
   43 L     0  -3  -3  -4  -2  -3  -3  -4  -3   0   4  -3   0  -1   0  -1   0  -3   1   1   11   0   0   0   0   0   0   0   0   0  60   0   0   0   5   5   5   0   6   8  0.48 0.26
   44 R     1   3  -2  -2  -3   2  -1  -2  -1   0  -2   3   1  -2   2  -1  -1  -2   1  -1   14  19   0   1   0  10   1   1   0   6   1  22   5   0  10   1   1   0   5   3  0.28 0.17
   45 G    -1  -1   3  -1  -2  -1   0   1   1  -3  -3   0  -2   0  -2   3   1  -3  -2  -2    1   1  22   1   0   0   5   9   3   1   1   6   0   5   1  36   8   0   0   1  0.39 0.22
   46 I    -1  -3  -2  -3  -2  -2  -3  -1  -2   3   2  -2   0  -1  -3  -1   1  -2   1   2    1   1   0   1   0   0   1   6   0  34  19   1   0   0   1   5  11   0   6  14  0.29 0.17
   47 Y    -1  -2   0   0   4  -2  -2  -2  -2  -2   1  -2  -1  -1   2  -1   0   7   2  -2    5   1   5   5  12   1   1   1   0   1  18   1   0   1  10   4   5  20   7   1  0.50 0.21
   48 A     1  -2   0   1  -2  -1  -1   0  -2  -2  -1   0   0  -3   2   2   3  -3  -3  -2   12   0   2   9   0   0   0   5   0   0   5   5   4   0  11  16  29   0   0   0  0.32 0.21
   49 D     3  -2   1   3  -2  -1   2  -2  -2  -3  -3  -1  -2  -3  -2   1   1  -4  -3  -2   30   0   8  23   0   0  12   0   0   0   1   0   0   0   0  12   9   0   0   2  0.43 0.25
   50 M     0  -1   1  -1  -3   1   3   0   1  -2  -1   0   1  -3  -2   0   2  -3  -2  -1    8   0   9   0   0   4  24   7   5   0   5   4   7   0   0   5  17   0   0   5  0.21 0.17
   51 P     1  -2  -2   0   2   0   3  -1  -2  -3  -3  -1  -3  -4   3   1   0  -4  -3  -1   17   0   0   2   5   4  30   5   0   0   1   0   0   0  18   8   4   0   0   4  0.46 0.25
   52 T     1  -2   1   1  -2  -1   0  -2  -2   0  -3  -1  -2  -3  -2   3   2  -3   0  -2   14   0   6   9   0   0   4   0   0   8   1   3   0   0   0  37  13   0   4   0  0.35 0.25
   53 P     0   0  -2  -1  -2   2   0  -1   1  -2   0  -1   0   0   4   0   0  -3  -2  -1    8   4   0   4   0  11   5   5   6   0  13   0   4   4  21   5   4   0   0   4  0.23 0.14
   54 A     3  -2  -2   0   2  -2  -2  -2  -2  -2  -1  -2  -2   1   1   3   0  -3  -2  -2   28   0   0   5   4   0   1   1   0   0   5   0   0   9   8  33   5   0   0   1  0.38 0.26
   55 L     0  -1  -2  -2   1   1   0  -1   2   0   1  -1   2  -2  -2   0   0  -2  -1   0   11   0   0   0   5   6   8   5   9   4  20   4   7   0   0   5   8   0   0   6  0.09 0.11
   56 P     1   0  -2   0  -3  -1  -1  -2   1  -3  -3  -2  -1  -3   6   0  -2  -4   0  -3   13   4   0   5   0   2   4   2   5   0   1   0   2   0  48   8   0   0   4   0  0.94 0.35
   57 L     1   0  -2   0  -2   0  -1   1  -2   0   1  -1   1  -1   2   1  -1  -3  -2   0   11   7   0   5   0   5   0  12   0   4  15   0   5   3  12  12   0   0   0   8  0.12 0.11
   58 V    -1   0   2   1  -3   2   1  -2  -2   0   0  -1  -1  -3   1   0  -1  -4  -3   1    2   4  16   7   0  13  13   2   0   7  11   0   0   0   8   4   2   0   0  13  0.19 0.18
   59 G     0  -1   0  -1  -3   1   1   2   2  -2  -1   1   0  -3   0   1   1  -3  -2  -1    8   0   2   0   0   6   8  21   6   0   5  11   3   0   4  13   9   0   0   4  0.19 0.15
   60 G     1  -2   0   0  -3  -2   0   4   1  -4  -4  -1   0  -4  -2   1  -1  -4  -3  -3   12   0   3   4   0   0   8  48   4   0   0   4   3   0   2  10   2   0   0   0  0.61 0.29
   61 D     0  -1   0   2  -2  -1   0   0   0   0   0   0   0   0  -2   0   0  -3  -1   1    6   0   4  15   0   0   4   6   4   6  11   7   4   6   0   6   6   0   0  12  0.05 0.08
   62 R     1   1   0   0  -3   3  -1   0  -2  -2  -3  -1  -2  -2  -2   3   0  -3  -3   0   11   8   4   6   0  19   0   7   0   0   1   0   0   2   0  27   4   0   0  10  0.28 0.24
   63 P     0   1   0  -1  -3   0   2   1  -2  -3  -3   1  -2  -4   3   1  -1  -4  -3  -1    5  11   5   0   0   4  17  11   0   0   0   8   0   0  20   9   2   0   0   7  0.36 0.21
   64 M     0   0   1   1   1   3   1   1   1  -2  -2  -1   0  -1  -2   1   0  -3  -2  -1    7   4   7   8   3  21   6  11   4   2   0   0   4   4   0  10   3   0   0   4  0.18 0.17
   65 S    -1  -1  -2  -2   1  -2  -2   2  -2  -1   0  -1  -2   0   4   2  -2  -3   0  -2    0   3   0   0   3   0   2  22   0   4  11   4   0   4  22  19   0   0   4   0  0.39 0.24
   66 P     0   1  -2   0  -3   1   0   1  -2  -4  -4   0  -3  -3   3   3  -1  -4   0  -3    4   8   0   3   0   8   6  10   0   0   0   3   0   0  19  32   0   0   4   0  0.49 0.30
   67 L    -2  -2  -2   1  -2   0  -1  -1  -2   1   2  -2   1   1   0  -1   0  -2   0   0    0   0   0  10   0   4   4   6   0  10  29   0   4   7   4   6   5   0   3   7  0.12 0.14
   68 P     0  -2  -2  -2  -3   2   0  -1   0  -1  -2  -2  -2   1   4   1   2  -3  -2  -2    7   0   0   0   0  10   4   3   3   3   4   0   0   7  28  12  18   0   0   0  0.50 0.29
   69 A     1   2  -2  -1   0   1   0   0  -2   0   1  -1   1  -2   0   0   0  -3  -2   0   15  16   0   3   3   7   4   8   0   7  14   0   4   0   4   4   4   0   0   6  0.08 0.11
   70 P    -3  -1   0  -3  -5   4  -2  -1  -3  -2  -5  -3  -4  -6   7  -1  -3  -5  -5  -4    0   3   4   0   0  23   0   4   0   3   0   0   0   0  59   4   0   0   0   0  1.60 0.62
   71 D     0   1   0   2  -3   1   1   1   1  -2  -2   1  -2  -3   1   0   1  -3  -2  -1    7   9   2  14   0   9   6  13   4   0   4   7   0   0   6   6  10   0   0   3  0.18 0.13
   72 V     1  -2   0  -1  -2   0  -2  -2  -2   1   1  -1  -1  -2  -2   2   2  -3   1   1   10   0   3   2   0   4   0   0   0   9  14   3   0   0   0  27  13   0   5   9  0.20 0.21
   73 A     0  -2  -1  -3   3  -2  -3  -1  -3   1   2   0   3   0   1   0  -2  -3  -2   0    6   0   3   0   9   0   0   4   0   9  28   6  11   3   9  10   0   0   0   2  0.23 0.20
   74 A     0  -2   0  -2   1  -2  -2  -1   4   0   0  -2  -2  -3   3   2   1  -4  -2  -2    8   0   5   0   3   0   0   4  16   6  10   0   0   0  15  19  12   0   0   0  0.35 0.27
   75 A     0  -2  -1  -2   0   1   0  -1  -3  -1   1  -2  -1  -1  -3   3   0  -4  -3   1    7   0   2   0   2   9   5   4   0   0  19   0   0   3   0  32   3   0   0  14  0.25 0.27
   76 P    -1  -3  -3  -1  -3  -2  -1   0  -3  -3  -1   0  -3  -4   6  -1   0  -4  -3  -1    4   1   0   4   0   0   5   6   0   1   7   6   0   0  52   4   6   0   0   4  1.01 0.39
   77 R     1   2  -2  -2  -3   1   1  -3   3  -3  -3   3   2  -3  -1   1   0  -4  -2  -1   15  15   0   0   0   5   7   0   8   0   0  20   7   0   2  12   5   0   0   3  0.34 0.27
   78 T     1  -3  -1  -1   0   0   1  -3  -3  -2  -1  -2  -2  -4   2   2   4  -4  -3   0   10   0   2   3   2   3   8   0   0   0   5   0   0   0   9  21  30   0   0   7  0.39 0.31
   79 A     0  -3  -1  -1  -3   0   0  -2  -3   0   0  -3   1  -2   1   0  -2  -3   1   4    8   0   3   3   0   4   6   3   0   3   6   0   3   0   8   6   0   0   5  42  0.29 0.27
   80 E    -2  -3   0   4  -4   0   2   0  -2  -1  -2  -2   0  -4   3   0  -1  -4  -1  -3    0   0   3  34   0   3  15   7   0   4   4   0   3   0  15   7   3   0   3   0  0.54 0.33
   81 E    -2  -2  -2   1  -4   2   3  -3   0  -3   0   0   0  -3   4  -2   0  -4  -3  -1    0   0   0   6   0  13  22   0   3   0  10   4   3   0  26   0   6   0   0   6  0.54 0.32
   82 V    -2  -3  -3  -1   1  -3  -3  -4  -3   1   0  -3  -1   0   1  -3  -2  -3  -2   5    1   1   1   3   3   1   1   1   0   6   7   1   0   4   9   1   1   0   0  60  0.72 0.38
   83 W    -2   1   0   1  -3  -2  -1  -3   1  -1  -3   0  -2   2   0  -2  -3   8   4  -3    3   9   4  10   0   0   3   1   3   4   1   7   0   8   4   1   1  24  16   1  0.72 0.34
   84 K    -1   1   0   1  -3   0   2   0  -2  -1   0   2  -1  -3   2   0  -1  -3  -3  -2    3   5   4   8   0   4  14   7   0   3  16  19   0   0  10   5   2   0   0   0  0.19 0.16
   85 E    -1  -2   2   3  -3   1   2  -2  -2  -1   0  -1   0  -2  -1   0   0  -3  -1   0    3   0  11  18   0   8  18   1   0   3  10   1   3   0   3   8   3   0   2   9  0.23 0.20
   86 I    -1  -2  -2  -1  -2  -1  -2   0  -3   2   1  -1   3   0  -1  -1   1  -3  -2   2    3   0   0   3   0   3   0   8   0  19  17   3   9   3   3   3   9   0   0  15  0.19 0.18
   87 T    -1  -2   2  -2  -3   2  -1  -3   2   0  -3  -1   3  -3  -1   3   3  -4   1  -2    2   0  12   0   0  10   4   0   5   5   0   2   8   0   2  23  20   0   4   2  0.40 0.36
   88 G     0   0   2   0  -1   0   1   1  -2  -1  -1   0  -2  -1   0   1   0  -3  -2  -1    6   5  15   4   1   3  11  14   0   2   7   5   0   2   4  11   4   0   0   5  0.13 0.14
   89 A     0  -1  -1  -1  -3   1  -1  -1  -2  -1   0   0  -2  -1   4   1  -1  -3  -3   0    7   3   2   3   0   9   3   4   0   3   9   7   0   4  22  12   3   0   0   9  0.27 0.21
   90 G     1  -2  -1  -1  -4  -1   0   5   0  -5  -5   0  -4  -4  -1   1  -3  -4  -1  -4   10   2   2   2   0   2   5  49   2   0   0   6   0   0   3  14   0   0   2   0  0.75 0.43
   91 V     0  -3   1  -3   0   0  -2   1  -1  -1  -2  -2   0  -3   1   3   1  -4  -3   2    4   0   9   0   2   5   0  11   1   2   2   0   2   0   6  27   7   0   0  21  0.30 0.32
   92 A     1  -1   1  -1   0   1  -1   0  -2  -1  -1  -1  -1  -1   2   1   1  -3  -1   0   15   2   6   3   2   9   2   6   0   4   4   3   1   4  10  11  12   0   2   5  0.12 0.15
   93 A     1   0   0  -1   0   0   1   2   2   0  -1   0   0  -3   0   0   1  -4  -2  -1   12   4   5   1   2   3   9  17   8   5   4   4   2   0   4   6  13   0   0   2  0.15 0.17
   94 A     0   0   2   1  -3   1   1  -2   1   0   0  -1   1  -3   0  -1  -1   1  -2   0    7   6  13  11   0   6  12   2   3   8   9   0   5   0   5   2   3   2   0   8  0.12 0.17
   95 A     0   0   1   0  -3   1   0   0   3  -2  -1   0   0   0   1   1   0  -3   0  -2    8   5   9   5   0   9   5   7  10   2   5   3   3   4   7  11   5   0   3   0  0.13 0.15
   96 G    -1  -2  -2  -1   0  -1  -2   4  -3  -3  -1  -1   1  -1  -1   1   2  -4  -3  -3    3   1   0   4   2   2   2  35   0   0   7   4   4   2   2  12  18   0   0   0  0.45 0.34
   97 G     0  -3  -2  -1  -3  -2  -2   0   3  -2  -2  -1   1  -1   4   2  -1  -4   0  -2    8   0   0   4   0   0   0   7   9   3   3   3   4   3  28  19   2   0   4   3  0.51 0.36
   98 V    -1  -1   1  -1  -3   1   0  -1  -2  -1   0   1   2   0   2   0  -1   1  -2   0    4   2   8   1   0  10   5   5   0   3  10   9   7   4  11   8   3   2   0   7  0.11 0.14
   99 V     0  -1   0  -1  -3   2   0   0   0  -1   1  -1   2  -2   0   1   1   0  -2   0    6   2   5   2   0  14   6   6   2   2  13   0   8   0   5  11   8   1   0   6  0.12 0.18
  100 P     0  -2  -1  -1  -4   0  -2   0  -3  -1  -2  -3  -3  -4   6   0  -1   0  -1  -2    7   2   3   2   0   4   1   7   0   4   4   0   0   0  46   7   4   2   2   3  0.88 0.47
  101 P     0  -1   1   0  -3   1  -1   0  -1  -1  -1   0   1  -3   3   1   1  -3  -3  -1    8   1   6   4   0   8   3   5   2   4   6   6   4   0  17  13   9   0   0   4  0.22 0.19
  102 A     0  -3   0  -1   0   1   0   0  -3  -2  -3  -2   0  -4   4   2   1  -4  -2  -2    7   0   4   3   2   6   7   7   0   2   0   0   3   0  21  21  10   0   2   2  0.41 0.32
  103 A     1  -1   1  -2   0   0  -1  -1   0   0   0  -2   0   0   1   2   1  -3  -2   1   11   3   6   1   2   6   2   2   3   4   7   0   2   6   8  19   8   0   0  11  0.11 0.17
  104 A     0   0   1  -2   1   2   0   1  -2   0   0  -1   0  -1   0   1   0  -3  -1   0    6   6   6   0   4  12   5  10   0   5   9   2   4   2   5  13   4   0   2   5  0.07 0.12
  105 A     0  -1  -1   1   0   0  -1  -1  -2  -1   0  -2   1  -1   1   3  -1  -3   0  -1    9   2   2  10   2   3   1   5   0   2  12   0   4   1   6  30   2   0   4   3  0.20 0.25
  106 A    -1  -1   0  -2  -3   1   0   2   0  -1  -3  -1  -1  -2   4   1   1  -4  -3  -2    4   2   3   0   0   6   7  15   2   3   2   2   1   1  25  11  11   0   0   2  0.43 0.31
  107 A     2  -1   1  -1  -2   1   0   0   0   0  -2  -2  -2  -1   0   1  -1   1  -1   0   21   2   8   3   0   7   6   4   2   8   2   0   0   2   5  15   2   2   2   8  0.13 0.19
  108 A     0   0   0   1   0   1   1   0   0  -1  -1   1   1  -1   1   0   0  -3  -2  -1    7   5   2   7   2   9  10   7   3   3   6   9   7   2   7   5   6   0   0   4  0.08 0.10
  109 P    -1  -2  -1  -1  -4   1  -1   0   1  -4  -1  -1   0  -4   6   2  -2  -4  -1  -4    4   1   3   4   0   7   2   6   3   0   6   2   3   0  40  15   1   0   2   0  0.77 0.46
  110 A     1   0   0   0  -2   1  -1   1  -2  -1  -1   0   1   0   0   1   0  -3  -2  -1   15   6   4   5   0  10   0   9   0   2   6   4   4   5   3  15   7   0   0   5  0.10 0.16
  111 V     0  -1  -2   1  -3   1   0  -2   2  -2   0   0  -2  -3   1   1   3  -3   0  -1    6   3   0   7   0   6   6   2   5   0   9   4   0   0   9  14  22   0   3   3  0.21 0.23
  112 V     0  -2   1   0  -3   1  -2  -2   0  -1  -1  -1   1  -3   4   1   1   1  -3   0    6   0   8   6   0   9   0   2   2   3   7   3   4   0  21   9   8   2   0   7  0.28 0.24
  113 A     1  -1  -1  -1  -2   0  -1   0   1   0   0  -1   0  -2   0   1   0   3  -2   0   17   4   1   2   0   3   2   8   4   8  10   2   2   0   5  14   4   5   0   8  0.10 0.13
  114 G     0  -1   2  -1  -3   3  -1   0   1  -2  -1  -1  -2  -3   1   2  -1  -3  -1  -1    5   3  11   2   0  16   0   6   4   2   8   2   0   0   6  24   2   0   2   5  0.25 0.27
  115 A     0   0  -2   0  -3   2  -1   0  -2  -1   0   0   0   0   2   1   0  -3  -1   0    8   4   0   4   0  15   1   6   0   2  11   4   2   4  12  12   6   0   2   8  0.14 0.18
  116 G     1   1   1   0   1   1  -1   1   2  -3  -3  -1  -3  -3   1   2   1  -3  -1  -2   10   7   5   6   4   8   2   9   6   0   0   2   0   0   7  21   8   0   3   2  0.23 0.23
  117 A     0  -1   0  -1   0   2  -1   0  -2  -2   0   0   1   1   3   1  -1  -3  -2  -1    5   3   4   3   2  11   3   7   0   0  11   6   4   8  15  13   2   0   0   4  0.16 0.18
  118 G     0   0   0  -1  -3   2  -1   1  -2  -1  -2   0   0  -3   4   0   1  -3  -1  -2    9   4   5   2   0  10   3  10   0   5   3   6   3   0  23   5   9   0   2   2  0.32 0.24
  119 T     0   0   0  -2  -1   1  -1  -3   2  -1   0  -2   0  -3   2   1   2  -3  -2   1    6   5   6   0   1   6   3   0   6   3   7   0   2   0  11  12  18   0   0  11  0.20 0.22
  120 G     0  -1  -1  -1   0  -1  -2   2  -3  -1   0   0   0   0   3   1   0  -3  -3  -1    7   3   2   2   2   2   0  22   0   2   9   4   2   4  15  12   6   0   0   5  0.23 0.20
  121 A     0  -1   1   0  -3   0  -1   2   2  -3  -2   0   0   1   2   0  -1   1  -2  -2    5   3   9   4   0   3   3  20   6   0   3   5   3   8  11   8   2   2   0   3  0.19 0.18
  122 E    -1   0  -1   1  -3   1   3  -1  -2  -3  -1  -1  -1  -4   2   1   0  -4  -3  -1    5   4   2   9   0   4  30   5   0   0   5   2   2   0  11   9   6   0   0   5  0.34 0.28
  123 M    -1  -1  -1  -1   2   1  -1  -1  -1   1   0   0   3   0   0   0   0  -2  -1   1    4   2   2   3   5   7   4   3   2  10   7   5  13   5   4   8   3   0   2  10  0.07 0.13
  124 T    -1  -2   1   0  -2   0  -2  -1  -2   1  -1  -1   0  -3   1   2   3  -3  -3   0    3   1   6   5   0   6   1   5   0  11   5   2   2   0   6  18  24   0   0   5  0.24 0.25
  125 L     0  -1  -1  -1   2  -1  -2   0   0   0   1  -2  -1   0   2  -1   0  -3  -2   1    6   4   3   4   5   4   0   6   3   4  21   0   0   4  10   2   8   0   0  15  0.10 0.15
  126 E    -1   0   0   1  -4   3   3  -2   1  -3  -3   1  -1  -3  -1   1  -1  -4  -1  -1    4   3   3   8   0  15  27   3   3   0   1   8   2   0   2  10   2   0   2   5  0.37 0.30
  127 D    -2  -1   3   3  -4   0   2  -1   0  -3  -2   0  -3  -1  -2   1   2  -4  -3  -1    0   3  15  21   0   4  13   3   2   0   3   3   0   4   2  11  13   0   0   4  0.36 0.29
  128 F    -1   0  -1  -3  -3  -2  -2  -1   0   0   2  -2  -1   3   0  -2   0  -2   1   0    4   7   3   0   0   0   3   4   2   3  31   0   0  17   5   2   6   0   6   7  0.24 0.24
  129 L    -1   0   0   0  -3  -1  -2  -3   0   0   2  -1   1  -1   4   0  -1  -4  -3  -1    4   6   4   5   0   3   2   0   3   5  22   3   5   2  25   6   3   0   0   4  0.35 0.27
  130 A     1   0   0  -1  -2   0  -1   0  -2   0   0   0   1  -1   2   0   1  -3  -1   1   12   4   5   2   0   4   2   7   0   5   6   5   6   3  10   5   8   0   1  13  0.08 0.11
  131 R    -1   2   1   0  -3   0   0   0   0  -1   0   1   1  -2   1   1   0  -3  -2   0    0  12   7   4   0   5   4   6   2   3  13   8   4   0   6  15   4   0   0   6  0.10 0.14
  132 E     2   0  -1  -1   1   1   0   0   0  -2  -1  -1   1  -3   2   1   0  -3  -1   0   20   5   2   3   3   8   6   8   3   0   4   0   5   0  11   9   6   0   2   7  0.15 0.18
  133 G     0  -1   0  -1  -3  -1  -2   3   1  -2  -3  -1  -1  -3   3   2   0  -3   1  -1    5   2   4   3   0   3   0  22   4   2   1   3   2   0  18  15   4   0   7   4  0.35 0.27
  134 A     1   1   0  -2  -2   0  -2   0  -2   0   0  -1   1  -1   1   1   0  -3   0   1   12   8   4   0   0   4   0   8   0   2  11   0   5   3   6  12   6   0   3  15  0.08 0.14
  135 V     1  -1  -2  -1   1  -1   0  -1   0   0  -1  -1  -1  -2   1   1   1   2  -2   2   12   3   0   4   4   3   6   4   3   3   6   3   0   0   9  10   8   3   0  19  0.11 0.16
  136 K     0   1   1   1  -2   1   0   0   1   0  -1   0  -1  -2   1   0   1  -3  -2   0    7   7   7   7   0   6   6   7   4   6   6   5   0   0   5   7  11   0   0   7  0.08 0.09
  137 E     0   0   1   0  -2   1   0   0   1   0   0   0   1  -2   1   0   0  -3  -2   0    6   6   6   6   0   6   6   6   6   6   6   6   6   0   6   6   6   0   0   6  0.06 0.08
  138 D     0   0   0   1  -3   2   2   0   1  -2  -2   0   0   0   2   0   0  -3   0  -1    6   5   5   7   0  10  14   6   5   0   1   5   3   5   9   5   6   0   4   4  0.16 0.16
  139 E     1   0   0  -2  -2   1   0   0  -2  -1  -1   0  -2  -1   1   1   1  -3  -2  -1   15   5   5   0   0   8   7   7   0   4   7   6   0   2   7  15   7   0   0   5  0.12 0.15
  140 A     0   0   1   0   0   1   0  -1  -2  -1  -1   1   0   0   2   1   1  -3  -2   0    9   5   7   4   2   7   4   2   0   5   4   8   2   5  12  10   9   0   0   5  0.12 0.13
  141 V     0   0   0  -2   2   0   0   0  -1   0   0   0   1   0   1   0   0  -2   1   0    6   6   6   0   6   6   6   6   0   6   6   6   6   6   6   6   6   0   6   6  0.04 0.08
  142 V     0  -1   0  -1   0  -1  -1  -2   1  -1   0  -2   0  -3   3   1   1  -4  -3   1    9   2   3   2   2   2   4   3   5   2  11   0   3   0  18  13  10   0   0  10  0.24 0.23
  143 T     1  -1   0   0  -2   0   0  -1   0   1   0  -1   2  -2  -1   1   1  -3  -2   0   13   2   4   5   0   3   4   5   2   8  11   3   6   0   1  13  12   0   0   7  0.09 0.14
  144 D     1   0   1   1   0   1   1  -1   1  -1  -2   0  -1  -3   1   2  -1  -4  -3  -1   14   4   6   8   2   8   9   2   4   3   2   5   2   0   8  16   2   0   0   4  0.18 0.19
  145 P    -1   0  -1  -1  -4   0  -1  -1   0  -2  -2  -3   1  -4   6   0  -3  -4  -4  -1    5   5   3   4   0   3   3   5   3   3   4   0   5   0  44   7   0   0   0   5  0.81 0.45
  146 S     0   0   0  -1  -2   1   0   1   2  -1  -1   0  -1   0  -1   2   0  -2   0  -1    7   6   4   3   0   6   7  10   6   5   5   4   0   4   3  18   5   0   4   3  0.08 0.12
  147 A     1   0   1   0  -2   0  -1  -1   2  -2  -1   0   1   0   1   1   1  -2   1  -2   12   4   8   4   0   4   0   4   8   0   4   7   4   4   8  16   7   0   5   0  0.14 0.17
  148 A     0   0   1   0   2   1   0   0  -1  -1  -1  -1  -1   1   1   0   0  -2   1   0    7   7   7   7   6   7   7   7   0   0   7   0   0   6   7   7   7   0   6   7  0.06 0.10
  149 K     0   0   1   1  -3   2   0  -1   2  -1  -1   1  -2  -3   0   1   0  -3  -2  -1    7   5   7   9   0  13   5   3   8   4   4   9   0   0   5   9   6   0   0   5  0.15 0.15
  150 G     0  -1   1   1   2   1   0   0   2  -2  -1   0  -1  -2   1   0   0  -3  -2   0    7   0   7   7   7   7   7   7   7   0   7   7   0   0   7   7   7   0   0   7  0.11 0.11
  151 Q    -1  -1  -2  -1  -2   3   0  -2   0   0   0  -1   3  -2   0   3   0  -4  -3  -1    2   3   0   2   1  20   5   3   2   6   7   2   9   1   4  25   4   0   0   4  0.30 0.25
  152 V     0   0   1   0  -2   0  -1   0   1   0  -1   0  -1   0  -1   1   1   0   1   0   10   6   6   5   0   3   0   8   6   5   6   3   0   5   2  12   8   1   6   7  0.04 0.06
  153 V    -1   0   0   0  -3   0   0  -1  -1   0  -1   1  -2  -1   3   0   1  -3  -2   0    4   4   5   7   0   3   5   4   1   4   5  10   0   3  18   7  10   0   0   9  0.19 0.12
  154 M     0   0  -1   0  -1   0   0   0   0  -1   1   0   2   0   0   0   0  -2  -1   0    8   6   2   4   1   2   6   5   2   1  17   8   9   4   5  10   4   0   1   5  0.04 0.07
  155 G     0   1   0   1  -3  -1  -2   2  -1  -2  -1  -1  -2  -3   2   1   0  -3  -2  -1    5   8   3   8   0   1   0  22   1   1   6   3   1   1  13  14   6   0   1   5  0.24 0.16
  156 F    -1   1   0   0   1  -1   0  -1   3  -1   0   1  -1  -1  -1   0   1  -3  -1   0    3   7   2   5   3   1   5   3  10   2  11  10   1   2   3   6  12   0   2  11  0.07 0.09
  157 L     0   0   0  -1  -1  -1   0  -2   2  -1   1   0   3   0  -2   1   1  -3   0   0    9   4   3   3   1   1   4   2   6   0  14   5  14   4   1   9  11   0   2   5  0.10 0.13
  158 N     0   0   2   1  -3   1   1  -2  -1  -3  -3   0  -3  -2   2   3   1  -4  -3  -2    4   5  10   6   0   5  10   2   1   0   0   6   0   1   9  27   9   0   0   3  0.33 0.22
  159 G     0  -1  -1   0  -3   1   1   1  -2  -2  -2   0   0   1   2   2  -1  -3  -2  -2    4   2   2   6   0   9  12  12   0   2   2   4   3   7  12  19   2   0   1   1  0.23 0.17
  160 A     0   0   2   1  -3   2   2   1  -1  -2  -2   0  -1  -3   0   1   0  -3  -1  -2    8   4  10   7   0   9  14  11   1   2   2   5   1   0   3  14   4   0   2   1  0.20 0.14
  161 E    -1   0   1   0  -3   3   2  -1  -2  -3  -2   1  -1  -2   0   2   0  -4  -3  -3    4   5   5   4   0  17  18   4   0   1   3  11   1   2   3  16   3   0   0   0  0.32 0.21
  162 V     0   1   0  -1  -1   0   0  -2   0  -1   0   0   1   0   2   0   0  -2   1  -1   10  11   6   3   1   3   5   1   2   2   9   5   5   3  13   5   5   0   6   3  0.11 0.09
  163 T    -1  -1   2   1  -2   0   1  -1   1  -1   0   0   0  -2  -2   1   1  -3  -2   0    4   2  11   6   0   2  11   2   4   2  12   5   2   0   1  13  11   0   0  10  0.12 0.12
  164 G    -1  -2   0  -2  -3   0   0   3  -1  -2   1   0   0  -3   1   0   0  -3  -2  -1    3   0   3   1   0   5   7  30   1   1  16   6   2   0   6   6   6   0   1   4  0.23 0.16
  165 G     1  -2  -1   0  -2  -1  -1   3  -1  -1  -1   0   0  -2   0   1   0  -3   0  -1   16   0   3   4   0   1   4  25   1   4   4   4   3   1   4  11   7   0   4   4  0.19 0.13
  166 V     0  -1  -2   0  -2   0   0  -1  -1   0   0  -1   1   0   1   1   1  -3  -2   1    7   2   0   4   0   5   5   2   2   4   7   3   4   5   6  13  11   0   0  18  0.08 0.10
  167 T     0   0  -1   0  -3   0   1  -2   0  -2  -1  -1  -2  -2   2   2   1  -3   1   0    5   4   2   5   0   5  12   2   2   0   6   2   0   1  11  18  10   0   6   9  0.17 0.14
  168 G     1   1   0   1  -1   2   0   2   0  -3  -3  -1  -2  -3   1   1  -1  -3  -2  -1   13   8   5  11   1  10   4  21   2   0   1   2   0   1   6  11   0   0   1   4  0.24 0.15
  169 G     1   1   1  -1  -2  -1   0   2   0  -1  -1   0   1  -2  -1   1   0  -3   0  -1   10   9   6   2   0   0   7  20   1   2   6   5   6   1   3   9   4   0   3   5  0.11 0.09
  170 R    -1   2  -1   1  -3   0   0   0  -2  -1  -1   1  -1  -3   1   1   1  -1  -3  -1    3  18   2   7   0   3   5   6   0   3   8   9   1   0   7  13  11   1   0   4  0.16 0.13
  171 S     0   1   0  -1  -2   0   0   0  -1   0   1   1   0  -2  -1   1   1  -3  -2  -1    7   8   5   3   0   2   3   6   1   4  15  13   1   1   1  15  11   0   0   4  0.09 0.10
  172 R     0   4  -1   0  -4   1   1  -1  -1  -4  -4   2  -2  -4   3   0  -2  -4  -2  -3    6  26   1   4   0   5   8   4   1   0   0  13   1   0  18   9   0   0   1   0  0.53 0.25
  173 K     0   2   0  -1  -3   1   1   1   0  -3  -2   2   0  -3   0   1   0  -3  -3  -2    7  16   3   3   0   6   7  10   2   0   3  14   3   0   4  15   6   0   0   1  0.22 0.14
  174 R    -1   4   0  -1  -2   0   0  -3   1  -2   0   1   0  -3   2  -1   0  -4  -3  -1    4  29   4   2   1   3   6   1   4   1  11   5   3   0  13   3   4   0   0   5  0.32 0.19
  175 H     0   1   1   0   0  -1   0   1   1  -1   0   1  -1  -1  -1   1   0  -1   0   0    5   8   6   4   2   0   4  10   6   2  11  10   1   2   2  11   3   1   5   8  0.04 0.05
  176 L     0   1   0  -1  -1  -1  -1   0  -1   0   0   0   0  -1   3   0   0  -1  -1   0    8   9   3   3   1   2   3   8   1   7   8   4   1   1  16   7   6   1   2   9  0.12 0.06
  177 M    -1  -1  -1   1  -2   0   0  -2   0   0   2  -1   1   0   0  -1   0  -2  -1   0    4   3   2  10   0   6   6   2   2   5  27   3   3   6   4   4   6   0   1   8  0.07 0.08
  178 D    -1  -1   0   4  -3   0   0  -1  -2  -2  -2   1  -2  -2   0   1   3  -4  -3  -2    3   1   3  30   0   4   2   3   0   3   2   8   1   1   5  12  21   0   0   1  0.41 0.23
  179 P     0  -2  -1  -1  -3   1   1  -2  -1  -2  -2   1  -1  -4   5   1   0  -4  -3  -2    5   0   2   2   0   8   9   2   1   1   5  12   2   0  31  10   6   0   0   2  0.53 0.23
  180 M     1  -1   0   2   0  -1   2  -1  -2  -1  -1   0   1  -2   0   0   0   0  -1   0   14   1   4  12   2   0  17   5   0   2   7   3   5   1   5   7   4   1   2   8  0.10 0.09
  181 D    -1  -2   0   4  -4   1   4  -2  -2  -4  -4  -1  -3  -4  -1   0  -1  -4  -3  -3    4   0   2  30   0   6  36   3   0   0   1   3   0   0   2   7   4   0   0   1  0.71 0.29
  182 R    -1   0  -2   1  -3   1   3  -2  -2  -1  -1   2  -1   0   0  -1   0  -3  -2   0    2   3   0   6   0   7  30   1   0   2   8  15   1   5   3   3   5   0   0   6  0.27 0.17
  183 A     0   1  -1   1  -1   0   2  -1  -2  -1  -2   2  -2  -2   0   0   0  -3  -2  -1    9  10   1   8   1   3  18   3   0   5   3  18   0   1   4   6   4   0   0   5  0.18 0.11
  184 A     0   0   1   2  -1   0   2  -1  -1  -1   0   0   0  -2  -2   0   0  -3  -2   0    8   6   6  11   1   2  21   4   1   2  10   7   2   0   1   4   4   0   0   9  0.12 0.09
  185 M    -1   1  -1   1  -3   1   1  -2  -1   0   1   1   0  -2  -1   0  -1  -3  -2   0    2   9   1  11   0   7  12   1   1   7  19  13   3   0   1   5   2   0   1   5  0.13 0.10
  186 Q    -3   4  -2  -3  -5   1  -1  -4  -1  -5  -4   6  -1  -5  -3  -1  -3  -5  -4  -4    0  22   0   0   0   4   2   0   1   0   0  65   2   0   0   2   0   0   0   0  1.32 0.45
  187 R    -2   5  -1   0  -4   0  -2  -2  -2  -3  -3   4  -2  -4  -3  -1   0  -4  -1  -3    1  42   2   5   0   4   0   2   0   1   1  29   1   0   0   2   5   0   3   1  0.79 0.32
  188 Q     0   1  -1  -1  -3   3   1  -3  -1   1   0   1  -1  -3  -3  -1  -1   1  -2   0    9   9   1   1   0  20  11   0   0  12   8   9   1   0   0   3   2   2   0   9  0.21 0.16
  189 K    -1   5  -1  -3  -4   0  -1  -4  -2  -1  -2   4  -2  -4  -3  -2  -3  -4  -3  -2    4  48   2   0   0   3   3   0   0   5   3  27   1   0   0   1   0   0   0   3  0.92 0.35
  190 R    -4   7  -3  -4  -5  -2  -3  -4  -3  -4  -1   2  -3   0  -4  -1  -3  -4  -3  -4    0  76   0   0   0   0   0   0   0   0   6   9   0   5   0   3   0   0   0   0  1.54 0.49
  191 M    -2   3  -2  -3  -3   0   0  -4  -2   0   2   2   3  -2  -2  -2   0  -3  -3  -1    0  22   0   0   0   3   7   0   0   6  20  18  13   0   2   0   7   0   0   3  0.36 0.21
  192 I     0  -1   0  -1  -1   1   1  -1  -2   2   1  -2   1  -2  -3  -2  -2   4  -2   0   10   3   4   2   1   6  12   5   0  18  20   0   5   0   0   1   0   7   1   5  0.17 0.14
  193 K    -1   4  -1  -2  -4   3   1  -2  -2  -4  -4   4  -3  -4  -3   1  -2  -4  -3  -4    5  23   2   0   0  16   6   3   0   0   0  33   0   0   0  12   0   0   0   0  0.70 0.30
  194 N    -4  -3   8  -2  -6   2  -3  -3  -2  -6  -6  -3  -5  -6  -5  -2  -3  -6  -5  -6    0   0  91   0   0   9   0   0   0   0   0   0   0   0   0   0   0   0   0   0  2.33 0.67
  195 R    -3   6   1  -3  -5   1  -2  -4  -2  -5  -3   3  -3  -5  -4  -3  -2  -5  -4  -4    0  63   6   0   0   6   0   0   0   0   1  21   0   0   0   0   2   0   0   0  1.36 0.44
  196 E     0  -1  -2  -1  -4   2   4  -1  -2   0   0  -1   1  -3  -3  -1  -1  -4  -3   1    8   2   0   1   0  13  39   4   0   7   7   1   4   0   0   1   3   0   0   9  0.42 0.24
  197 S     5  -3  -3  -3  -3  -3  -3  -2  -3  -4  -1  -3  -3  -4  -3   4  -2  -4   1  -3   52   0   0   0   0   0   0   0   0   0   5   0   0   0   0  38   0   0   5   0  0.96 0.42
  198 A     6  -4  -4  -4  -3  -1  -3  -2  -4  -4  -4  -3  -3  -4  -3   0  -2  -5  -4  -1   88   0   0   0   0   2   0   0   0   0   0   0   0   0   0   5   0   0   0   3  1.46 0.51
  199 A     1   4  -2  -3   0   4  -1  -3   0  -3  -2   0  -1  -4  -3   0   0  -4  -3  -3   15  33   0   0   2  28   0   0   2   0   2   3   1   0   0   6   5   0   0   0  0.66 0.30
  200 R    -1   4   2  -1  -4   1   1  -3  -2  -3  -2   3  -2  -4  -3   0  -1  -4  -3  -3    3  35  12   2   0   6   8   0   0   0   5  20   0   0   0   5   2   0   0   0  0.58 0.24
  201 S    -1  -3  -2  -3   6  -3  -3  -3  -3  -4  -3  -3  -3   0  -3   5  -2  -3   4  -3    3   0   0   0  22   0   0   0   0   0   0   0   0   4   0  52   0   0  15   0  1.08 0.41
  202 R    -4   8  -3  -4  -5  -2  -3  -4  -3  -5  -4   1  -4  -5  -4  -3  -3  -5  -4  -5    0  91   0   0   0   0   0   0   0   0   0   4   0   0   0   0   0   0   0   0  2.13 0.58
  203 E    -1   1  -1   0  -4   3   2  -3  -2  -2   0   3   1  -2  -3  -1  -2  -3  -1  -2    5   9   2   4   0  22  14   0   0   1  11  20   5   1   0   2   0   0   2   2  0.34 0.20
  204 R    -2   6  -3  -4  -6  -1  -2  -4  -3  -5  -5   4  -4  -5  -4  -3  -3  -5  -4  -5    2  64   0   0   0   0   0   0   0   0   0  34   0   0   0   0   0   0   0   0  1.68 0.52
  205 K    -3   3  -3  -3  -6   1  -2  -4  -1  -5  -5   7  -4  -6  -4  -3  -3  -5  -4  -5    0  17   0   0   0   4   0   0   1   0   0  78   0   0   0   0   0   0   0   0  1.67 0.54
  206 Q    -1   2  -2  -3  -4   4   0  -4  -2  -2   0   5  -1  -4  -3  -2   0  -4  -3  -2    3  10   0   0   0  23   2   0   0   1  10  42   1   0   0   0   5   0   0   2  0.71 0.33
  207 A     2   1  -2   1  -3   2   3  -3  -1  -2  -1   0  -1  -4  -3  -1  -2  -4  -3  -1   24   8   0   8   0  11  30   0   1   2   5   5   1   0   0   0   0   0   0   5  0.42 0.24
  208 Y    -3   1  -1  -3  -2   1   2  -4   3  -3  -2   1  -3  -1  -4  -3  -2   2   6  -3    0   7   2   0   1   6  14   0   8   1   4  10   0   0   0   0   2   2  43   0  0.87 0.36
  209 I     0  -3  -3  -4   0  -1  -2  -3  -4   3   1  -2   3  -2  -3  -2   1  -4  -3   3    6   0   0   0   2   3   2   1   0  27  10   2  10   0   0   1  11   0   0  24  0.41 0.21
  210 A     0   1   1   2  -3   2   2  -1   0  -2  -1   2  -1  -3  -2   0  -1  -4  -3  -1    6   5   7  14   0  10  17   2   2   1   6  15   2   1   0   8   1   0   0   5  0.24 0.14
  211 E     0  -1   1   1   1   2   4   0   2  -4  -3   0  -3  -4  -3   0  -1  -4  -1  -3    5   2   7   8   4  11  37   6   5   0   1   4   0   0   0   7   2   0   2   0  0.48 0.23
  212 L    -4  -4  -5  -6  -3  -4  -5  -6  -5   2   6  -5   1  -2  -5  -3  -2  -4  -3   0    0   0   0   0   0   0   0   0   0   8  86   0   2   0   0   1   1   0   0   2  1.35 0.45
  213 E    -1  -2  -2  -1  -5   1   6  -4   2  -3  -5   0  -4  -5  -3  -2  -1   0  -4  -4    5   0   1   0   0   6  70   1   4   2   0   5   0   0   0   1   4   1   0   0  1.22 0.45
  214 S     0   1   1   2  -3   1   2   0   0  -1  -2   1  -2  -3  -2   1   1  -4  -3  -2   10  10   5  13   0   8  13   5   2   4   2   6   0   0   0  14   8   0   0   1  0.23 0.13
  215 L    -2   3  -2   0  -5   2   3  -3  -2  -4  -4   4  -2  -5  -3   0  -2  -4  -4  -4    0  20   0   4   0  11  24   0   0   1   1  32   1   0   0   6   1   0   0   0  0.77 0.31
  216 V     0  -1  -3  -4   2  -3  -3  -4   0   1   2  -1   1  -1  -4  -1  -1  -4  -2   4    7   4   1   0   5   0   0   0   2   7  19   3   3   1   0   3   2   0   1  43  0.43 0.22
  217 T     1   0   0   1  -2   2   3  -2  -2  -2  -1   1   0  -3  -2   1   0  -4  -3  -2   12   3   5   9   1   8  26   1   0   2   4   9   2   0   0  11   4   0   0   2  0.29 0.16
  218 Q     0   1   1   1  -3   2   1  -2   1  -1  -2   1  -2  -1  -2   1   0  -1  -1   0    8   6   6   9   0  10  10   1   5   1   2   9   0   4   0  11   6   1   2  11  0.12 0.09
  219 L    -3  -4  -5  -5   1  -4  -1  -5  -4   0   5  -3   1  -1  -5  -3  -2  -3   0  -1    1   0   0   0   4   0   6   0   0   2  76   1   3   1   0   0   1   0   3   2  1.00 0.38
  220 E    -1   0  -1  -1  -4   2   3  -2   0  -2  -2   2  -2  -4  -3   0   1  -4  -3  -1    3   3   2   0   0  12  30   1   2   2   2  19   0   0   0   8  12   0   0   5  0.41 0.22
  221 E     1   0   2   0  -3   3   0  -1   0  -3  -2   1  -1  -2  -2   1   0  -4  -3  -2   16   3  10   3   0  20   5   2   2   0   4  11   1   2   0  14   6   0   0   1  0.27 0.17
  222 E    -2   0  -1   2  -5   2   5  -4  -1  -3  -1   2  -2  -4  -3  -1  -1  -4  -3  -2    0   5   1   9   0  10  45   0   1   1   8  12   1   0   0   2   3   0   0   3  0.65 0.29
  223 N    -1   0   6  -2   0  -2   0  -2  -2  -1  -3   2  -4  -4  -4  -2  -2  -5  -2  -2    3   4  59   0   2   0   6   2   0   4   2  12   0   0   0   0   1   0   1   3  1.01 0.41
  224 A     1   0   0   1  -3   2   2  -1   1  -2  -2   0   0  -3  -2   2   0  -3  -2  -2   12   4   3   7   0  13  13   4   4   1   2   6   2   0   0  19   6   0   1   1  0.24 0.16
  225 K     0   2  -1   0  -2   3   3  -2  -1  -3  -3   1  -2  -3  -2   1   1  -4  -3  -2   10  10   1   4   1  15  25   2   1   1   0   8   1   1   0  10   8   0   0   2  0.36 0.20
  226 M    -3  -4  -5  -5  -3  -4  -5  -5  -5   1   5  -3   1  -1  -5  -3  -3  -4  -2  -1    2   0   0   0   0   0   0   0   0   5  83   1   3   1   0   1   0   0   1   2  1.26 0.44
  227 F    -1   3  -1  -1  -3   2   1  -3   0   0   1   2   0  -1  -2   0  -1   0  -2  -1    2  17   2   2   0  13   9   0   2   5  16  14   1   2   0   7   2   1   1   4  0.20 0.14
  228 K     1   3   0  -1  -4   2   1  -2  -2  -3  -2   4  -3  -4  -2   0  -1  -4  -3  -3   10  18   5   2   0  12   7   1   0   1   3  31   0   0   1   8   1   0   0   1  0.48 0.25
  229 E     0   0  -1   0  -4   3   5  -3  -2  -1  -4   1  -3  -4  -3  -1  -2  -4  -4  -3    9   5   2   3   0  15  47   1   0   5   0  10   0   0   0   4   0   0   0   0  0.74 0.34
  230 Q    -1   1   1  -2  -1   0  -1  -3  -1   2   2   0  -1  -2  -3  -1   0  -3  -1   2    3  12   9   0   1   6   3   1   1  14  21   5   0   1   0   2   5   0   1  16  0.16 0.14
  231 E     2  -1   1   1  -2   2   2  -1  -1  -1  -2   0  -2  -2  -2   1   0  -3   0   0   20   2   9   6   0  11  13   4   0   2   3   6   0   1   0   7   6   0   3   6  0.16 0.13
  232 E    -1   1   1   2  -3   2   2  -2   1  -2  -1   0  -1  -2  -2   0   0  -3  -1  -1    4   6   5  14   0  13  20   2   3   1   9   4   1   2   0   7   3   0   2   4  0.22 0.13
  233 Q     1  -1  -2  -3  -1  -1  -2  -3  -3   1   3  -2   1   0  -3   0   0  -3   0   0   13   3   2   0   1   3   2   1   0  10  39   1   4   3   0   8   4   0   3   2  0.26 0.18
  234 H    -1   1   2   0  -1   0   1  -2  -1  -1   2   1   1  -2  -3  -1   0  -3  -2  -1    2  10  11   4   2   3   9   2   1   1  28  12   4   0   0   4   5   0   0   4  0.17 0.15
  235 Q    -1   3   1  -1  -4   2   2  -3   0  -3  -3   4  -3  -4  -3  -1  -1  -4  -3  -3    3  20   7   2   0  10  17   0   1   1   1  29   0   0   0   3   3   0   0   1  0.59 0.29
  236 K     0   0   2   0   0   2   2  -1   1  -2  -2   2  -1  -3  -2   0   1  -4  -3  -2    8   4  10   3   2  12  19   4   4   2   3  13   2   0   0   5   8   0   0   2  0.25 0.16
  237 R    -2   1   1  -1  -3   2   3  -1   0  -2   0   0  -1  -1  -1   0  -1  -2   3  -1    1   9   6   1   0  14  22   4   1   1   9   4   1   2   2   5   1   0  12   4  0.24 0.17
  238 L    -1  -1   2  -2  -2  -2   1  -1  -2   1   2   0   0  -2  -3  -1   0  -3  -2   1    2   1  12   1   1   0   9   4   0  11  28   8   2   0   0   2   5   0   1  13  0.17 0.16
  239 K     0   1   2   0  -3   2   2  -2   0  -2  -3   2  -2  -4  -2   0   1  -4  -3  -1    7   8  11   4   0  13  12   2   2   1   1  19   0   0   0   6   9   0   0   4  0.29 0.18
  240 E     0   1   0   0  -3   3   2  -2   0  -2   1   0   0  -1  -2  -1  -1  -3   0  -1    8   8   3   3   0  21  13   2   2   1  15   4   2   2   1   4   3   0   5   3  0.18 0.15
  241 L    -3   0  -4  -4  -3  -2  -2  -3  -3   1   4  -1   1   1  -4  -3  -2  -3   0   1    0   6   0   0   0   1   2   1   0   4  59   4   3   5   0   1   1   0   3   9  0.59 0.29
  242 K    -1   2  -1  -1  -3   1   1  -3   0  -2   1   4   2  -1  -2  -1  -1  -3  -2  -1    2  11   2   2   0   5   8   0   2   1  14  33   8   2   1   3   4   0   0   4  0.31 0.21
  243 E    -1   1  -1   1  -4   3   4  -3   0  -4  -3   1  -3  -4  -3   1  -1  -4  -3  -3    5   8   1   8   0  20  34   0   2   0   3   8   0   0   0   9   2   0   0   0  0.60 0.29
  244 M    -2   2   0  -2  -3   2   0  -3  -2   0   1   1   3   0   0   0   0  -3  -2   0    0  13   5   0   0  12   6   0   0   3  15  10  11   3   5   5   4   0   0   6  0.17 0.14
  245 V    -1  -2  -1  -3   2  -2  -1  -4  -1   2   3  -2   2  -1  -3  -1  -2  -3  -1   2    2   2   3   0   4   1   6   0   2  10  42   1   5   0   0   6   0   0   1  15  0.34 0.20
  246 V    -1   1  -1  -1  -1   2   1  -2  -1   0   0   2   1  -2   0   1   0  -3  -1   0    2   7   2   2   2  11   7   2   0   7  10  16   5   0   3  10   5   0   2   5  0.10 0.09
  247 P     0   1   1   0   1   2   2  -2   0  -3  -2   0  -2  -3   1   1   0   0  -2  -2    6   9   7   3   5  10  21   2   2   0   4   5   0   0   7  10   6   2   0   2  0.22 0.13
  248 V     0  -1  -1  -2  -2   0   0  -3   2   1   2   0   1  -1  -1   0   0  -3  -1   1    8   1   3   0   0   5   5   0   7   6  28   4   3   0   2   6   4   0   2  16  0.13 0.12
  249 I     0   1  -1  -1   0   0  -1  -2   0   0   0   1   1  -1  -2   0   1   0   1   0    8   8   2   3   2   4   2   2   2   5  11   9   6   0   0   6  13   1   7   9  0.05 0.08
  250 I     0   0   1  -1  -2   1   1   1  -2  -1   0   1   0  -2   1   0   0  -3  -2  -1    9   5   9   0   0   6   9  11   0   4  14   9   3   0   7   4   4   0   0   4  0.09 0.08
  251 R     0   0   0  -1   0   1   3  -1   0  -1  -1   1   1  -3   2   0   0  -3  -3  -2    6   5   4   0   3   6  23   4   2   3   4   8   6   0  14   5   5   0   0   2  0.24 0.15
  252 K     1   1   2  -1  -3   1   0   1  -2  -2  -1   1   0  -3   1   1   0  -3  -2   0   11  11  12   0   0   5   4  12   0   0   4  11   3   0   7   9   5   0   0   8  0.15 0.10
  253 T     0  -1  -1   0   4   1   1   0  -2  -2  -2  -1   0  -3   1   2   0  -4  -3  -1    7   2   2   4  14   9  10   5   0   0   1   0   3   0   8  23   6   0   0   6  0.30 0.19
  254 S    -2   1   0   0  -4   2   1  -3  -2  -4  -4   3  -3  -2   3   1  -1  -4  -3  -2    0   8   4   5   0   8   8   0   0   0   0  30   0   2  20  10   3   0   0   2  0.53 0.24
  255 A    -1   3  -1  -2   1  -1   1  -1  -2  -2   1   2  -1   0  -3   0   0  -3  -2  -2    3  19   2   0   3   0   9   5   0   0  21  19   0   5   0  10   5   0   0   0  0.20 0.16
  256 R    -1   4   2   0  -4   1   0  -3   1  -1  -3   3  -2   0  -3   0  -2   0  -2  -1    3  32  10   3   0   4   5   0   3   4   0  19   0   4   0   6   0   1   0   3  0.40 0.20
  257 D    -1   1  -1   1   4   2   0  -3  -2  -3  -3   2  -1  -3  -1   0   1   2  -2  -1    4   6   0  12  13  12   4   0   0   0   0  21   2   0   2   8  10   4   0   3  0.31 0.17
  258 L    -1   0  -4  -4  -2  -3  -3  -4  -3   3   4  -3   2  -1  -3  -1  -2  -3  -2   0    5   7   0   0   0   0   0   0   0  24  55   0   4   0   0   4   0   0   0   0  0.56 0.22
  259 R     1   5   1  -2  -3   2  -1  -3  -2  -4  -3   0   0  -4  -3   2  -2  -4  -3  -3   11  54   5   0   0  11   0   0   0   0   0   0   2   0   0  16   0   0   0   0  0.75 0.25
  260 R    -2   5  -2   1  -4   4  -1  -3  -1  -4  -3   0  -2  -4   1  -2  -2  -4  -3  -2    0  56   0   7   0  28   0   0   0   0   0   0   0   0   6   0   0   0   0   4  0.91 0.26
  261 T    -1  -2   0   1  -2  -1  -1  -2  -2  -2  -2  -2   0  -3  -2   3   5  -4  -3  -2    0   0   3   8   0   0   0   0   0   0   0   0   4   0   0  23  62   0   0   0  0.70 0.21
  262 N     0  -1   1  -1  -2  -1  -1   1   3   0   0   0  -1  -2   2   1  -1  -3  -1  -1    4   0   7   0   0   0   2  14  15   8  14   5   0   0  11  18   0   0   0   0  0.18 0.08
  263 S    -1  -2  -1  -2  -2  -2  -2  -2  -2  -2  -2  -2  -2  -3  -2   4   4  -4  -3   0    0   0   0   0   0   0   0   0   0   0   0   0   0   0   0  43  49   0   0   8  0.71 0.22
  264 M     3  -3  -2  -3   5  -2  -3   2  -3  -1   0  -2   1  -2  -2  -1  -1  -3  -3  -1   39   0   0   0  23   0   0  18   0   0  14   0   5   0   0   0   0   0   0   0  0.48 0.13
  265 E    -1  -2  -2  -1  -3  -1   1   0  -2  -3  -3  -1   1  -3   6   1  -1  -4  -3  -3    0   0   0   0   0   0  15   8   0   0   0   0   6   0  56  16   0   0   0   0  1.05 0.12
  266 W    -3  -4  -4  -5  -3  -3  -4  -4  -3  -3  -2  -4  -2   4  -5  -4  -3  11   1  -3    0   0   0   0   0   0   0   0   0   0   0   0   0  21   0   0   0  79   0   0  2.50 0.21

                      K         Lambda
Standard Ungapped    0.1268     0.3125
Standard Gapped      0.0335     0.2670
PSI Ungapped         0.1095     0.3177
PSI Gapped           0.0335     0.2670
