A	0.0	0.0	0.0005773813189260895	0.0	0.0	0.0	0.00032251339794452257	0.0	0.0003544327737526979	0.0005516960316863045	0.0	0.00028028405920195297	0.0007830706425171289	0.0003273503072491684	0.0	0.00016358276901284267	0.00046385381428397225	0.0002768407871774779	0.0002006189721821384	0.0006027473073457745	0.0	0.0002749397602258563	0.0	0.0	0.0	0.0	0.00023128012942326257	0.0001606231568870868	0.00045450012222777075	0.000613278031566522	0.0003551330886106818	0.000344036765678528	0.0001334353702951337	0.00039729623085177357	0.0	0.0003098779339926194	0.0002561509360418132	0.0005612206496154147	0.00041805198831847904	0.0003400950872497477	0.0001759194221049001	0.0	0.0002649196929187648	0.00010641381740152574	0.0	0.0	0.00020276706682567953	0.00012468387088427406	7.94889199021971e-05	0.00020149628464572218
C	0.0006858863567871982	0.0	0.0	0.0	0.00035511060119931674	0.0	0.0	0.0	0.0	0.0	0.0	0.0	0.0	0.0	0.0	0.0	0.0	0.0	0.0	0.00015068682683644363	0.0	0.0002749397602258563	0.0	0.0	0.0	0.0	0.0	0.0001606231568870868	0.00011362503055694269	0.0	0.0001775665443053409	0.0	0.0	0.0	0.0	0.0	0.0	0.0	0.0	0.0	0.0001759194221049001	0.0	0.0	0.0	0.0	9.438921529391413e-05	0.0	0.0	0.0	0.00010074814232286109
D	0.0006858863567871982	0.0	0.0005773813189260895	0.0005209172803374172	0.0	0.0	0.0	0.0	0.0	0.001103392063372609	0.0002576613595715038	0.0	0.00039153532125856444	0.0	0.0	0.0	0.0	0.0002768407871774779	0.0002006189721821384	0.00015068682683644363	0.0	0.0	0.0	0.00014124586155646784	0.0	0.0	0.0	0.0	0.0	0.0	0.0	0.000172018382839264	0.0	0.0	0.00011572211223620201	0.0001549389669963097	0.0	0.0	0.0	0.0	0.0	0.0	0.0	0.0	0.00011088387985842597	9.438921529391413e-05	0.0	0.0	7.94889199021971e-05	0.00010074814232286109
E	0.0	0.0006229858115264096	0.0005773813189260895	0.0005209172803374172	0.0	0.0	0.00032251339794452257	0.0004130342109504951	0.0	0.0	0.0	0.00028028405920195297	0.0	0.0003273503072491684	0.0	0.00016358276901284267	0.00023192690714198612	0.0	0.0002006189721821384	0.00030137365367288727	0.0004262974559593766	0.0002749397602258563	0.000367899268200405	0.0004237375846694036	0.0	0.0	0.00023128012942326257	0.0	0.0	0.0001533195078916305	0.0	0.0	0.0001334353702951337	9.932405771294339e-05	0.00011572211223620201	0.0003098779339926194	0.0001280754680209066	0.00037414709974360977	0.00010451299707961976	8.502377181243692e-05	0.0005277582663147004	0.00014174990090137167	0.0	0.00021282763480305147	0.00011088387985842597	0.00018877843058782827	0.0006083012004770386	0.00024936774176854813	0.00023846675970659129	0.0
F	0.0	0.0012459716230528192	0.0	0.0	0.00035511060119931674	0.00035555857869104844	0.0	0.0008260684219009902	0.0	0.0005516960316863045	0.0	0.0	0.0	0.0	0.0	0.0	0.0	0.0	0.0	0.0	0.0004262974559593766	0.0	0.0	0.00014124586155646784	0.00044769616417671284	0.0004138532407738155	0.0	0.0	0.00011362503055694269	0.000306639015783261	0.0	0.0	0.0001334353702951337	0.0	0.00011572211223620201	0.0	0.0	0.0	0.0	0.00017004754362487384	0.0	0.0	0.0	0.0	0.00011088387985842597	0.0	0.0	0.0	7.94889199021971e-05	0.0
G	0.0	0.0006229858115264096	0.0	0.0	0.00035511060119931674	0.00035555857869104844	0.0	0.0	0.0010632983212580938	0.0	0.0005153227191430076	0.0	0.0	0.0	0.0	0.0	0.00023192690714198612	0.0002768407871774779	0.0	0.0	0.0	0.0002749397602258563	0.000367899268200405	0.00014124586155646784	0.00022384808208835642	0.0	0.00046256025884652515	0.0003212463137741736	0.0	0.0	0.0	0.0	0.0	0.0	0.00011572211223620201	0.0	0.0	0.0	0.0	0.0	0.0	0.0	0.0	0.0	0.00011088387985842597	0.00018877843058782827	0.00020276706682567953	0.00012468387088427406	0.0001589778398043942	0.0
H	0.0	0.0	0.0	0.0	0.0	0.0	0.0006450267958890451	0.0004130342109504951	0.0	0.0	0.0	0.0	0.0	0.0	0.0	0.0	0.0	0.0	0.0	0.0	0.0002131487279796883	0.0	0.0	0.0	0.00022384808208835642	0.0	0.0	0.0	0.0	0.0	0.0	0.0	0.0001334353702951337	9.932405771294339e-05	0.0	0.0	0.0	0.0	0.00010451299707961976	0.0	0.0	7.087495045068583e-05	0.0001324598464593824	0.0	0.0	0.0	0.0	0.00024936774176854813	0.0	0.0
I	0.0	0.0	0.0	0.0	0.0	0.0	0.0	0.0	0.0003544327737526979	0.0005516960316863045	0.0	0.0	0.0	0.0001636751536245842	0.0	0.0	0.00046385381428397225	0.0005536815743549558	0.0	0.0	0.0004262974559593766	0.0	0.0	0.0	0.0	0.0	0.0	0.0	0.00022725006111388538	0.0	0.0	0.000344036765678528	0.0001334353702951337	0.0	0.0	0.0001549389669963097	0.0001280754680209066	0.0	0.0	8.502377181243692e-05	0.0	0.0	0.0	0.0	0.0	0.0002831676458817424	0.0	0.0	0.0	0.00010074814232286109
K	0.0	0.0006229858115264096	0.0005773813189260895	0.0	0.0	0.00035555857869104844	0.0	0.0	0.0003544327737526979	0.001103392063372609	0.0005153227191430076	0.0005605681184039059	0.0	0.0	0.00013481604339012846	0.0	0.0	0.0	0.0	0.00015068682683644363	0.0	0.0	0.000367899268200405	0.0	0.00044769616417671284	0.000827706481547631	0.00046256025884652515	0.0003212463137741736	0.0	0.0	0.0003551330886106818	0.0	0.0	9.932405771294339e-05	0.0	0.0	0.0002561509360418132	0.0	0.00010451299707961976	0.0	0.0003518388442098002	7.087495045068583e-05	0.0	0.00010641381740152574	0.00011088387985842597	0.0	0.0	0.0	0.0	0.00010074814232286109
L	0.0006858863567871982	0.0	0.0005773813189260895	0.0010418345606748344	0.0010653318035979502	0.0010666757360731454	0.00032251339794452257	0.0004130342109504951	0.0010632983212580938	0.0005516960316863045	0.0002576613595715038	0.0005605681184039059	0.0015661412850342578	0.0001636751536245842	0.0	0.0	0.00046385381428397225	0.0	0.0	0.0	0.0	0.0	0.000367899268200405	0.0	0.0	0.000827706481547631	0.00046256025884652515	0.0	0.00011362503055694269	0.0001533195078916305	0.0	0.000172018382839264	0.0	9.932405771294339e-05	0.00023144422447240402	0.0	0.0	0.00018707354987180488	0.0	0.0	0.0	0.0	0.0	0.0	0.00011088387985842597	0.0	0.0	0.0003740516126528222	0.0	0.00010074814232286109
M	0.0	0.0	0.0005773813189260895	0.0	0.0	0.0	0.00032251339794452257	0.0	0.0	0.0	0.0	0.0	0.00039153532125856444	0.0	0.0002696320867802569	0.00016358276901284267	0.0	0.0	0.0002006189721821384	0.0	0.0	0.0002749397602258563	0.000367899268200405	0.0	0.0	0.0	0.0	0.0	0.0	0.0	0.0001775665443053409	0.0	0.0	0.0	0.00011572211223620201	0.0	0.0	0.0	0.0	0.0	0.0001759194221049001	7.087495045068583e-05	0.0	0.0	0.0	0.0	0.0	0.0	0.0	0.0
N	0.002743545427148793	0.0	0.0005773813189260895	0.0005209172803374172	0.0010653318035979502	0.0	0.0	0.0	0.0003544327737526979	0.001103392063372609	0.0005153227191430076	0.0	0.0	0.0001636751536245842	0.0002696320867802569	0.0	0.00023192690714198612	0.0	0.0004012379443642768	0.0	0.0002131487279796883	0.0	0.0	0.0	0.00044769616417671284	0.0	0.00023128012942326257	0.0003212463137741736	0.00011362503055694269	0.000306639015783261	0.0	0.0	0.0001334353702951337	9.932405771294339e-05	0.0	0.0003098779339926194	0.0001280754680209066	0.00018707354987180488	0.00020902599415923952	0.00017004754362487384	0.0003518388442098002	0.0	0.0001324598464593824	0.00021282763480305147	0.0	0.0	0.00020276706682567953	0.00012468387088427406	0.0	0.00010074814232286109
P	0.0	0.0012459716230528192	0.0	0.0005209172803374172	0.0	0.0	0.00032251339794452257	0.0004130342109504951	0.0	0.0	0.0002576613595715038	0.00028028405920195297	0.0	0.0	0.00013481604339012846	0.00016358276901284267	0.0	0.0	0.0	0.00015068682683644363	0.0002131487279796883	0.0	0.0011036978046012151	0.0002824917231129357	0.00022384808208835642	0.000827706481547631	0.0	0.0001606231568870868	0.0	0.0	0.0	0.000172018382839264	0.0	0.0	0.0	0.0001549389669963097	0.0001280754680209066	0.0	0.00010451299707961976	8.502377181243692e-05	0.0	0.0	0.0002649196929187648	0.00021282763480305147	0.00033265163957527794	0.0002831676458817424	0.00040553413365135906	0.0	0.0001589778398043942	0.0003022444269685833
Q	0.0	0.0	0.0	0.0	0.0	0.00035555857869104844	0.0	0.0004130342109504951	0.0	0.0	0.0	0.000840852177605859	0.00039153532125856444	0.0001636751536245842	0.00013481604339012846	0.0	0.0	0.0013842039358873898	0.0	0.0	0.0	0.0002749397602258563	0.0	0.0	0.0	0.0	0.0	0.0	0.00022725006111388538	0.0	0.0	0.000516055148517792	0.0	9.932405771294339e-05	0.0	0.0	0.00038422640406271985	0.0	0.0	0.0	0.0	0.0	0.0	0.00010641381740152574	0.0	0.0	0.0	0.0	7.94889199021971e-05	0.0
R	0.0	0.0018689574345792288	0.0017321439567782686	0.0	0.0	0.0	0.00032251339794452257	0.0008260684219009902	0.0003544327737526979	0.0005516960316863045	0.0002576613595715038	0.00028028405920195297	0.0	0.0	0.0	0.00032716553802568534	0.0	0.0	0.0	0.0	0.0	0.0	0.00073579853640081	0.0	0.00044769616417671284	0.000827706481547631	0.0	0.0	0.0	0.0001533195078916305	0.0001775665443053409	0.0	0.0	9.932405771294339e-05	0.00011572211223620201	0.0	0.0	0.0005612206496154147	0.0	0.0	0.0	0.0	0.0001324598464593824	0.0	0.0	0.0	0.0	0.0	0.0	0.0
S	0.0	0.0	0.0	0.002083669121349669	0.0007102212023986335	0.0007111171573820969	0.0006450267958890451	0.0008260684219009902	0.0	0.0005516960316863045	0.0	0.00028028405920195297	0.0007830706425171289	0.0001636751536245842	0.0	0.0008179138450642133	0.00023192690714198612	0.0002768407871774779	0.0	0.0	0.0	0.0	0.0	0.0002824917231129357	0.0	0.0	0.00046256025884652515	0.0003212463137741736	0.0	0.0	0.0001775665443053409	0.000172018382839264	0.00040030611088540113	0.0	0.00011572211223620201	0.0003098779339926194	0.0	0.00037414709974360977	0.0	0.0	0.0001759194221049001	7.087495045068583e-05	0.0002649196929187648	0.00021282763480305147	0.00022176775971685195	0.0	0.0006083012004770386	0.00012468387088427406	7.94889199021971e-05	0.0
T	0.002057659070361595	0.0006229858115264096	0.0005773813189260895	0.0010418345606748344	0.00035511060119931674	0.0007111171573820969	0.0006450267958890451	0.0	0.0	0.0	0.0	0.0	0.00039153532125856444	0.0001636751536245842	0.00040444813017038544	0.0	0.0	0.0002768407871774779	0.0004012379443642768	0.00015068682683644363	0.0002131487279796883	0.0005498795204517126	0.0	0.00014124586155646784	0.0	0.000827706481547631	0.0	0.0001606231568870868	0.0	0.0001533195078916305	0.0005326996329160227	0.0	0.0002668707405902674	0.0	0.00034716633670860603	0.0	0.0	0.0	0.00020902599415923952	0.0	0.0	0.00028349980180274333	0.0002649196929187648	0.0	0.0	0.0	0.00020276706682567953	0.0	0.0	0.00010074814232286109
V	0.0	0.0006229858115264096	0.0	0.0	0.0	0.0	0.0	0.0	0.0	0.0	0.0	0.0	0.0	0.0	0.0	0.00016358276901284267	0.00023192690714198612	0.0	0.0006018569165464153	0.00015068682683644363	0.0004262974559593766	0.0002749397602258563	0.0	0.00014124586155646784	0.0	0.0004138532407738155	0.00023128012942326257	0.0	0.0	0.0	0.0	0.0	0.0001334353702951337	9.932405771294339e-05	0.0	0.0	0.0	0.0	0.0	8.502377181243692e-05	0.0001759194221049001	0.0	0.0	0.0	0.00011088387985842597	0.0	0.0	0.0	0.0	0.0
W	0.0006858863567871982	0.0	0.0005773813189260895	0.0	0.0	0.00035555857869104844	0.0	0.0	0.0003544327737526979	0.0	0.0005153227191430076	0.0	0.0	0.0003273503072491684	0.0002696320867802569	0.0	0.00023192690714198612	0.0	0.0	0.0	0.0	0.0	0.0	0.0	0.0	0.0	0.0	0.0	0.0	0.0	0.0	0.000172018382839264	0.0	0.0	0.0	0.0	0.0	0.0	0.0	0.0	0.0	0.0	0.0	0.0	0.0	0.0	0.0	0.0	0.0	0.0
Y	0.0006858863567871982	0.0	0.0	0.0	0.0	0.0	0.0	0.0004130342109504951	0.0	0.0	0.0	0.0	0.0	0.0	0.0	0.0	0.0	0.0	0.0002006189721821384	0.0	0.0	0.0008248192806775689	0.00073579853640081	0.0	0.00022384808208835642	0.0	0.0	0.0	0.0	0.0	0.0001775665443053409	0.0	0.0	0.0	0.0	0.0001549389669963097	0.0001280754680209066	0.0	0.0	0.0	0.0	0.00014174990090137167	0.0001324598464593824	0.00010641381740152574	0.0	0.0	0.0	0.00012468387088427406	0.0	0.0
