A	0.0	0.0007313936284475038	0.002583136415916343	0.0006920041922360779	0.0014961088438667502	0.0	0.0	0.0004695926554807685	0.0008649264358050838	0.0007926660043262343	0.0004253038351297435	0.0010897949917535084	0.0013523807058436847	0.0004481240565877472	0.00036753505537865137	0.0004475474742699801	0.0001005412572873152	0.0	0.0003896896586643223	0.0011531760258678598	0.0007425141980303326	0.0	0.0005911574175218037	0.0006040054937055147	0.00034940701706932033	0.0017676530904837348	0.00016557363989406278	0.0	0.0	0.0	0.000983598382111209	0.0006054293239088441	0.0010477532629183707	0.0	0.0	0.00019753646179761374	0.0	0.0	0.0003507124869885266	0.00035213044288825524	0.0004963639545733028	0.0006094398488499735	0.0	0.0	0.000833305458936851	0.0006040473554675777	0.000861449449735957	0.00029595729939886856	0.0	0.0004268657828826114
C	0.0	0.0	0.0	0.0	0.0	0.0010270443332852529	0.0	0.0	0.0	0.0	0.0	0.0005448974958767542	0.0	0.0	0.0	0.0	0.0	0.0	0.0	0.0	0.0	0.0	0.0	0.0	0.0	0.0	0.0	0.0	0.0	0.0	0.0	0.0	0.0	0.0006636789595199258	0.0002602569633902974	0.0	0.0	0.0	0.0	0.0	0.0	0.0	0.0	0.0	0.0	0.0	0.0	0.0	0.0	0.0
D	0.0	0.0014627872568950076	0.002583136415916343	0.0006920041922360779	0.0007480544219333751	0.0010270443332852529	0.0	0.0	0.0	0.0011889990064893514	0.0	0.0005448974958767542	0.0	0.0	0.0	0.0	0.0	0.0002249877671904383	0.0	0.0003843920086226199	0.0	0.000649128663622082	0.0011823148350436075	0.0	0.0	0.0	0.0	0.00015555335783637745	0.0002425473792632508	0.00026948406237205236	0.0	0.0	0.0	0.0	0.0	0.0	0.0	0.0	0.0007014249739770532	0.001408521771553021	0.0002481819772866514	0.0006094398488499735	0.0009122444296544389	0.00045902586418195614	0.0	0.0	0.0	0.0	0.0002927752593178717	0.0
E	0.0	0.0014627872568950076	0.0	0.0	0.0	0.0	0.0009082897524497449	0.0004695926554807685	0.0004324632179025419	0.0007926660043262343	0.000850607670259487	0.0010897949917535084	0.0	0.0004481240565877472	0.00036753505537865137	0.0	0.0001005412572873152	0.0002249877671904383	0.0	0.0	0.000495009465353555	0.000649128663622082	0.0	0.0	0.0	0.0004419132726209337	0.0	0.0	0.0	0.0	0.0	0.0	0.00034925108763945686	0.0	0.0005205139267805948	0.0003950729235952275	0.0	0.00026438610459232777	0.0	0.00035213044288825524	0.0002481819772866514	0.00030471992442498676	0.0	0.0	0.0	0.0	0.0	0.00029595729939886856	0.0	0.0
F	0.0	0.0	0.0	0.0	0.0007480544219333751	0.0	0.0	0.0004695926554807685	0.0	0.0	0.0004253038351297435	0.0	0.0	0.0	0.00036753505537865137	0.0	0.0	0.0	0.0	0.0	0.0	0.00021637622120736065	0.0	0.0	0.0	0.0004419132726209337	0.00016557363989406278	0.00015555335783637745	0.0002425473792632508	0.0005389681247441047	0.00024589959552780225	0.0	0.0	0.0	0.0002602569633902974	0.0	0.0002820513818576211	0.0	0.0003507124869885266	0.0	0.0	0.0	0.0	0.0	0.0	0.0	0.0	0.0	0.0	0.0
G	0.0	0.0007313936284475038	0.0008610454719721142	0.0	0.0007480544219333751	0.0005135221666426264	0.0	0.0	0.0	0.0	0.0004253038351297435	0.0005448974958767542	0.0	0.0004481240565877472	0.0	0.0006713212114049701	0.0	0.0	0.0	0.0	0.0	0.0	0.00029557870876090186	0.0006040054937055147	0.001048221051207961	0.0	0.00016557363989406278	0.00046666007350913236	0.0007276421377897524	0.00026948406237205236	0.0004917991910556045	0.00020180977463628134	0.0006985021752789137	0.0009955184392798886	0.0005205139267805948	0.000790145847190455	0.0005641027637152422	0.00026438610459232777	0.0003507124869885266	0.0	0.0002481819772866514	0.0	0.0	0.0	0.00027776848631228364	0.0004026982369783851	0.0	0.00029595729939886856	0.0	0.0
H	0.0	0.0	0.0	0.0	0.0	0.0	0.0	0.0	0.0	0.0	0.0004253038351297435	0.0	0.0	0.0004481240565877472	0.0	0.0	0.0	0.0	0.0	0.0	0.0	0.0	0.0	0.0	0.0	0.0	0.0	0.00015555335783637745	0.0	0.0	0.0	0.0	0.0006985021752789137	0.0	0.0	0.0003950729235952275	0.0	0.0	0.0	0.0	0.0	0.0	0.0	0.0	0.0	0.00020134911848919255	0.0	0.0	0.0	0.0
I	0.0	0.0	0.0008610454719721142	0.0	0.0	0.0	0.0	0.0	0.0	0.0	0.0	0.0	0.0	0.0	0.0	0.00022377373713499004	0.0001005412572873152	0.0	0.0	0.0	0.0002475047326767775	0.00021637622120736065	0.0	0.0	0.0006988140341386407	0.0	0.00033114727978812556	0.0	0.0	0.0005389681247441047	0.0	0.0	0.0	0.0	0.0	0.0	0.0005641027637152422	0.0	0.0	0.0	0.0002481819772866514	0.00030471992442498676	0.0	0.00045902586418195614	0.0	0.00020134911848919255	0.0	0.0	0.0	0.0
K	0.0	0.0	0.003444181887888457	0.0006920041922360779	0.0	0.0	0.0	0.0	0.0	0.0	0.0	0.0	0.0	0.0004481240565877472	0.0007350701107573027	0.00022377373713499004	0.0	0.0002249877671904383	0.0	0.0003843920086226199	0.000495009465353555	0.00021637622120736065	0.0	0.00030200274685275737	0.00034940701706932033	0.0	0.00016557363989406278	0.0	0.0	0.0	0.0	0.0	0.0	0.0	0.0	0.0	0.0	0.00026438610459232777	0.0	0.0	0.0	0.0	0.00045612221482721943	0.0	0.0	0.0	0.0	0.0005919145987977371	0.0	0.0
L	0.0	0.0	0.0	0.0013840083844721559	0.0014961088438667502	0.0	0.0	0.0	0.0	0.0	0.0	0.0	0.0	0.0	0.00036753505537865137	0.0	0.0002010825145746304	0.0	0.0007793793173286446	0.0007687840172452399	0.0	0.0	0.0	0.0009060082405582722	0.00034940701706932033	0.0008838265452418674	0.00016557363989406278	0.0	0.0	0.00026948406237205236	0.00024589959552780225	0.00020180977463628134	0.00034925108763945686	0.0003318394797599629	0.0002602569633902974	0.0	0.0005641027637152422	0.0	0.0007014249739770532	0.0	0.0007445459318599542	0.0	0.00045612221482721943	0.0	0.0	0.0	0.0005742996331573047	0.0	0.0	0.0
M	0.01408210036240328	0.0014627872568950076	0.0	0.0013840083844721559	0.0	0.0005135221666426264	0.00045414487622487247	0.0004695926554807685	0.0	0.00039633300216311714	0.0	0.0	0.0004507935686145616	0.0	0.0	0.0	0.0	0.0	0.0	0.0007687840172452399	0.0	0.0	0.0	0.0	0.00034940701706932033	0.0	0.0	0.0	0.0	0.0	0.0	0.0	0.00034925108763945686	0.0	0.0002602569633902974	0.0	0.0002820513818576211	0.0	0.0	0.0	0.0	0.00030471992442498676	0.0	0.0	0.0	0.0	0.0	0.0	0.0	0.0002134328914413057
N	0.0	0.0	0.0	0.0	0.0014961088438667502	0.0	0.0009082897524497449	0.0	0.0004324632179025419	0.0	0.0004253038351297435	0.0005448974958767542	0.0	0.0	0.00036753505537865137	0.0	0.0	0.0002249877671904383	0.0	0.0	0.0002475047326767775	0.0	0.0	0.0	0.00034940701706932033	0.0	0.0	0.00046666007350913236	0.0	0.00026948406237205236	0.0	0.0006054293239088441	0.0	0.0003318394797599629	0.0002602569633902974	0.0	0.0002820513818576211	0.00026438610459232777	0.0007014249739770532	0.0	0.0	0.0	0.00045612221482721943	0.0	0.0	0.0	0.0	0.0	0.0002927752593178717	0.0
P	0.0	0.0	0.0	0.0	0.0007480544219333751	0.0005135221666426264	0.00045414487622487247	0.001878370621923074	0.0004324632179025419	0.0	0.0	0.0005448974958767542	0.0009015871372291232	0.0008962481131754944	0.0007350701107573027	0.0006713212114049701	0.0003016237718619456	0.0002249877671904383	0.0007793793173286446	0.0	0.0	0.0	0.00029557870876090186	0.00030200274685275737	0.0	0.0	0.00016557363989406278	0.0	0.0	0.0	0.0	0.0	0.0	0.0003318394797599629	0.0	0.0	0.0	0.0005287722091846555	0.0	0.0	0.0002481819772866514	0.0	0.0	0.0006885387962729342	0.00027776848631228364	0.0004026982369783851	0.0005742996331573047	0.0005919145987977371	0.0005855505186357434	0.0002134328914413057
Q	0.0	0.0	0.0	0.0013840083844721559	0.0	0.0010270443332852529	0.00045414487622487247	0.0004695926554807685	0.0012973896537076257	0.00039633300216311714	0.0004253038351297435	0.0	0.0004507935686145616	0.0	0.0	0.0	0.0001005412572873152	0.0	0.0	0.0	0.0	0.0	0.0	0.0	0.0	0.0	0.0	0.0	0.0	0.0	0.0	0.0	0.0	0.0	0.0	0.0	0.0	0.0	0.0003507124869885266	0.0	0.0002481819772866514	0.0	0.0	0.00022951293209097807	0.0	0.0	0.0	0.00029595729939886856	0.0	0.0002134328914413057
R	0.0	0.0	0.0	0.0006920041922360779	0.0007480544219333751	0.0	0.0	0.0004695926554807685	0.0	0.0	0.0004253038351297435	0.0005448974958767542	0.0	0.0008962481131754944	0.00036753505537865137	0.00022377373713499004	0.0	0.0002249877671904383	0.0007793793173286446	0.0	0.0002475047326767775	0.0	0.0	0.0	0.00034940701706932033	0.0008838265452418674	0.00016557363989406278	0.0	0.0004850947585265016	0.0	0.0004917991910556045	0.0	0.0	0.0	0.0	0.0	0.0	0.00026438610459232777	0.0	0.0	0.0	0.0	0.0009122444296544389	0.00022951293209097807	0.00027776848631228364	0.0	0.00028714981657865235	0.0	0.0008783257779536152	0.0
S	0.0	0.0	0.0	0.0006920041922360779	0.0	0.0005135221666426264	0.0009082897524497449	0.000939185310961537	0.0012973896537076257	0.0011889990064893514	0.000850607670259487	0.0	0.0009015871372291232	0.0008962481131754944	0.0	0.00022377373713499004	0.0002010825145746304	0.0008999510687617532	0.0003896896586643223	0.0007687840172452399	0.0	0.0004327524424147213	0.0008867361262827056	0.0009060082405582722	0.00034940701706932033	0.0	0.0004967209196821883	0.00046666007350913236	0.0004850947585265016	0.0008084521871161571	0.0004917991910556045	0.0004036195492725627	0.0006985021752789137	0.0006636789595199258	0.0002602569633902974	0.00019753646179761374	0.0	0.00026438610459232777	0.0003507124869885266	0.001408521771553021	0.0	0.0006094398488499735	0.0018244888593088777	0.0006885387962729342	0.0013888424315614183	0.0004026982369783851	0.0005742996331573047	0.0005919145987977371	0.0002927752593178717	0.0002134328914413057
T	0.0	0.0	0.0	0.0	0.0007480544219333751	0.0	0.0009082897524497449	0.0	0.0	0.0	0.0	0.0	0.0	0.0	0.00036753505537865137	0.0	0.0001005412572873152	0.0	0.0007793793173286446	0.0003843920086226199	0.0	0.0	0.0	0.0	0.0	0.0	0.0	0.0	0.0	0.00026948406237205236	0.0	0.00020180977463628134	0.0	0.0	0.0	0.00019753646179761374	0.0	0.0	0.0	0.0	0.0	0.0	0.00045612221482721943	0.0	0.0	0.0	0.0	0.0	0.0	0.0006402986743239171
V	0.0	0.0014627872568950076	0.0	0.0006920041922360779	0.0	0.0010270443332852529	0.00045414487622487247	0.0	0.0004324632179025419	0.0	0.0004253038351297435	0.0010897949917535084	0.0013523807058436847	0.0004481240565877472	0.0	0.0	0.0	0.0	0.0003896896586643223	0.0	0.0002475047326767775	0.00021637622120736065	0.00029557870876090186	0.0	0.0	0.0004419132726209337	0.0	0.0	0.0	0.0	0.0	0.0	0.0	0.0006636789595199258	0.0005205139267805948	0.00019753646179761374	0.0008461541455728633	0.0	0.0003507124869885266	0.00035213044288825524	0.0002481819772866514	0.0009141597732749603	0.0	0.0	0.0	0.00020134911848919255	0.0	0.0005919145987977371	0.0011711010372714868	0.0004268657828826114
W	0.0	0.0014627872568950076	0.0	0.0	0.0	0.0	0.0	0.0	0.0	0.0	0.0	0.0	0.0	0.0	0.0	0.0	0.0	0.0004499755343808766	0.0003896896586643223	0.0	0.0	0.0	0.0	0.0	0.0	0.0	0.0	0.0	0.0	0.0	0.0	0.0	0.0	0.0	0.0	0.0	0.0	0.0005287722091846555	0.0	0.0	0.0	0.0	0.0	0.0	0.0	0.0	0.0	0.0	0.0	0.0002134328914413057
Y	0.0	0.0	0.0	0.0	0.0	0.0	0.0	0.0	0.0	0.0	0.0	0.0	0.0	0.0	0.00036753505537865137	0.0	0.0	0.0	0.0	0.0	0.0002475047326767775	0.0	0.0	0.0	0.0	0.0004419132726209337	0.0	0.0	0.0007276421377897524	0.0	0.0	0.00020180977463628134	0.0	0.0	0.0	0.0	0.0	0.0005287722091846555	0.0	0.00035213044288825524	0.0	0.0	0.0	0.0	0.00027776848631228364	0.0	0.0005742996331573047	0.0	0.0	0.0
