0.38411833852967786
0.30302020244964795
0.46599131522621245
0.7662975902682408
0.3595851001367888
0.41705822552795163
0.3974486050049241
0.4913755850268956
0.263394223877632
0.6595866483664207
0.31739627444079893
0.3843523524200915
0.6878669247995318
0.4624011297032448
0.5548199606774505
0.42318541444339675
0.35285263613714146
0.4720948827709276
0.6096087286624443
0.6146100826406502
0.5317645324161642
0.390290054814274
0.549973158899119
0.7738836515118392
1.3656434157221413
0.7356304025734092
0.4555278996570622
1.187865623926654
0.8720442871559423
0.6634834677805317
0.4565044310209568
0.5996733383638817
0.8131921384859067
0.6679953927971811
0.455782850243491
0.3672294381504672
0.43150314703353887
0.9988776870401908
0.6994811958831973
0.6152745873308398
1.2743992641021447
0.7853399639995872
0.8915664867025644
0.6662336775236776
0.7023218513076575
0.6757856322329223
0.944862242073303
0.9992628616364597
1.0205467670518287
1.080636659008044
