0.756355870431375
0.7122813487214157
0.9735213715842299
0.854156210631397
0.990486622677095
0.7273347128359138
0.6793307579713852
0.7411929342389495
0.7126514153297965
0.6807416083196183
0.7581645695027249
0.9975998393996008
0.8629786968773823
0.8812657559392267
0.7455548527977502
0.46686209372912113
0.21639311142063403
0.5014541153136065
0.8921146784426349
0.8999339255085191
0.6010894126813248
0.5345416679139902
0.7319043914046034
0.7687312795628605
0.9159167487626418
1.1873486427412128
0.4541234792319191
0.4319983616977045
0.6853337235271334
0.7725400301998694
0.7182070789662741
0.5986315736925157
1.0403794582816215
1.0174208172547874
0.80945663959309
0.6213640587460357
0.8949392268814603
0.8501421296886822
1.1443733254843909
1.156876321894599
0.8253368092161937
1.0132056778634801
1.5592241684912718
0.7912792871677784
0.9639172936307429
0.70409759554018
0.9884885647047976
1.0543152267567106
1.0477004193477613
0.7586286746259204
