0.7640613761573994
0.9094993046376885
0.9923672038120095
1.0111020702383287
1.2080599873381526
1.033561825701185
1.1728323040192878
1.1673373244702736
1.3664037142608116
1.3759828628475883
1.369367829313094
1.6021991795464539
1.770017667175835
1.5845608632982013
1.264649140460887
1.0375167595637078
1.4682453128159634
1.7966706084730573
1.9219666365262782
1.7250500977809613
1.2950648166713072
1.6185557008192981
1.6916549728452852
1.3220513759819583
1.6031451175117266
1.7238740658816412
1.603657316482785
1.7453175260970504
1.6460820126192433
1.4160740666570673
1.3664933574048452
1.4671110384104604
1.3898535432227144
1.139298691141323
1.5413265592424672
0.8986184118530909
1.0815634854267298
1.2681713739833103
1.4029661014068335
1.3116495323747317
1.0685895622513613
1.865694529591166
1.3758605070152277
1.4834877004061748
1.0097979615030026
0.9272511136498954
1.2747347576275418
0.812797918460264
1.0031767228192672
0.9300272122498349
