0.7881095564125196
0.9405115122059737
0.8494573402044705
0.6272133310981589
0.5965159116039787
1.1876168017694628
0.6884067284772001
0.687429001223297
0.5358295725045301
0.7943692252669875
0.7211613666198181
0.2528179442452899
0.5906347160751046
0.8975368296946706
0.8074480095259611
0.6358742886302406
0.6495554063586105
0.5942795365800944
1.0620175631403008
0.8218934096538288
0.603107391752775
0.7664363067622204
0.36133658058956153
0.4224401408018564
0.5790005538789826
0.8574615615068065
0.7999778036552699
0.8700747466537255
0.6099496580540538
0.8255236138322459
0.4478807123513401
0.7351733160651462
1.0150118017659737
0.6213707086841912
0.965297316640043
0.7047955638541816
0.8826743859455717
0.8125193803313191
0.7879819595094572
1.032938089229347
0.799045580868944
1.2091128247618383
0.909103280967064
1.054167978788483
1.092226815578083
1.2256072621596465
1.0694148032633122
0.9782873129843097
0.913586767623942
0.8273859125951069
