A	0.0	0.004976772325333483	0.0	0.0016836659738929268	0.0017715102284547658	0.0005953836309881519	0.0009679216993490479	0.002244275457869178	0.002679451295520061	0.0011910071838546236	0.0006159982539523463	0.0005657445461967935	0.0017156243001608118	0.0006935732693746212	0.0013653848113596625	0.0007619121087816709	0.0016052940203272667	0.0020652604096986693	0.0015094144454762242	0.0008534717889867122	0.0019078256761757549	0.0008821518772142904	0.0016029158030387246	0.0016670486625950762	0.0030189529834549387	0.002165071014547376	0.0006826672440221429	0.0019485697842964	0.0007077742195330903	0.0006696039078908275	0.0	0.0	0.0009076144897698585	0.0	0.000444635246998782	0.0	0.0	0.0004471671754966394	0.0	0.0	0.0003529360521217257	0.0	0.0	0.0	0.000863883786460892	0.0003689955627264409	0.0007093822038375675	0.00030527256747714854	0.00021587210648502816	0.0
C	0.0	0.0	0.0010779518341581975	0.0005612219912976423	0.0005905034094849219	0.0	0.0	0.0	0.0005358902591040121	0.0	0.0	0.0005657445461967935	0.0011437495334405412	0.0	0.0	0.0007619121087816709	0.0016052940203272667	0.0006884201365662231	0.0	0.0	0.0009539128380878774	0.0017643037544285809	0.0	0.0	0.0	0.0	0.0	0.0006495232614321334	0.0007077742195330903	0.0006696039078908275	0.0	0.0	0.00045380724488492926	0.0	0.000444635246998782	0.0007900048336649938	0.00038048343525270094	0.0004471671754966394	0.0	0.0	0.0	0.00031651870095850886	0.000391007753021947	0.0	0.000431941893230446	0.0	0.0	0.0	0.00021587210648502816	0.0004909226613065068
D	0.0	0.0	0.0	0.0	0.0	0.0	0.0	0.0	0.0	0.0	0.0	0.0	0.0005718747667202706	0.0	0.0	0.0	0.0	0.0	0.0	0.0	0.0	0.0	0.0008014579015193623	0.0016670486625950762	0.0	0.0	0.0013653344880442857	0.0	0.0014155484390661805	0.0006696039078908275	0.0	0.0006469103327611745	0.0	0.0	0.000444635246998782	0.0003950024168324969	0.0	0.0	0.0004647816301519835	0.0002952523210135819	0.0	0.0015825935047925443	0.0	0.0003235399969584316	0.0	0.0003689955627264409	0.0	0.0	0.0	0.0002454613306532534
E	0.0	0.0016589241084444943	0.0	0.0	0.0	0.0	0.00048396084967452396	0.0	0.0	0.0	0.0	0.0	0.0	0.0	0.0	0.0	0.0	0.0	0.0	0.0008534717889867122	0.0	0.0	0.0008014579015193623	0.0	0.0007547382458637347	0.0007216903381824587	0.0	0.0006495232614321334	0.0007077742195330903	0.0	0.0006461002138398215	0.0006469103327611745	0.00045380724488492926	0.0	0.000444635246998782	0.0	0.0	0.0004471671754966394	0.0	0.0005905046420271638	0.0	0.0	0.000782015506043894	0.0	0.0	0.0	0.0	0.00030527256747714854	0.00021587210648502816	0.0002454613306532534
F	0.0	0.0	0.0010779518341581975	0.0	0.0	0.0005953836309881519	0.0009679216993490479	0.0005610688644672945	0.0005358902591040121	0.0011910071838546236	0.0006159982539523463	0.0005657445461967935	0.0011437495334405412	0.0013871465387492424	0.0006826924056798312	0.0015238242175633417	0.0016052940203272667	0.0006884201365662231	0.0007547072227381121	0.0008534717889867122	0.0009539128380878774	0.0	0.0008014579015193623	0.0	0.0	0.0	0.0	0.0	0.0	0.0	0.0019383006415194647	0.0	0.0	0.0019521630705842993	0.0	0.0003950024168324969	0.0	0.0004471671754966394	0.001859126520607934	0.0	0.0003529360521217257	0.00031651870095850886	0.0	0.0	0.0	0.0	0.0002364607346125225	0.0	0.0	0.0
G	0.0	0.0	0.0	0.0	0.0	0.0	0.0	0.0	0.0	0.0	0.0006159982539523463	0.0005657445461967935	0.0	0.0	0.0	0.0	0.0	0.0006884201365662231	0.0007547072227381121	0.0	0.0009539128380878774	0.0008821518772142904	0.0	0.0016670486625950762	0.0022642147375912043	0.0	0.0	0.0	0.002123322658599271	0.001339207815781655	0.0019383006415194647	0.0006469103327611745	0.0009076144897698585	0.0004880407676460748	0.000444635246998782	0.0011850072504974907	0.0007609668705054019	0.0004471671754966394	0.0	0.0002952523210135819	0.0003529360521217257	0.0	0.000782015506043894	0.0006470799939168631	0.0	0.0	0.0	0.0	0.00021587210648502816	0.0007363839919597602
H	0.0	0.0	0.0	0.0	0.0005905034094849219	0.0	0.00048396084967452396	0.0	0.0	0.0	0.0	0.0	0.0	0.0	0.0	0.0	0.0	0.0	0.0	0.0	0.0	0.0	0.0	0.0	0.0	0.0	0.0	0.0	0.0	0.0	0.0	0.0	0.0	0.0004880407676460748	0.0	0.0	0.0	0.0	0.0	0.0	0.0	0.0	0.0	0.0	0.0	0.0	0.0	0.0	0.0	0.0
I	0.0	0.0	0.0	0.0005612219912976423	0.0011810068189698438	0.0005953836309881519	0.00048396084967452396	0.0	0.0	0.0	0.0012319965079046927	0.001131489092393587	0.0005718747667202706	0.0013871465387492424	0.0006826924056798312	0.0	0.0008026470101636334	0.0	0.0022641216682143363	0.0	0.0	0.0017643037544285809	0.0008014579015193623	0.0	0.0	0.0	0.0006826672440221429	0.0006495232614321334	0.0	0.0	0.0	0.0006469103327611745	0.0	0.0	0.000889270493997564	0.0003950024168324969	0.0	0.0	0.0	0.0	0.0003529360521217257	0.0006330374019170177	0.000391007753021947	0.0	0.0	0.0	0.0002364607346125225	0.0	0.00021587210648502816	0.0
K	0.0	0.0033178482168889885	0.0005389759170790988	0.0	0.0	0.0	0.00048396084967452396	0.0005610688644672945	0.0	0.0	0.0	0.0	0.0005718747667202706	0.0	0.0	0.0	0.0	0.0	0.0	0.0	0.0009539128380878774	0.0008821518772142904	0.0	0.0008335243312975381	0.0	0.0	0.0	0.0	0.0	0.0006696039078908275	0.0	0.0	0.0	0.0	0.000444635246998782	0.0003950024168324969	0.0	0.0004471671754966394	0.0004647816301519835	0.0005905046420271638	0.0003529360521217257	0.0	0.0	0.0	0.000431941893230446	0.0003689955627264409	0.0	0.0	0.0	0.0004909226613065068
L	0.0	0.0	0.0016169277512372965	0.0005612219912976423	0.0	0.0029769181549407597	0.0	0.0016832065934018834	0.0016076707773120366	0.0035730215515638705	0.001847994761857039	0.003394467277180761	0.0005718747667202706	0.002774293077498485	0.003413462028399156	0.004571472652690025	0.0016052940203272667	0.0020652604096986693	0.0007547072227381121	0.0025604153669601367	0.004769564190439387	0.0	0.0008014579015193623	0.0008335243312975381	0.0	0.0014433806763649174	0.0	0.0	0.0	0.0	0.0006461002138398215	0.0	0.0	0.0	0.0013339057409963461	0.0003950024168324969	0.0	0.0004471671754966394	0.0	0.0	0.0003529360521217257	0.0	0.0	0.0003235399969584316	0.000863883786460892	0.0011069866881793227	0.0007093822038375675	0.0	0.00021587210648502816	0.0002454613306532534
M	0.01032661106009622	0.0	0.0	0.0005612219912976423	0.0	0.0005953836309881519	0.0	0.0	0.0	0.0	0.0	0.0	0.0	0.0	0.0	0.0	0.0008026470101636334	0.0	0.0	0.0017069435779734244	0.0	0.0	0.0	0.0	0.0	0.0	0.0006826672440221429	0.0	0.0	0.0	0.0	0.0	0.0	0.0	0.0	0.0	0.0	0.0	0.0	0.0	0.0	0.0	0.0	0.0	0.0	0.0	0.0	0.0	0.0	0.0
N	0.0	0.0	0.0005389759170790988	0.0	0.0	0.0	0.00048396084967452396	0.0	0.0	0.0	0.0	0.0	0.0005718747667202706	0.0	0.0	0.0	0.0	0.0	0.0	0.0	0.0	0.0008821518772142904	0.0008014579015193623	0.0	0.0	0.0	0.0013653344880442857	0.0006495232614321334	0.0014155484390661805	0.0006696039078908275	0.0006461002138398215	0.0006469103327611745	0.0009076144897698585	0.0	0.000444635246998782	0.0003950024168324969	0.00038048343525270094	0.0	0.0	0.0002952523210135819	0.0003529360521217257	0.0006330374019170177	0.0	0.0003235399969584316	0.000431941893230446	0.0	0.0002364607346125225	0.0009158177024314457	0.0004317442129700563	0.0002454613306532534
P	0.0	0.0	0.0	0.0005612219912976423	0.0005905034094849219	0.0	0.0	0.0005610688644672945	0.0	0.0	0.0	0.0	0.0	0.0	0.0	0.0	0.0	0.0006884201365662231	0.0	0.0	0.0009539128380878774	0.0008821518772142904	0.0	0.0	0.0	0.0	0.0020480017320664286	0.0006495232614321334	0.0007077742195330903	0.0006696039078908275	0.0	0.0006469103327611745	0.0	0.0004880407676460748	0.0	0.0003950024168324969	0.00038048343525270094	0.0	0.0004647816301519835	0.0005905046420271638	0.0003529360521217257	0.00031651870095850886	0.001173023259065841	0.0003235399969584316	0.000863883786460892	0.0003689955627264409	0.0	0.0009158177024314457	0.0	0.0
Q	0.0	0.0	0.0	0.0	0.0	0.0	0.0	0.0	0.0	0.0	0.0	0.0	0.0	0.0	0.0006826924056798312	0.0	0.0	0.0	0.0	0.0	0.0	0.0	0.0	0.0008335243312975381	0.0	0.0007216903381824587	0.0006826672440221429	0.0006495232614321334	0.0	0.0006696039078908275	0.0006461002138398215	0.0	0.0	0.0004880407676460748	0.0	0.0	0.0	0.0004471671754966394	0.000929563260303967	0.0002952523210135819	0.0003529360521217257	0.0	0.0	0.0003235399969584316	0.0	0.0	0.0	0.00030527256747714854	0.0	0.0002454613306532534
R	0.0	0.0	0.0005389759170790988	0.0005612219912976423	0.0017715102284547658	0.0011907672619763038	0.0	0.0	0.0	0.0005955035919273118	0.0006159982539523463	0.0005657445461967935	0.0	0.0	0.0	0.0	0.0	0.0	0.0	0.0	0.0	0.0	0.0	0.0	0.0007547382458637347	0.0	0.0006826672440221429	0.0	0.0	0.0006696039078908275	0.0006461002138398215	0.0	0.00045380724488492926	0.0	0.0	0.0	0.0	0.0004471671754966394	0.0004647816301519835	0.0	0.0	0.0	0.000391007753021947	0.0003235399969584316	0.0	0.0007379911254528818	0.0002364607346125225	0.0	0.0004317442129700563	0.0
S	0.0	0.0008294620542222471	0.0	0.0011224439825952845	0.0005905034094849219	0.0005953836309881519	0.00048396084967452396	0.001122137728934589	0.0	0.0005955035919273118	0.0006159982539523463	0.0	0.0	0.0	0.0020480772170394937	0.0015238242175633417	0.0016052940203272667	0.0006884201365662231	0.0015094144454762242	0.0008534717889867122	0.0	0.0008821518772142904	0.0016029158030387246	0.0025005729938926144	0.0022642147375912043	0.0036084516909122935	0.0006826672440221429	0.0006495232614321334	0.0	0.0006696039078908275	0.0006461002138398215	0.001293820665522349	0.0009076144897698585	0.0009760815352921496	0.000444635246998782	0.0	0.0011414503057581029	0.0004471671754966394	0.000929563260303967	0.0005905046420271638	0.0003529360521217257	0.0	0.001173023259065841	0.0003235399969584316	0.001295825679691338	0.0003689955627264409	0.0	0.00030527256747714854	0.00021587210648502816	0.0
T	0.0	0.0	0.0005389759170790988	0.0	0.0005905034094849219	0.0	0.0009679216993490479	0.0	0.0005358902591040121	0.0	0.0	0.0	0.0	0.0	0.0	0.0	0.0	0.0006884201365662231	0.0	0.0017069435779734244	0.0009539128380878774	0.0017643037544285809	0.0008014579015193623	0.0008335243312975381	0.0007547382458637347	0.0007216903381824587	0.0	0.0006495232614321334	0.0007077742195330903	0.001339207815781655	0.0006461002138398215	0.0006469103327611745	0.00045380724488492926	0.0009760815352921496	0.0	0.0003950024168324969	0.0011414503057581029	0.0008943343509932788	0.0	0.0	0.0003529360521217257	0.0	0.0	0.0003235399969584316	0.000431941893230446	0.0003689955627264409	0.0002364607346125225	0.00030527256747714854	0.0	0.0
V	0.0	0.0	0.0005389759170790988	0.0011224439825952845	0.0	0.0005953836309881519	0.0	0.0005610688644672945	0.0005358902591040121	0.0005955035919273118	0.001847994761857039	0.0	0.0005718747667202706	0.002774293077498485	0.0	0.0	0.0008026470101636334	0.0006884201365662231	0.0015094144454762242	0.0017069435779734244	0.0	0.0	0.0016029158030387246	0.0	0.0	0.0	0.0	0.0006495232614321334	0.0	0.0	0.0	0.001293820665522349	0.0	0.0004880407676460748	0.0	0.0	0.00038048343525270094	0.0	0.0	0.0002952523210135819	0.0	0.0	0.0	0.0006470799939168631	0.0	0.0003689955627264409	0.0	0.00030527256747714854	0.0	0.0
W	0.0	0.0	0.0	0.0	0.0	0.0	0.0	0.0	0.0005358902591040121	0.0	0.0	0.0	0.0	0.0	0.0	0.0	0.0	0.0	0.0007547072227381121	0.0	0.0	0.0	0.0	0.0	0.0	0.0	0.0	0.0	0.0007077742195330903	0.0	0.0	0.0	0.00045380724488492926	0.0	0.0	0.0	0.00038048343525270094	0.0004471671754966394	0.0	0.0	0.0	0.00031651870095850886	0.0	0.0	0.0	0.0	0.0002364607346125225	0.0	0.0004317442129700563	0.0
Y	0.0	0.0	0.0005389759170790988	0.0	0.0	0.0	0.00048396084967452396	0.0	0.0	0.0	0.0	0.0	0.0	0.0	0.0	0.0007619121087816709	0.0	0.0	0.0	0.0	0.0	0.0008821518772142904	0.0	0.0	0.0	0.0	0.0	0.0006495232614321334	0.0	0.0	0.0	0.001293820665522349	0.0	0.0	0.0	0.0	0.0	0.0	0.0004647816301519835	0.0	0.0007058721042434514	0.0	0.0	0.0003235399969584316	0.0	0.0003689955627264409	0.0002364607346125225	0.00030527256747714854	0.0	0.0002454613306532534
