0.9812787161182526
1.452546226800241
1.1775628466158856
0.6510996779843677
1.262891075164374
0.9977284948127345
0.8793991936601556
0.7547023276354903
0.8113939113603995
0.9026042115391306
0.8288013931065809
1.1343509930072047
1.4561301762899759
0.8429141381603776
1.2628040014040083
1.1844217963769716
1.1996420293265404
0.9520727485665695
1.3887683724360584
1.3020875594561356
1.01589064942284
0.7651652109672973
1.2264322152825966
0.9908382370061145
1.518651667531641
1.301512664991726
1.7830768839875049
1.1784756326313124
1.758250242716115
1.368522279940763
1.0348725684412121
1.1595554426068424
0.840457440907097
1.2663984458127844
0.8590091912354105
0.8439892707010103
0.8601225035320981
0.857904354546498
0.9989007235267557
0.9218911549152633
0.7965163772450227
0.7537933865654393
1.1557289260486756
1.076843711102827
0.7710188449140329
1.1628111797995533
1.047785375374302
1.0457760489087167
0.7815677707533369
1.1891543137609923
