0.5546468705633035
0.8751027103482885
0.6601625276703128
0.7504562246208447
0.8470322298397328
0.9135537754779116
0.7842584317329925
0.9593746747744838
0.9566783496320886
1.108073454921007
1.1896131976325046
1.122080566386636
1.1860019528477859
1.4776211172517095
1.5002651156361717
1.7220528682485012
1.8714827057435797
1.6622179408306594
1.8717266190117723
2.164649325401607
2.509726352207721
2.360899506112205
2.149928547907167
2.2984975637622216
2.143299400871175
2.1006524839321594
2.0284015392122057
1.9541573244484047
2.1665183024971495
2.079543419227859
2.0443434449908553
2.0788522120552346
1.4644937839834973
1.6210289588927331
1.498156644396516
1.3460485282699346
1.307865768660975
1.5577040005459077
1.6429621491730784
1.0508452996196889
1.2715080206810687
1.1401401610462152
1.448020827146983
1.2084055735643207
1.6238437332377396
1.397868693438127
0.8818287361758806
1.1781248283474322
0.8368765121576841
0.9451768949257034
